query_id,precision@1,recall@1,max_precision@1,max_recall@1,hits@1,mrr@1,ap@1,precision@5,recall@5,max_precision@5,max_recall@5,hits@5,mrr@5,ap@5,precision@10,recall@10,max_precision@10,max_recall@10,hits@10,mrr@10,ap@10,precision@15,recall@15,max_precision@15,max_recall@15,hits@15,mrr@15,ap@15,precision@20,recall@20,max_precision@20,max_recall@20,hits@20,mrr@20,ap@20,precision@25,recall@25,max_precision@25,max_recall@25,hits@25,mrr@25,ap@25,precision@30,recall@30,max_precision@30,max_recall@30,hits@30,mrr@30,ap@30,precision@35,recall@35,max_precision@35,max_recall@35,hits@35,mrr@35,ap@35,precision@40,recall@40,max_precision@40,max_recall@40,hits@40,mrr@40,ap@40,precision@45,recall@45,max_precision@45,max_recall@45,hits@45,mrr@45,ap@45,precision@50,recall@50,max_precision@50,max_recall@50,hits@50,mrr@50,ap@50,ckpt_name,dataset,num_views
agency_spending_noisy_0.pq::AGENCY CODE,0.0,0.0,1.0,0.5,0.0,0.0,0.0,0.4,1.0,0.4,1.0,1.0,0.5,0.5833333333333333,0.2,1.0,0.2,1.0,1.0,0.5,0.5833333333333333,0.13333333333333333,1.0,0.13333333333333333,1.0,1.0,0.5,0.5833333333333333,0.1,1.0,0.1,1.0,1.0,0.5,0.5833333333333333,0.08,1.0,0.08,1.0,1.0,0.5,0.5833333333333333,0.06666666666666667,1.0,0.06666666666666667,1.0,1.0,0.5,0.5833333333333333,0.05714285714285714,1.0,0.05714285714285714,1.0,1.0,0.5,0.5833333333333333,0.05,1.0,0.05,1.0,1.0,0.5,0.5833333333333333,0.044444444444444446,1.0,0.044444444444444446,1.0,1.0,0.5,0.5833333333333333,0.04,1.0,0.04,1.0,1.0,0.5,0.5833333333333333,webtable-la2m_default-v=7-distilroberta-dj_adpt~kalm_instruct_v2_5-dj_adpt,omnimatch_city_test,7
agency_spending_noisy_0.pq::AGENCY NAME,0.0,0.0,1.0,0.5,0.0,0.0,0.0,0.0,0.0,0.4,1.0,0.0,0.0,0.0,0.0,0.0,0.2,1.0,0.0,0.0,0.0,0.0,0.0,0.13333333333333333,1.0,0.0,0.0,0.0,0.0,0.0,0.1,1.0,0.0,0.0,0.0,0.0,0.0,0.08,1.0,0.0,0.0,0.0,0.0,0.0,0.06666666666666667,1.0,0.0,0.0,0.0,0.0,0.0,0.05714285714285714,1.0,0.0,0.0,0.0,0.0,0.0,0.05,1.0,0.0,0.0,0.0,0.0,0.0,0.044444444444444446,1.0,0.0,0.0,0.0,0.0,0.0,0.04,1.0,0.0,0.0,0.0,webtable-la2m_default-v=7-distilroberta-dj_adpt~kalm_instruct_v2_5-dj_adpt,omnimatch_city_test,7
agency_spending_noisy_0.pq::BUDGET FUNCTION,0.0,0.0,1.0,0.3333333333333333,0.0,0.0,0.0,0.0,0.0,0.6,1.0,0.0,0.0,0.0,0.0,0.0,0.3,1.0,0.0,0.0,0.0,0.0,0.0,0.2,1.0,0.0,0.0,0.0,0.05,0.3333333333333333,0.15,1.0,1.0,0.05,0.016666666666666666,0.12,1.0,0.12,1.0,1.0,0.05,0.09044795783926218,0.1,1.0,0.1,1.0,1.0,0.05,0.09044795783926218,0.08571428571428572,1.0,0.08571428571428572,1.0,1.0,0.05,0.09044795783926218,0.075,1.0,0.075,1.0,1.0,0.05,0.09044795783926218,0.06666666666666667,1.0,0.06666666666666667,1.0,1.0,0.05,0.09044795783926218,0.06,1.0,0.06,1.0,1.0,0.05,0.09044795783926218,webtable-la2m_default-v=7-distilroberta-dj_adpt~kalm_instruct_v2_5-dj_adpt,omnimatch_city_test,7
agency_spending_noisy_0.pq::PUBLICATION DATE,0.0,0.0,1.0,0.5,0.0,0.0,0.0,0.0,0.0,0.4,1.0,0.0,0.0,0.0,0.2,1.0,0.2,1.0,1.0,0.14285714285714285,0.18253968253968253,0.13333333333333333,1.0,0.13333333333333333,1.0,1.0,0.14285714285714285,0.18253968253968253,0.1,1.0,0.1,1.0,1.0,0.14285714285714285,0.18253968253968253,0.08,1.0,0.08,1.0,1.0,0.14285714285714285,0.18253968253968253,0.06666666666666667,1.0,0.06666666666666667,1.0,1.0,0.14285714285714285,0.18253968253968253,0.05714285714285714,1.0,0.05714285714285714,1.0,1.0,0.14285714285714285,0.18253968253968253,0.05,1.0,0.05,1.0,1.0,0.14285714285714285,0.18253968253968253,0.044444444444444446,1.0,0.044444444444444446,1.0,1.0,0.14285714285714285,0.18253968253968253,0.04,1.0,0.04,1.0,1.0,0.14285714285714285,0.18253968253968253,webtable-la2m_default-v=7-distilroberta-dj_adpt~kalm_instruct_v2_5-dj_adpt,omnimatch_city_test,7
agency_spending_noisy_1.pq::BUDGET FUNCTION DESCRIPTION,0.0,0.0,1.0,0.25,0.0,0.0,0.0,0.0,0.0,0.8,1.0,0.0,0.0,0.0,0.0,0.0,0.4,1.0,0.0,0.0,0.0,0.0,0.0,0.26666666666666666,1.0,0.0,0.0,0.0,0.0,0.0,0.2,1.0,0.0,0.0,0.0,0.0,0.0,0.16,1.0,0.0,0.0,0.0,0.0,0.0,0.13333333333333333,1.0,0.0,0.0,0.0,0.0,0.0,0.11428571428571428,1.0,0.0,0.0,0.0,0.0,0.0,0.1,1.0,0.0,0.0,0.0,0.0,0.0,0.08888888888888889,1.0,0.0,0.0,0.0,0.0,0.0,0.08,1.0,0.0,0.0,0.0,webtable-la2m_default-v=7-distilroberta-dj_adpt~kalm_instruct_v2_5-dj_adpt,omnimatch_city_test,7
agency_spending_noisy_1.pq::ROW ID,0.0,0.0,1.0,0.25,0.0,0.0,0.0,0.0,0.0,0.8,1.0,0.0,0.0,0.0,0.0,0.0,0.4,1.0,0.0,0.0,0.0,0.0,0.0,0.26666666666666666,1.0,0.0,0.0,0.0,0.0,0.0,0.2,1.0,0.0,0.0,0.0,0.0,0.0,0.16,1.0,0.0,0.0,0.0,0.0,0.0,0.13333333333333333,1.0,0.0,0.0,0.0,0.0,0.0,0.11428571428571428,1.0,0.0,0.0,0.0,0.0,0.0,0.1,1.0,0.0,0.0,0.0,0.0,0.0,0.08888888888888889,1.0,0.0,0.0,0.0,0.0,0.0,0.08,1.0,0.0,0.0,0.0,webtable-la2m_default-v=7-distilroberta-dj_adpt~kalm_instruct_v2_5-dj_adpt,omnimatch_city_test,7
agency_spending_noisy_1.pq::SPENDING TYPE,0.0,0.0,1.0,0.25,0.0,0.0,0.0,0.0,0.0,0.8,1.0,0.0,0.0,0.0,0.0,0.0,0.4,1.0,0.0,0.0,0.0,0.0,0.0,0.26666666666666666,1.0,0.0,0.0,0.0,0.0,0.0,0.2,1.0,0.0,0.0,0.0,0.0,0.0,0.16,1.0,0.0,0.0,0.0,0.0,0.0,0.13333333333333333,1.0,0.0,0.0,0.0,0.0,0.0,0.11428571428571428,1.0,0.0,0.0,0.0,0.0,0.0,0.1,1.0,0.0,0.0,0.0,0.0,0.0,0.08888888888888889,1.0,0.0,0.0,0.0,0.0,0.0,0.08,1.0,0.0,0.0,0.0,webtable-la2m_default-v=7-distilroberta-dj_adpt~kalm_instruct_v2_5-dj_adpt,omnimatch_city_test,7
agency_spending_noisy_1.pq::SPENDING TYPE DESCRIPTION,0.0,0.0,1.0,0.25,0.0,0.0,0.0,0.0,0.0,0.8,1.0,0.0,0.0,0.0,0.0,0.0,0.4,1.0,0.0,0.0,0.0,0.0,0.0,0.26666666666666666,1.0,0.0,0.0,0.0,0.0,0.0,0.2,1.0,0.0,0.0,0.0,0.0,0.0,0.16,1.0,0.0,0.0,0.0,0.0,0.0,0.13333333333333333,1.0,0.0,0.0,0.0,0.0,0.0,0.11428571428571428,1.0,0.0,0.0,0.0,0.0,0.0,0.1,1.0,0.0,0.0,0.0,0.0,0.0,0.08888888888888889,1.0,0.0,0.0,0.0,0.0,0.0,0.08,1.0,0.0,0.0,0.0,webtable-la2m_default-v=7-distilroberta-dj_adpt~kalm_instruct_v2_5-dj_adpt,omnimatch_city_test,7
agency_spending_noisy_2.pq::BUDGET FUNCTION,0.0,0.0,1.0,1.0,0.0,0.0,0.0,0.0,0.0,0.2,1.0,0.0,0.0,0.0,0.0,0.0,0.1,1.0,0.0,0.0,0.0,0.0,0.0,0.06666666666666667,1.0,0.0,0.0,0.0,0.0,0.0,0.05,1.0,0.0,0.0,0.0,0.0,0.0,0.04,1.0,0.0,0.0,0.0,0.0,0.0,0.03333333333333333,1.0,0.0,0.0,0.0,0.0,0.0,0.02857142857142857,1.0,0.0,0.0,0.0,0.0,0.0,0.025,1.0,0.0,0.0,0.0,0.022222222222222223,1.0,0.022222222222222223,1.0,1.0,0.023255813953488372,0.023255813953488372,0.02,1.0,0.02,1.0,1.0,0.023255813953488372,0.023255813953488372,webtable-la2m_default-v=7-distilroberta-dj_adpt~kalm_instruct_v2_5-dj_adpt,omnimatch_city_test,7
agency_spending_noisy_3.pq::BUDGET FUNCTION DESCRIPTION,0.0,0.0,1.0,0.5,0.0,0.0,0.0,0.0,0.0,0.4,1.0,0.0,0.0,0.0,0.0,0.0,0.2,1.0,0.0,0.0,0.0,0.0,0.0,0.13333333333333333,1.0,0.0,0.0,0.0,0.0,0.0,0.1,1.0,0.0,0.0,0.0,0.0,0.0,0.08,1.0,0.0,0.0,0.0,0.0,0.0,0.06666666666666667,1.0,0.0,0.0,0.0,0.0,0.0,0.05714285714285714,1.0,0.0,0.0,0.0,0.0,0.0,0.05,1.0,0.0,0.0,0.0,0.0,0.0,0.044444444444444446,1.0,0.0,0.0,0.0,0.0,0.0,0.04,1.0,0.0,0.0,0.0,webtable-la2m_default-v=7-distilroberta-dj_adpt~kalm_instruct_v2_5-dj_adpt,omnimatch_city_test,7
agency_spending_noisy_3.pq::ROW ID,0.0,0.0,1.0,0.5,0.0,0.0,0.0,0.0,0.0,0.4,1.0,0.0,0.0,0.0,0.0,0.0,0.2,1.0,0.0,0.0,0.0,0.0,0.0,0.13333333333333333,1.0,0.0,0.0,0.0,0.0,0.0,0.1,1.0,0.0,0.0,0.0,0.0,0.0,0.08,1.0,0.0,0.0,0.0,0.0,0.0,0.06666666666666667,1.0,0.0,0.0,0.0,0.0,0.0,0.05714285714285714,1.0,0.0,0.0,0.0,0.0,0.0,0.05,1.0,0.0,0.0,0.0,0.0,0.0,0.044444444444444446,1.0,0.0,0.0,0.0,0.0,0.0,0.04,1.0,0.0,0.0,0.0,webtable-la2m_default-v=7-distilroberta-dj_adpt~kalm_instruct_v2_5-dj_adpt,omnimatch_city_test,7
agency_spending_noisy_3.pq::SPENDING TYPE,0.0,0.0,1.0,0.5,0.0,0.0,0.0,0.0,0.0,0.4,1.0,0.0,0.0,0.0,0.1,0.5,0.2,1.0,1.0,0.1111111111111111,0.05555555555555555,0.13333333333333333,1.0,0.13333333333333333,1.0,1.0,0.1111111111111111,0.14646464646464646,0.1,1.0,0.1,1.0,1.0,0.1111111111111111,0.14646464646464646,0.08,1.0,0.08,1.0,1.0,0.1111111111111111,0.14646464646464646,0.06666666666666667,1.0,0.06666666666666667,1.0,1.0,0.1111111111111111,0.14646464646464646,0.05714285714285714,1.0,0.05714285714285714,1.0,1.0,0.1111111111111111,0.14646464646464646,0.05,1.0,0.05,1.0,1.0,0.1111111111111111,0.14646464646464646,0.044444444444444446,1.0,0.044444444444444446,1.0,1.0,0.1111111111111111,0.14646464646464646,0.04,1.0,0.04,1.0,1.0,0.1111111111111111,0.14646464646464646,webtable-la2m_default-v=7-distilroberta-dj_adpt~kalm_instruct_v2_5-dj_adpt,omnimatch_city_test,7
agency_spending_noisy_3.pq::SPENDING TYPE DESCRIPTION,0.0,0.0,1.0,0.5,0.0,0.0,0.0,0.0,0.0,0.4,1.0,0.0,0.0,0.0,0.0,0.0,0.2,1.0,0.0,0.0,0.0,0.06666666666666667,0.5,0.13333333333333333,1.0,1.0,0.07142857142857142,0.03571428571428571,0.05,0.5,0.1,1.0,1.0,0.07142857142857142,0.03571428571428571,0.04,0.5,0.08,1.0,1.0,0.07142857142857142,0.03571428571428571,0.03333333333333333,0.5,0.06666666666666667,1.0,1.0,0.07142857142857142,0.03571428571428571,0.02857142857142857,0.5,0.05714285714285714,1.0,1.0,0.07142857142857142,0.03571428571428571,0.025,0.5,0.05,1.0,1.0,0.07142857142857142,0.03571428571428571,0.022222222222222223,0.5,0.044444444444444446,1.0,1.0,0.07142857142857142,0.03571428571428571,0.04,1.0,0.04,1.0,1.0,0.07142857142857142,0.05612244897959183,webtable-la2m_default-v=7-distilroberta-dj_adpt~kalm_instruct_v2_5-dj_adpt,omnimatch_city_test,7
agency_spending_noisy_4.pq::AGENCY CODE,0.0,0.0,1.0,0.25,0.0,0.0,0.0,0.0,0.0,0.8,1.0,0.0,0.0,0.0,0.0,0.0,0.4,1.0,0.0,0.0,0.0,0.0,0.0,0.26666666666666666,1.0,0.0,0.0,0.0,0.0,0.0,0.2,1.0,0.0,0.0,0.0,0.0,0.0,0.16,1.0,0.0,0.0,0.0,0.0,0.0,0.13333333333333333,1.0,0.0,0.0,0.0,0.0,0.0,0.11428571428571428,1.0,0.0,0.0,0.0,0.0,0.0,0.1,1.0,0.0,0.0,0.0,0.0,0.0,0.08888888888888889,1.0,0.0,0.0,0.0,0.0,0.0,0.08,1.0,0.0,0.0,0.0,webtable-la2m_default-v=7-distilroberta-dj_adpt~kalm_instruct_v2_5-dj_adpt,omnimatch_city_test,7
agency_spending_noisy_4.pq::AGENCY NAME,0.0,0.0,1.0,0.25,0.0,0.0,0.0,0.0,0.0,0.8,1.0,0.0,0.0,0.0,0.0,0.0,0.4,1.0,0.0,0.0,0.0,0.0,0.0,0.26666666666666666,1.0,0.0,0.0,0.0,0.0,0.0,0.2,1.0,0.0,0.0,0.0,0.0,0.0,0.16,1.0,0.0,0.0,0.0,0.0,0.0,0.13333333333333333,1.0,0.0,0.0,0.0,0.0,0.0,0.11428571428571428,1.0,0.0,0.0,0.0,0.0,0.0,0.1,1.0,0.0,0.0,0.0,0.0,0.0,0.08888888888888889,1.0,0.0,0.0,0.0,0.0,0.0,0.08,1.0,0.0,0.0,0.0,webtable-la2m_default-v=7-distilroberta-dj_adpt~kalm_instruct_v2_5-dj_adpt,omnimatch_city_test,7
agency_spending_noisy_4.pq::BUDGET FUNCTION DESCRIPTION,1.0,0.2,1.0,0.2,1.0,1.0,0.2,0.8,0.8,1.0,1.0,1.0,1.0,0.8,0.5,1.0,0.5,1.0,1.0,1.0,0.9111111111111111,0.3333333333333333,1.0,0.3333333333333333,1.0,1.0,1.0,0.9111111111111111,0.25,1.0,0.25,1.0,1.0,1.0,0.9111111111111111,0.2,1.0,0.2,1.0,1.0,1.0,0.9111111111111111,0.16666666666666666,1.0,0.16666666666666666,1.0,1.0,1.0,0.9111111111111111,0.14285714285714285,1.0,0.14285714285714285,1.0,1.0,1.0,0.9111111111111111,0.125,1.0,0.125,1.0,1.0,1.0,0.9111111111111111,0.1111111111111111,1.0,0.1111111111111111,1.0,1.0,1.0,0.9111111111111111,0.1,1.0,0.1,1.0,1.0,1.0,0.9111111111111111,webtable-la2m_default-v=7-distilroberta-dj_adpt~kalm_instruct_v2_5-dj_adpt,omnimatch_city_test,7
agency_spending_noisy_4.pq::PUBLICATION DATE,0.0,0.0,1.0,0.25,0.0,0.0,0.0,0.0,0.0,0.8,1.0,0.0,0.0,0.0,0.4,1.0,0.4,1.0,1.0,0.16666666666666666,0.3179563492063492,0.26666666666666666,1.0,0.26666666666666666,1.0,1.0,0.16666666666666666,0.3179563492063492,0.2,1.0,0.2,1.0,1.0,0.16666666666666666,0.3179563492063492,0.16,1.0,0.16,1.0,1.0,0.16666666666666666,0.3179563492063492,0.13333333333333333,1.0,0.13333333333333333,1.0,1.0,0.16666666666666666,0.3179563492063492,0.11428571428571428,1.0,0.11428571428571428,1.0,1.0,0.16666666666666666,0.3179563492063492,0.1,1.0,0.1,1.0,1.0,0.16666666666666666,0.3179563492063492,0.08888888888888889,1.0,0.08888888888888889,1.0,1.0,0.16666666666666666,0.3179563492063492,0.08,1.0,0.08,1.0,1.0,0.16666666666666666,0.3179563492063492,webtable-la2m_default-v=7-distilroberta-dj_adpt~kalm_instruct_v2_5-dj_adpt,omnimatch_city_test,7
agency_spending_noisy_4.pq::SPENDING TYPE DESCRIPTION,0.0,0.0,1.0,0.2,0.0,0.0,0.0,0.0,0.0,1.0,1.0,0.0,0.0,0.0,0.0,0.0,0.5,1.0,0.0,0.0,0.0,0.0,0.0,0.3333333333333333,1.0,0.0,0.0,0.0,0.0,0.0,0.25,1.0,0.0,0.0,0.0,0.0,0.0,0.2,1.0,0.0,0.0,0.0,0.0,0.0,0.16666666666666666,1.0,0.0,0.0,0.0,0.0,0.0,0.14285714285714285,1.0,0.0,0.0,0.0,0.0,0.0,0.125,1.0,0.0,0.0,0.0,0.0,0.0,0.1111111111111111,1.0,0.0,0.0,0.0,0.0,0.0,0.1,1.0,0.0,0.0,0.0,webtable-la2m_default-v=7-distilroberta-dj_adpt~kalm_instruct_v2_5-dj_adpt,omnimatch_city_test,7
agency_spending_noisy_6.pq::AGENCY CODE,0.0,0.0,1.0,0.3333333333333333,0.0,0.0,0.0,0.0,0.0,0.6,1.0,0.0,0.0,0.0,0.0,0.0,0.3,1.0,0.0,0.0,0.0,0.0,0.0,0.2,1.0,0.0,0.0,0.0,0.0,0.0,0.15,1.0,0.0,0.0,0.0,0.0,0.0,0.12,1.0,0.0,0.0,0.0,0.0,0.0,0.1,1.0,0.0,0.0,0.0,0.0,0.0,0.08571428571428572,1.0,0.0,0.0,0.0,0.0,0.0,0.075,1.0,0.0,0.0,0.0,0.0,0.0,0.06666666666666667,1.0,0.0,0.0,0.0,0.0,0.0,0.06,1.0,0.0,0.0,0.0,webtable-la2m_default-v=7-distilroberta-dj_adpt~kalm_instruct_v2_5-dj_adpt,omnimatch_city_test,7
agency_spending_noisy_6.pq::AGENCY NAME,0.0,0.0,1.0,0.3333333333333333,0.0,0.0,0.0,0.0,0.0,0.6,1.0,0.0,0.0,0.0,0.0,0.0,0.3,1.0,0.0,0.0,0.0,0.0,0.0,0.2,1.0,0.0,0.0,0.0,0.15,1.0,0.15,1.0,1.0,0.058823529411764705,0.10927645912166035,0.12,1.0,0.12,1.0,1.0,0.058823529411764705,0.10927645912166035,0.1,1.0,0.1,1.0,1.0,0.058823529411764705,0.10927645912166035,0.08571428571428572,1.0,0.08571428571428572,1.0,1.0,0.058823529411764705,0.10927645912166035,0.075,1.0,0.075,1.0,1.0,0.058823529411764705,0.10927645912166035,0.06666666666666667,1.0,0.06666666666666667,1.0,1.0,0.058823529411764705,0.10927645912166035,0.06,1.0,0.06,1.0,1.0,0.058823529411764705,0.10927645912166035,webtable-la2m_default-v=7-distilroberta-dj_adpt~kalm_instruct_v2_5-dj_adpt,omnimatch_city_test,7
agency_spending_noisy_6.pq::BUDGET FUNCTION,0.0,0.0,1.0,0.25,0.0,0.0,0.0,0.0,0.0,0.8,1.0,0.0,0.0,0.0,0.0,0.0,0.4,1.0,0.0,0.0,0.0,0.0,0.0,0.26666666666666666,1.0,0.0,0.0,0.0,0.0,0.0,0.2,1.0,0.0,0.0,0.0,0.0,0.0,0.16,1.0,0.0,0.0,0.0,0.0,0.0,0.13333333333333333,1.0,0.0,0.0,0.0,0.0,0.0,0.11428571428571428,1.0,0.0,0.0,0.0,0.0,0.0,0.1,1.0,0.0,0.0,0.0,0.0,0.0,0.08888888888888889,1.0,0.0,0.0,0.0,0.0,0.0,0.08,1.0,0.0,0.0,0.0,webtable-la2m_default-v=7-distilroberta-dj_adpt~kalm_instruct_v2_5-dj_adpt,omnimatch_city_test,7
agency_spending_noisy_6.pq::PUBLICATION DATE,0.0,0.0,1.0,0.3333333333333333,0.0,0.0,0.0,0.0,0.0,0.6,1.0,0.0,0.0,0.0,0.0,0.0,0.3,1.0,0.0,0.0,0.0,0.0,0.0,0.2,1.0,0.0,0.0,0.0,0.0,0.0,0.15,1.0,0.0,0.0,0.0,0.08,0.6666666666666666,0.12,1.0,1.0,0.045454545454545456,0.04413702239789197,0.06666666666666667,0.6666666666666666,0.1,1.0,1.0,0.045454545454545456,0.04413702239789197,0.05714285714285714,0.6666666666666666,0.08571428571428572,1.0,1.0,0.045454545454545456,0.04413702239789197,0.05,0.6666666666666666,0.075,1.0,1.0,0.045454545454545456,0.04413702239789197,0.06666666666666667,1.0,0.06666666666666667,1.0,1.0,0.045454545454545456,0.06635924462011418,0.06,1.0,0.06,1.0,1.0,0.045454545454545456,0.06635924462011418,webtable-la2m_default-v=7-distilroberta-dj_adpt~kalm_instruct_v2_5-dj_adpt,omnimatch_city_test,7
agency_spending_noisy_7.pq::BUDGET FUNCTION DESCRIPTION,0.0,0.0,1.0,1.0,0.0,0.0,0.0,0.0,0.0,0.2,1.0,0.0,0.0,0.0,0.0,0.0,0.1,1.0,0.0,0.0,0.0,0.0,0.0,0.06666666666666667,1.0,0.0,0.0,0.0,0.0,0.0,0.05,1.0,0.0,0.0,0.0,0.0,0.0,0.04,1.0,0.0,0.0,0.0,0.0,0.0,0.03333333333333333,1.0,0.0,0.0,0.0,0.0,0.0,0.02857142857142857,1.0,0.0,0.0,0.0,0.0,0.0,0.025,1.0,0.0,0.0,0.0,0.0,0.0,0.022222222222222223,1.0,0.0,0.0,0.0,0.0,0.0,0.02,1.0,0.0,0.0,0.0,webtable-la2m_default-v=7-distilroberta-dj_adpt~kalm_instruct_v2_5-dj_adpt,omnimatch_city_test,7
agency_spending_noisy_7.pq::ROW ID,0.0,0.0,1.0,1.0,0.0,0.0,0.0,0.0,0.0,0.2,1.0,0.0,0.0,0.0,0.0,0.0,0.1,1.0,0.0,0.0,0.0,0.0,0.0,0.06666666666666667,1.0,0.0,0.0,0.0,0.0,0.0,0.05,1.0,0.0,0.0,0.0,0.0,0.0,0.04,1.0,0.0,0.0,0.0,0.0,0.0,0.03333333333333333,1.0,0.0,0.0,0.0,0.0,0.0,0.02857142857142857,1.0,0.0,0.0,0.0,0.0,0.0,0.025,1.0,0.0,0.0,0.0,0.0,0.0,0.022222222222222223,1.0,0.0,0.0,0.0,0.0,0.0,0.02,1.0,0.0,0.0,0.0,webtable-la2m_default-v=7-distilroberta-dj_adpt~kalm_instruct_v2_5-dj_adpt,omnimatch_city_test,7
agency_spending_noisy_7.pq::SPENDING TYPE,0.0,0.0,1.0,1.0,0.0,0.0,0.0,0.0,0.0,0.2,1.0,0.0,0.0,0.0,0.0,0.0,0.1,1.0,0.0,0.0,0.0,0.0,0.0,0.06666666666666667,1.0,0.0,0.0,0.0,0.0,0.0,0.05,1.0,0.0,0.0,0.0,0.0,0.0,0.04,1.0,0.0,0.0,0.0,0.0,0.0,0.03333333333333333,1.0,0.0,0.0,0.0,0.0,0.0,0.02857142857142857,1.0,0.0,0.0,0.0,0.0,0.0,0.025,1.0,0.0,0.0,0.0,0.0,0.0,0.022222222222222223,1.0,0.0,0.0,0.0,0.0,0.0,0.02,1.0,0.0,0.0,0.0,webtable-la2m_default-v=7-distilroberta-dj_adpt~kalm_instruct_v2_5-dj_adpt,omnimatch_city_test,7
agency_spending_noisy_7.pq::SPENDING TYPE DESCRIPTION,0.0,0.0,1.0,1.0,0.0,0.0,0.0,0.0,0.0,0.2,1.0,0.0,0.0,0.0,0.0,0.0,0.1,1.0,0.0,0.0,0.0,0.0,0.0,0.06666666666666667,1.0,0.0,0.0,0.0,0.0,0.0,0.05,1.0,0.0,0.0,0.0,0.0,0.0,0.04,1.0,0.0,0.0,0.0,0.0,0.0,0.03333333333333333,1.0,0.0,0.0,0.0,0.0,0.0,0.02857142857142857,1.0,0.0,0.0,0.0,0.0,0.0,0.025,1.0,0.0,0.0,0.0,0.0,0.0,0.022222222222222223,1.0,0.0,0.0,0.0,0.0,0.0,0.02,1.0,0.0,0.0,0.0,webtable-la2m_default-v=7-distilroberta-dj_adpt~kalm_instruct_v2_5-dj_adpt,omnimatch_city_test,7
agency_spending_noisy_8.pq::AGENCY CODE,0.0,0.0,1.0,1.0,0.0,0.0,0.0,0.2,1.0,0.2,1.0,1.0,0.25,0.25,0.1,1.0,0.1,1.0,1.0,0.25,0.25,0.06666666666666667,1.0,0.06666666666666667,1.0,1.0,0.25,0.25,0.05,1.0,0.05,1.0,1.0,0.25,0.25,0.04,1.0,0.04,1.0,1.0,0.25,0.25,0.03333333333333333,1.0,0.03333333333333333,1.0,1.0,0.25,0.25,0.02857142857142857,1.0,0.02857142857142857,1.0,1.0,0.25,0.25,0.025,1.0,0.025,1.0,1.0,0.25,0.25,0.022222222222222223,1.0,0.022222222222222223,1.0,1.0,0.25,0.25,0.02,1.0,0.02,1.0,1.0,0.25,0.25,webtable-la2m_default-v=7-distilroberta-dj_adpt~kalm_instruct_v2_5-dj_adpt,omnimatch_city_test,7
agency_spending_noisy_8.pq::AGENCY NAME,0.0,0.0,1.0,1.0,0.0,0.0,0.0,0.0,0.0,0.2,1.0,0.0,0.0,0.0,0.0,0.0,0.1,1.0,0.0,0.0,0.0,0.0,0.0,0.06666666666666667,1.0,0.0,0.0,0.0,0.0,0.0,0.05,1.0,0.0,0.0,0.0,0.0,0.0,0.04,1.0,0.0,0.0,0.0,0.0,0.0,0.03333333333333333,1.0,0.0,0.0,0.0,0.0,0.0,0.02857142857142857,1.0,0.0,0.0,0.0,0.0,0.0,0.025,1.0,0.0,0.0,0.0,0.0,0.0,0.022222222222222223,1.0,0.0,0.0,0.0,0.0,0.0,0.02,1.0,0.0,0.0,0.0,webtable-la2m_default-v=7-distilroberta-dj_adpt~kalm_instruct_v2_5-dj_adpt,omnimatch_city_test,7
agency_spending_noisy_8.pq::BUDGET FUNCTION,0.0,0.0,1.0,0.5,0.0,0.0,0.0,0.0,0.0,0.4,1.0,0.0,0.0,0.0,0.0,0.0,0.2,1.0,0.0,0.0,0.0,0.0,0.0,0.13333333333333333,1.0,0.0,0.0,0.0,0.0,0.0,0.1,1.0,0.0,0.0,0.0,0.0,0.0,0.08,1.0,0.0,0.0,0.0,0.0,0.0,0.06666666666666667,1.0,0.0,0.0,0.0,0.0,0.0,0.05714285714285714,1.0,0.0,0.0,0.0,0.05,1.0,0.05,1.0,1.0,0.027777777777777776,0.04091591591591592,0.044444444444444446,1.0,0.044444444444444446,1.0,1.0,0.027777777777777776,0.04091591591591592,0.04,1.0,0.04,1.0,1.0,0.027777777777777776,0.04091591591591592,webtable-la2m_default-v=7-distilroberta-dj_adpt~kalm_instruct_v2_5-dj_adpt,omnimatch_city_test,7
agency_spending_noisy_8.pq::PUBLICATION DATE,0.0,0.0,1.0,1.0,0.0,0.0,0.0,0.0,0.0,0.2,1.0,0.0,0.0,0.0,0.1,1.0,0.1,1.0,1.0,0.125,0.125,0.06666666666666667,1.0,0.06666666666666667,1.0,1.0,0.125,0.125,0.05,1.0,0.05,1.0,1.0,0.125,0.125,0.04,1.0,0.04,1.0,1.0,0.125,0.125,0.03333333333333333,1.0,0.03333333333333333,1.0,1.0,0.125,0.125,0.02857142857142857,1.0,0.02857142857142857,1.0,1.0,0.125,0.125,0.025,1.0,0.025,1.0,1.0,0.125,0.125,0.022222222222222223,1.0,0.022222222222222223,1.0,1.0,0.125,0.125,0.02,1.0,0.02,1.0,1.0,0.125,0.125,webtable-la2m_default-v=7-distilroberta-dj_adpt~kalm_instruct_v2_5-dj_adpt,omnimatch_city_test,7
agency_spending_noisy_9.pq::BUDGET FUNCTION DESCRIPTION,0.0,0.0,1.0,0.3333333333333333,0.0,0.0,0.0,0.0,0.0,0.6,1.0,0.0,0.0,0.0,0.0,0.0,0.3,1.0,0.0,0.0,0.0,0.0,0.0,0.2,1.0,0.0,0.0,0.0,0.0,0.0,0.15,1.0,0.0,0.0,0.0,0.0,0.0,0.12,1.0,0.0,0.0,0.0,0.0,0.0,0.1,1.0,0.0,0.0,0.0,0.0,0.0,0.08571428571428572,1.0,0.0,0.0,0.0,0.0,0.0,0.075,1.0,0.0,0.0,0.0,0.0,0.0,0.06666666666666667,1.0,0.0,0.0,0.0,0.0,0.0,0.06,1.0,0.0,0.0,0.0,webtable-la2m_default-v=7-distilroberta-dj_adpt~kalm_instruct_v2_5-dj_adpt,omnimatch_city_test,7
agency_spending_noisy_9.pq::ROW ID,0.0,0.0,1.0,0.3333333333333333,0.0,0.0,0.0,0.0,0.0,0.6,1.0,0.0,0.0,0.0,0.0,0.0,0.3,1.0,0.0,0.0,0.0,0.0,0.0,0.2,1.0,0.0,0.0,0.0,0.0,0.0,0.15,1.0,0.0,0.0,0.0,0.0,0.0,0.12,1.0,0.0,0.0,0.0,0.0,0.0,0.1,1.0,0.0,0.0,0.0,0.0,0.0,0.08571428571428572,1.0,0.0,0.0,0.0,0.0,0.0,0.075,1.0,0.0,0.0,0.0,0.0,0.0,0.06666666666666667,1.0,0.0,0.0,0.0,0.0,0.0,0.06,1.0,0.0,0.0,0.0,webtable-la2m_default-v=7-distilroberta-dj_adpt~kalm_instruct_v2_5-dj_adpt,omnimatch_city_test,7
agency_spending_noisy_9.pq::SPENDING TYPE,0.0,0.0,1.0,0.3333333333333333,0.0,0.0,0.0,0.0,0.0,0.6,1.0,0.0,0.0,0.0,0.1,0.3333333333333333,0.3,1.0,1.0,0.1,0.03333333333333333,0.13333333333333333,0.6666666666666666,0.2,1.0,1.0,0.1,0.09393939393939395,0.1,0.6666666666666666,0.15,1.0,1.0,0.1,0.09393939393939395,0.12,1.0,0.12,1.0,1.0,0.1,0.13393939393939394,0.1,1.0,0.1,1.0,1.0,0.1,0.13393939393939394,0.08571428571428572,1.0,0.08571428571428572,1.0,1.0,0.1,0.13393939393939394,0.075,1.0,0.075,1.0,1.0,0.1,0.13393939393939394,0.06666666666666667,1.0,0.06666666666666667,1.0,1.0,0.1,0.13393939393939394,0.06,1.0,0.06,1.0,1.0,0.1,0.13393939393939394,webtable-la2m_default-v=7-distilroberta-dj_adpt~kalm_instruct_v2_5-dj_adpt,omnimatch_city_test,7
agency_spending_noisy_9.pq::SPENDING TYPE DESCRIPTION,0.0,0.0,1.0,0.3333333333333333,0.0,0.0,0.0,0.0,0.0,0.6,1.0,0.0,0.0,0.0,0.0,0.0,0.3,1.0,0.0,0.0,0.0,0.06666666666666667,0.3333333333333333,0.2,1.0,1.0,0.07142857142857142,0.023809523809523808,0.05,0.3333333333333333,0.15,1.0,1.0,0.07142857142857142,0.023809523809523808,0.04,0.3333333333333333,0.12,1.0,1.0,0.07142857142857142,0.023809523809523808,0.03333333333333333,0.3333333333333333,0.1,1.0,1.0,0.07142857142857142,0.023809523809523808,0.05714285714285714,0.6666666666666666,0.08571428571428572,1.0,1.0,0.07142857142857142,0.0434173669467787,0.05,0.6666666666666666,0.075,1.0,1.0,0.07142857142857142,0.0434173669467787,0.044444444444444446,0.6666666666666666,0.06666666666666667,1.0,1.0,0.07142857142857142,0.0434173669467787,0.06,1.0,0.06,1.0,1.0,0.07142857142857142,0.0634173669467787,webtable-la2m_default-v=7-distilroberta-dj_adpt~kalm_instruct_v2_5-dj_adpt,omnimatch_city_test,7
capital_projects1_noisy_0.pq::Description,0.0,0.0,1.0,1.0,0.0,0.0,0.0,0.0,0.0,0.2,1.0,0.0,0.0,0.0,0.0,0.0,0.1,1.0,0.0,0.0,0.0,0.0,0.0,0.06666666666666667,1.0,0.0,0.0,0.0,0.0,0.0,0.05,1.0,0.0,0.0,0.0,0.0,0.0,0.04,1.0,0.0,0.0,0.0,0.0,0.0,0.03333333333333333,1.0,0.0,0.0,0.0,0.0,0.0,0.02857142857142857,1.0,0.0,0.0,0.0,0.0,0.0,0.025,1.0,0.0,0.0,0.0,0.0,0.0,0.022222222222222223,1.0,0.0,0.0,0.0,0.0,0.0,0.02,1.0,0.0,0.0,0.0,webtable-la2m_default-v=7-distilroberta-dj_adpt~kalm_instruct_v2_5-dj_adpt,omnimatch_city_test,7
capital_projects1_noisy_0.pq::Forecast Completion,0.0,0.0,1.0,1.0,0.0,0.0,0.0,0.0,0.0,0.2,1.0,0.0,0.0,0.0,0.0,0.0,0.1,1.0,0.0,0.0,0.0,0.0,0.0,0.06666666666666667,1.0,0.0,0.0,0.0,0.0,0.0,0.05,1.0,0.0,0.0,0.0,0.0,0.0,0.04,1.0,0.0,0.0,0.0,0.0,0.0,0.03333333333333333,1.0,0.0,0.0,0.0,0.0,0.0,0.02857142857142857,1.0,0.0,0.0,0.0,0.0,0.0,0.025,1.0,0.0,0.0,0.0,0.0,0.0,0.022222222222222223,1.0,0.0,0.0,0.0,0.0,0.0,0.02,1.0,0.0,0.0,0.0,webtable-la2m_default-v=7-distilroberta-dj_adpt~kalm_instruct_v2_5-dj_adpt,omnimatch_city_test,7
capital_projects1_noisy_2.pq::Date Reported As Of,1.0,0.25,1.0,0.25,1.0,1.0,0.25,0.8,1.0,0.8,1.0,1.0,1.0,1.0,0.4,1.0,0.4,1.0,1.0,1.0,1.0,0.26666666666666666,1.0,0.26666666666666666,1.0,1.0,1.0,1.0,0.2,1.0,0.2,1.0,1.0,1.0,1.0,0.16,1.0,0.16,1.0,1.0,1.0,1.0,0.13333333333333333,1.0,0.13333333333333333,1.0,1.0,1.0,1.0,0.11428571428571428,1.0,0.11428571428571428,1.0,1.0,1.0,1.0,0.1,1.0,0.1,1.0,1.0,1.0,1.0,0.08888888888888889,1.0,0.08888888888888889,1.0,1.0,1.0,1.0,0.08,1.0,0.08,1.0,1.0,1.0,1.0,webtable-la2m_default-v=7-distilroberta-dj_adpt~kalm_instruct_v2_5-dj_adpt,omnimatch_city_test,7
capital_projects1_noisy_2.pq::Description,1.0,0.125,1.0,0.125,1.0,1.0,0.125,0.6,0.375,1.0,0.625,1.0,1.0,0.375,0.3,0.375,0.8,1.0,1.0,1.0,0.375,0.2,0.375,0.5333333333333333,1.0,1.0,1.0,0.375,0.15,0.375,0.4,1.0,1.0,1.0,0.375,0.12,0.375,0.32,1.0,1.0,1.0,0.375,0.1,0.375,0.26666666666666666,1.0,1.0,1.0,0.375,0.08571428571428572,0.375,0.22857142857142856,1.0,1.0,1.0,0.375,0.075,0.375,0.2,1.0,1.0,1.0,0.375,0.06666666666666667,0.375,0.17777777777777778,1.0,1.0,1.0,0.375,0.06,0.375,0.16,1.0,1.0,1.0,0.375,webtable-la2m_default-v=7-distilroberta-dj_adpt~kalm_instruct_v2_5-dj_adpt,omnimatch_city_test,7
capital_projects1_noisy_2.pq::Forecast Completion,0.0,0.0,1.0,0.1111111111111111,0.0,0.0,0.0,0.0,0.0,1.0,0.5555555555555556,0.0,0.0,0.0,0.0,0.0,0.9,1.0,0.0,0.0,0.0,0.0,0.0,0.6,1.0,0.0,0.0,0.0,0.0,0.0,0.45,1.0,0.0,0.0,0.0,0.0,0.0,0.36,1.0,0.0,0.0,0.0,0.03333333333333333,0.1111111111111111,0.3,1.0,1.0,0.03333333333333333,0.003703703703703704,0.05714285714285714,0.2222222222222222,0.2571428571428571,1.0,1.0,0.03333333333333333,0.010648148148148148,0.05,0.2222222222222222,0.225,1.0,1.0,0.03333333333333333,0.010648148148148148,0.044444444444444446,0.2222222222222222,0.2,1.0,1.0,0.03333333333333333,0.010648148148148148,0.04,0.2222222222222222,0.18,1.0,1.0,0.03333333333333333,0.010648148148148148,webtable-la2m_default-v=7-distilroberta-dj_adpt~kalm_instruct_v2_5-dj_adpt,omnimatch_city_test,7
capital_projects1_noisy_2.pq::PID,0.0,0.0,1.0,0.16666666666666666,0.0,0.0,0.0,0.0,0.0,1.0,0.8333333333333334,0.0,0.0,0.0,0.0,0.0,0.6,1.0,0.0,0.0,0.0,0.0,0.0,0.4,1.0,0.0,0.0,0.0,0.0,0.0,0.3,1.0,0.0,0.0,0.0,0.0,0.0,0.24,1.0,0.0,0.0,0.0,0.0,0.0,0.2,1.0,0.0,0.0,0.0,0.0,0.0,0.17142857142857143,1.0,0.0,0.0,0.0,0.0,0.0,0.15,1.0,0.0,0.0,0.0,0.0,0.0,0.13333333333333333,1.0,0.0,0.0,0.0,0.0,0.0,0.12,1.0,0.0,0.0,0.0,webtable-la2m_default-v=7-distilroberta-dj_adpt~kalm_instruct_v2_5-dj_adpt,omnimatch_city_test,7
capital_projects1_noisy_3.pq::Current Phase,0.0,0.0,1.0,0.3333333333333333,0.0,0.0,0.0,0.0,0.0,0.6,1.0,0.0,0.0,0.0,0.0,0.0,0.3,1.0,0.0,0.0,0.0,0.0,0.0,0.2,1.0,0.0,0.0,0.0,0.0,0.0,0.15,1.0,0.0,0.0,0.0,0.0,0.0,0.12,1.0,0.0,0.0,0.0,0.0,0.0,0.1,1.0,0.0,0.0,0.0,0.0,0.0,0.08571428571428572,1.0,0.0,0.0,0.0,0.0,0.0,0.075,1.0,0.0,0.0,0.0,0.0,0.0,0.06666666666666667,1.0,0.0,0.0,0.0,0.0,0.0,0.06,1.0,0.0,0.0,0.0,webtable-la2m_default-v=7-distilroberta-dj_adpt~kalm_instruct_v2_5-dj_adpt,omnimatch_city_test,7
capital_projects1_noisy_3.pq::Description,0.0,0.0,1.0,0.16666666666666666,0.0,0.0,0.0,0.0,0.0,1.0,0.8333333333333334,0.0,0.0,0.0,0.0,0.0,0.6,1.0,0.0,0.0,0.0,0.0,0.0,0.4,1.0,0.0,0.0,0.0,0.0,0.0,0.3,1.0,0.0,0.0,0.0,0.0,0.0,0.24,1.0,0.0,0.0,0.0,0.0,0.0,0.2,1.0,0.0,0.0,0.0,0.0,0.0,0.17142857142857143,1.0,0.0,0.0,0.0,0.0,0.0,0.15,1.0,0.0,0.0,0.0,0.0,0.0,0.13333333333333333,1.0,0.0,0.0,0.0,0.0,0.0,0.12,1.0,0.0,0.0,0.0,webtable-la2m_default-v=7-distilroberta-dj_adpt~kalm_instruct_v2_5-dj_adpt,omnimatch_city_test,7
capital_projects1_noisy_3.pq::Design Start,0.0,0.0,1.0,0.3333333333333333,0.0,0.0,0.0,0.0,0.0,0.6,1.0,0.0,0.0,0.0,0.0,0.0,0.3,1.0,0.0,0.0,0.0,0.0,0.0,0.2,1.0,0.0,0.0,0.0,0.0,0.0,0.15,1.0,0.0,0.0,0.0,0.0,0.0,0.12,1.0,0.0,0.0,0.0,0.0,0.0,0.1,1.0,0.0,0.0,0.0,0.0,0.0,0.08571428571428572,1.0,0.0,0.0,0.0,0.0,0.0,0.075,1.0,0.0,0.0,0.0,0.0,0.0,0.06666666666666667,1.0,0.0,0.0,0.0,0.04,0.6666666666666666,0.06,1.0,1.0,0.020833333333333332,0.020549886621315194,webtable-la2m_default-v=7-distilroberta-dj_adpt~kalm_instruct_v2_5-dj_adpt,omnimatch_city_test,7
capital_projects1_noisy_3.pq::Forecast Completion,1.0,0.14285714285714285,1.0,0.14285714285714285,1.0,1.0,0.14285714285714285,0.4,0.2857142857142857,1.0,0.7142857142857143,1.0,1.0,0.2857142857142857,0.4,0.5714285714285714,0.7,1.0,1.0,1.0,0.3904761904761905,0.26666666666666666,0.5714285714285714,0.4666666666666667,1.0,1.0,1.0,0.3904761904761905,0.25,0.7142857142857143,0.35,1.0,1.0,1.0,0.4261904761904762,0.2,0.7142857142857143,0.28,1.0,1.0,1.0,0.4261904761904762,0.16666666666666666,0.7142857142857143,0.23333333333333334,1.0,1.0,1.0,0.4261904761904762,0.14285714285714285,0.7142857142857143,0.2,1.0,1.0,1.0,0.4261904761904762,0.125,0.7142857142857143,0.175,1.0,1.0,1.0,0.4261904761904762,0.1111111111111111,0.7142857142857143,0.15555555555555556,1.0,1.0,1.0,0.4261904761904762,0.1,0.7142857142857143,0.14,1.0,1.0,1.0,0.4261904761904762,webtable-la2m_default-v=7-distilroberta-dj_adpt~kalm_instruct_v2_5-dj_adpt,omnimatch_city_test,7
capital_projects1_noisy_4.pq::Date Reported As Of,0.0,0.0,1.0,1.0,0.0,0.0,0.0,0.2,1.0,0.2,1.0,1.0,0.25,0.25,0.1,1.0,0.1,1.0,1.0,0.25,0.25,0.06666666666666667,1.0,0.06666666666666667,1.0,1.0,0.25,0.25,0.05,1.0,0.05,1.0,1.0,0.25,0.25,0.04,1.0,0.04,1.0,1.0,0.25,0.25,0.03333333333333333,1.0,0.03333333333333333,1.0,1.0,0.25,0.25,0.02857142857142857,1.0,0.02857142857142857,1.0,1.0,0.25,0.25,0.025,1.0,0.025,1.0,1.0,0.25,0.25,0.022222222222222223,1.0,0.022222222222222223,1.0,1.0,0.25,0.25,0.02,1.0,0.02,1.0,1.0,0.25,0.25,webtable-la2m_default-v=7-distilroberta-dj_adpt~kalm_instruct_v2_5-dj_adpt,omnimatch_city_test,7
capital_projects1_noisy_4.pq::Forecast Completion,0.0,0.0,1.0,0.3333333333333333,0.0,0.0,0.0,0.0,0.0,0.6,1.0,0.0,0.0,0.0,0.0,0.0,0.3,1.0,0.0,0.0,0.0,0.0,0.0,0.2,1.0,0.0,0.0,0.0,0.0,0.0,0.15,1.0,0.0,0.0,0.0,0.0,0.0,0.12,1.0,0.0,0.0,0.0,0.0,0.0,0.1,1.0,0.0,0.0,0.0,0.0,0.0,0.08571428571428572,1.0,0.0,0.0,0.0,0.0,0.0,0.075,1.0,0.0,0.0,0.0,0.022222222222222223,0.3333333333333333,0.06666666666666667,1.0,1.0,0.023255813953488372,0.007751937984496124,0.02,0.3333333333333333,0.06,1.0,1.0,0.023255813953488372,0.007751937984496124,webtable-la2m_default-v=7-distilroberta-dj_adpt~kalm_instruct_v2_5-dj_adpt,omnimatch_city_test,7
capital_projects1_noisy_4.pq::PID,0.0,0.0,1.0,0.5,0.0,0.0,0.0,0.0,0.0,0.4,1.0,0.0,0.0,0.0,0.0,0.0,0.2,1.0,0.0,0.0,0.0,0.0,0.0,0.13333333333333333,1.0,0.0,0.0,0.0,0.0,0.0,0.1,1.0,0.0,0.0,0.0,0.0,0.0,0.08,1.0,0.0,0.0,0.0,0.0,0.0,0.06666666666666667,1.0,0.0,0.0,0.0,0.0,0.0,0.05714285714285714,1.0,0.0,0.0,0.0,0.0,0.0,0.05,1.0,0.0,0.0,0.0,0.0,0.0,0.044444444444444446,1.0,0.0,0.0,0.0,0.0,0.0,0.04,1.0,0.0,0.0,0.0,webtable-la2m_default-v=7-distilroberta-dj_adpt~kalm_instruct_v2_5-dj_adpt,omnimatch_city_test,7
capital_projects1_noisy_5.pq::Current Phase,0.0,0.0,1.0,0.5,0.0,0.0,0.0,0.0,0.0,0.4,1.0,0.0,0.0,0.0,0.0,0.0,0.2,1.0,0.0,0.0,0.0,0.0,0.0,0.13333333333333333,1.0,0.0,0.0,0.0,0.0,0.0,0.1,1.0,0.0,0.0,0.0,0.0,0.0,0.08,1.0,0.0,0.0,0.0,0.0,0.0,0.06666666666666667,1.0,0.0,0.0,0.0,0.0,0.0,0.05714285714285714,1.0,0.0,0.0,0.0,0.0,0.0,0.05,1.0,0.0,0.0,0.0,0.0,0.0,0.044444444444444446,1.0,0.0,0.0,0.0,0.0,0.0,0.04,1.0,0.0,0.0,0.0,webtable-la2m_default-v=7-distilroberta-dj_adpt~kalm_instruct_v2_5-dj_adpt,omnimatch_city_test,7
capital_projects1_noisy_5.pq::Description,0.0,0.0,1.0,0.2,0.0,0.0,0.0,0.0,0.0,1.0,1.0,0.0,0.0,0.0,0.0,0.0,0.5,1.0,0.0,0.0,0.0,0.0,0.0,0.3333333333333333,1.0,0.0,0.0,0.0,0.0,0.0,0.25,1.0,0.0,0.0,0.0,0.0,0.0,0.2,1.0,0.0,0.0,0.0,0.0,0.0,0.16666666666666666,1.0,0.0,0.0,0.0,0.0,0.0,0.14285714285714285,1.0,0.0,0.0,0.0,0.025,0.2,0.125,1.0,1.0,0.02564102564102564,0.005128205128205128,0.022222222222222223,0.2,0.1111111111111111,1.0,1.0,0.02564102564102564,0.005128205128205128,0.02,0.2,0.1,1.0,1.0,0.02564102564102564,0.005128205128205128,webtable-la2m_default-v=7-distilroberta-dj_adpt~kalm_instruct_v2_5-dj_adpt,omnimatch_city_test,7
capital_projects1_noisy_5.pq::Design Start,0.0,0.0,1.0,0.5,0.0,0.0,0.0,0.0,0.0,0.4,1.0,0.0,0.0,0.0,0.0,0.0,0.2,1.0,0.0,0.0,0.0,0.0,0.0,0.13333333333333333,1.0,0.0,0.0,0.0,0.0,0.0,0.1,1.0,0.0,0.0,0.0,0.0,0.0,0.08,1.0,0.0,0.0,0.0,0.0,0.0,0.06666666666666667,1.0,0.0,0.0,0.0,0.0,0.0,0.05714285714285714,1.0,0.0,0.0,0.0,0.0,0.0,0.05,1.0,0.0,0.0,0.0,0.0,0.0,0.044444444444444446,1.0,0.0,0.0,0.0,0.02,0.5,0.04,1.0,1.0,0.02040816326530612,0.01020408163265306,webtable-la2m_default-v=7-distilroberta-dj_adpt~kalm_instruct_v2_5-dj_adpt,omnimatch_city_test,7
capital_projects1_noisy_5.pq::Forecast Completion,1.0,0.16666666666666666,1.0,0.16666666666666666,1.0,1.0,0.16666666666666666,0.4,0.3333333333333333,1.0,0.8333333333333334,1.0,1.0,0.3333333333333333,0.2,0.3333333333333333,0.6,1.0,1.0,1.0,0.3333333333333333,0.13333333333333333,0.3333333333333333,0.4,1.0,1.0,1.0,0.3333333333333333,0.1,0.3333333333333333,0.3,1.0,1.0,1.0,0.3333333333333333,0.08,0.3333333333333333,0.24,1.0,1.0,1.0,0.3333333333333333,0.06666666666666667,0.3333333333333333,0.2,1.0,1.0,1.0,0.3333333333333333,0.05714285714285714,0.3333333333333333,0.17142857142857143,1.0,1.0,1.0,0.3333333333333333,0.05,0.3333333333333333,0.15,1.0,1.0,1.0,0.3333333333333333,0.044444444444444446,0.3333333333333333,0.13333333333333333,1.0,1.0,1.0,0.3333333333333333,0.04,0.3333333333333333,0.12,1.0,1.0,1.0,0.3333333333333333,webtable-la2m_default-v=7-distilroberta-dj_adpt~kalm_instruct_v2_5-dj_adpt,omnimatch_city_test,7
capital_projects1_noisy_6.pq::Date Reported As Of,1.0,0.3333333333333333,1.0,0.3333333333333333,1.0,1.0,0.3333333333333333,0.6,1.0,0.6,1.0,1.0,1.0,0.8055555555555555,0.3,1.0,0.3,1.0,1.0,1.0,0.8055555555555555,0.2,1.0,0.2,1.0,1.0,1.0,0.8055555555555555,0.15,1.0,0.15,1.0,1.0,1.0,0.8055555555555555,0.12,1.0,0.12,1.0,1.0,1.0,0.8055555555555555,0.1,1.0,0.1,1.0,1.0,1.0,0.8055555555555555,0.08571428571428572,1.0,0.08571428571428572,1.0,1.0,1.0,0.8055555555555555,0.075,1.0,0.075,1.0,1.0,1.0,0.8055555555555555,0.06666666666666667,1.0,0.06666666666666667,1.0,1.0,1.0,0.8055555555555555,0.06,1.0,0.06,1.0,1.0,1.0,0.8055555555555555,webtable-la2m_default-v=7-distilroberta-dj_adpt~kalm_instruct_v2_5-dj_adpt,omnimatch_city_test,7
capital_projects1_noisy_6.pq::Description,0.0,0.0,1.0,0.25,0.0,0.0,0.0,0.0,0.0,0.8,1.0,0.0,0.0,0.0,0.0,0.0,0.4,1.0,0.0,0.0,0.0,0.0,0.0,0.26666666666666666,1.0,0.0,0.0,0.0,0.0,0.0,0.2,1.0,0.0,0.0,0.0,0.0,0.0,0.16,1.0,0.0,0.0,0.0,0.0,0.0,0.13333333333333333,1.0,0.0,0.0,0.0,0.02857142857142857,0.25,0.11428571428571428,1.0,1.0,0.029411764705882353,0.007352941176470588,0.075,0.75,0.1,1.0,1.0,0.029411764705882353,0.03926083591331269,0.08888888888888889,1.0,0.08888888888888889,1.0,1.0,0.029411764705882353,0.06365107981575172,0.08,1.0,0.08,1.0,1.0,0.029411764705882353,0.06365107981575172,webtable-la2m_default-v=7-distilroberta-dj_adpt~kalm_instruct_v2_5-dj_adpt,omnimatch_city_test,7
capital_projects1_noisy_6.pq::Forecast Completion,0.0,0.0,1.0,0.2,0.0,0.0,0.0,0.0,0.0,1.0,1.0,0.0,0.0,0.0,0.0,0.0,0.5,1.0,0.0,0.0,0.0,0.0,0.0,0.3333333333333333,1.0,0.0,0.0,0.0,0.0,0.0,0.25,1.0,0.0,0.0,0.0,0.0,0.0,0.2,1.0,0.0,0.0,0.0,0.06666666666666667,0.4,0.16666666666666666,1.0,1.0,0.037037037037037035,0.02169312169312169,0.05714285714285714,0.4,0.14285714285714285,1.0,1.0,0.037037037037037035,0.02169312169312169,0.05,0.4,0.125,1.0,1.0,0.037037037037037035,0.02169312169312169,0.044444444444444446,0.4,0.1111111111111111,1.0,1.0,0.037037037037037035,0.02169312169312169,0.04,0.4,0.1,1.0,1.0,0.037037037037037035,0.02169312169312169,webtable-la2m_default-v=7-distilroberta-dj_adpt~kalm_instruct_v2_5-dj_adpt,omnimatch_city_test,7
capital_projects1_noisy_6.pq::PID,0.0,0.0,1.0,0.25,0.0,0.0,0.0,0.0,0.0,0.8,1.0,0.0,0.0,0.0,0.0,0.0,0.4,1.0,0.0,0.0,0.0,0.0,0.0,0.26666666666666666,1.0,0.0,0.0,0.0,0.0,0.0,0.2,1.0,0.0,0.0,0.0,0.0,0.0,0.16,1.0,0.0,0.0,0.0,0.0,0.0,0.13333333333333333,1.0,0.0,0.0,0.0,0.0,0.0,0.11428571428571428,1.0,0.0,0.0,0.0,0.0,0.0,0.1,1.0,0.0,0.0,0.0,0.0,0.0,0.08888888888888889,1.0,0.0,0.0,0.0,0.0,0.0,0.08,1.0,0.0,0.0,0.0,webtable-la2m_default-v=7-distilroberta-dj_adpt~kalm_instruct_v2_5-dj_adpt,omnimatch_city_test,7
capital_projects1_noisy_7.pq::Current Phase,0.0,0.0,1.0,0.25,0.0,0.0,0.0,0.0,0.0,0.8,1.0,0.0,0.0,0.0,0.0,0.0,0.4,1.0,0.0,0.0,0.0,0.2,0.75,0.26666666666666666,1.0,1.0,0.07692307692307693,0.10494505494505495,0.15,0.75,0.2,1.0,1.0,0.07692307692307693,0.10494505494505495,0.16,1.0,0.16,1.0,1.0,0.07692307692307693,0.15256410256410258,0.13333333333333333,1.0,0.13333333333333333,1.0,1.0,0.07692307692307693,0.15256410256410258,0.11428571428571428,1.0,0.11428571428571428,1.0,1.0,0.07692307692307693,0.15256410256410258,0.1,1.0,0.1,1.0,1.0,0.07692307692307693,0.15256410256410258,0.08888888888888889,1.0,0.08888888888888889,1.0,1.0,0.07692307692307693,0.15256410256410258,0.08,1.0,0.08,1.0,1.0,0.07692307692307693,0.15256410256410258,webtable-la2m_default-v=7-distilroberta-dj_adpt~kalm_instruct_v2_5-dj_adpt,omnimatch_city_test,7
capital_projects1_noisy_7.pq::Description,0.0,0.0,1.0,0.14285714285714285,0.0,0.0,0.0,0.0,0.0,1.0,0.7142857142857143,0.0,0.0,0.0,0.0,0.0,0.7,1.0,0.0,0.0,0.0,0.0,0.0,0.4666666666666667,1.0,0.0,0.0,0.0,0.05,0.14285714285714285,0.35,1.0,1.0,0.05263157894736842,0.007518796992481203,0.2,0.7142857142857143,0.28,1.0,1.0,0.05263157894736842,0.09402090771819441,0.16666666666666666,0.7142857142857143,0.23333333333333334,1.0,1.0,0.05263157894736842,0.09402090771819441,0.14285714285714285,0.7142857142857143,0.2,1.0,1.0,0.05263157894736842,0.09402090771819441,0.125,0.7142857142857143,0.175,1.0,1.0,0.05263157894736842,0.09402090771819441,0.1111111111111111,0.7142857142857143,0.15555555555555556,1.0,1.0,0.05263157894736842,0.09402090771819441,0.1,0.7142857142857143,0.14,1.0,1.0,0.05263157894736842,0.09402090771819441,webtable-la2m_default-v=7-distilroberta-dj_adpt~kalm_instruct_v2_5-dj_adpt,omnimatch_city_test,7
capital_projects1_noisy_7.pq::Design Start,1.0,0.25,1.0,0.25,1.0,1.0,0.25,0.6,0.75,0.8,1.0,1.0,1.0,0.75,0.3,0.75,0.4,1.0,1.0,1.0,0.75,0.2,0.75,0.26666666666666666,1.0,1.0,1.0,0.75,0.15,0.75,0.2,1.0,1.0,1.0,0.75,0.12,0.75,0.16,1.0,1.0,1.0,0.75,0.1,0.75,0.13333333333333333,1.0,1.0,1.0,0.75,0.08571428571428572,0.75,0.11428571428571428,1.0,1.0,1.0,0.75,0.075,0.75,0.1,1.0,1.0,1.0,0.75,0.06666666666666667,0.75,0.08888888888888889,1.0,1.0,1.0,0.75,0.06,0.75,0.08,1.0,1.0,1.0,0.75,webtable-la2m_default-v=7-distilroberta-dj_adpt~kalm_instruct_v2_5-dj_adpt,omnimatch_city_test,7
capital_projects1_noisy_7.pq::Forecast Completion,1.0,0.125,1.0,0.125,1.0,1.0,0.125,0.2,0.125,1.0,0.625,1.0,1.0,0.125,0.1,0.125,0.8,1.0,1.0,1.0,0.125,0.06666666666666667,0.125,0.5333333333333333,1.0,1.0,1.0,0.125,0.05,0.125,0.4,1.0,1.0,1.0,0.125,0.08,0.25,0.32,1.0,1.0,1.0,0.1358695652173913,0.06666666666666667,0.25,0.26666666666666666,1.0,1.0,1.0,0.1358695652173913,0.05714285714285714,0.25,0.22857142857142856,1.0,1.0,1.0,0.1358695652173913,0.05,0.25,0.2,1.0,1.0,1.0,0.1358695652173913,0.044444444444444446,0.25,0.17777777777777778,1.0,1.0,1.0,0.1358695652173913,0.04,0.25,0.16,1.0,1.0,1.0,0.1358695652173913,webtable-la2m_default-v=7-distilroberta-dj_adpt~kalm_instruct_v2_5-dj_adpt,omnimatch_city_test,7
capital_projects1_noisy_7.pq::PID,0.0,0.0,1.0,0.2,0.0,0.0,0.0,0.0,0.0,1.0,1.0,0.0,0.0,0.0,0.0,0.0,0.5,1.0,0.0,0.0,0.0,0.0,0.0,0.3333333333333333,1.0,0.0,0.0,0.0,0.0,0.0,0.25,1.0,0.0,0.0,0.0,0.0,0.0,0.2,1.0,0.0,0.0,0.0,0.0,0.0,0.16666666666666666,1.0,0.0,0.0,0.0,0.0,0.0,0.14285714285714285,1.0,0.0,0.0,0.0,0.0,0.0,0.125,1.0,0.0,0.0,0.0,0.0,0.0,0.1111111111111111,1.0,0.0,0.0,0.0,0.0,0.0,0.1,1.0,0.0,0.0,0.0,webtable-la2m_default-v=7-distilroberta-dj_adpt~kalm_instruct_v2_5-dj_adpt,omnimatch_city_test,7
capital_projects1_noisy_8.pq::Date Reported As Of,0.0,0.0,1.0,0.5,0.0,0.0,0.0,0.0,0.0,0.4,1.0,0.0,0.0,0.0,0.0,0.0,0.2,1.0,0.0,0.0,0.0,0.0,0.0,0.13333333333333333,1.0,0.0,0.0,0.0,0.0,0.0,0.1,1.0,0.0,0.0,0.0,0.0,0.0,0.08,1.0,0.0,0.0,0.0,0.0,0.0,0.06666666666666667,1.0,0.0,0.0,0.0,0.0,0.0,0.05714285714285714,1.0,0.0,0.0,0.0,0.0,0.0,0.05,1.0,0.0,0.0,0.0,0.0,0.0,0.044444444444444446,1.0,0.0,0.0,0.0,0.0,0.0,0.04,1.0,0.0,0.0,0.0,webtable-la2m_default-v=7-distilroberta-dj_adpt~kalm_instruct_v2_5-dj_adpt,omnimatch_city_test,7
capital_projects1_noisy_8.pq::Description,0.0,0.0,1.0,0.3333333333333333,0.0,0.0,0.0,0.0,0.0,0.6,1.0,0.0,0.0,0.0,0.0,0.0,0.3,1.0,0.0,0.0,0.0,0.0,0.0,0.2,1.0,0.0,0.0,0.0,0.0,0.0,0.15,1.0,0.0,0.0,0.0,0.0,0.0,0.12,1.0,0.0,0.0,0.0,0.0,0.0,0.1,1.0,0.0,0.0,0.0,0.02857142857142857,0.3333333333333333,0.08571428571428572,1.0,1.0,0.029411764705882353,0.00980392156862745,0.05,0.6666666666666666,0.075,1.0,1.0,0.029411764705882353,0.02734778121775026,0.044444444444444446,0.6666666666666666,0.06666666666666667,1.0,1.0,0.029411764705882353,0.02734778121775026,0.04,0.6666666666666666,0.06,1.0,1.0,0.029411764705882353,0.02734778121775026,webtable-la2m_default-v=7-distilroberta-dj_adpt~kalm_instruct_v2_5-dj_adpt,omnimatch_city_test,7
capital_projects1_noisy_8.pq::Forecast Completion,0.0,0.0,1.0,0.25,0.0,0.0,0.0,0.0,0.0,0.8,1.0,0.0,0.0,0.0,0.0,0.0,0.4,1.0,0.0,0.0,0.0,0.0,0.0,0.26666666666666666,1.0,0.0,0.0,0.0,0.0,0.0,0.2,1.0,0.0,0.0,0.0,0.0,0.0,0.16,1.0,0.0,0.0,0.0,0.0,0.0,0.13333333333333333,1.0,0.0,0.0,0.0,0.0,0.0,0.11428571428571428,1.0,0.0,0.0,0.0,0.0,0.0,0.1,1.0,0.0,0.0,0.0,0.0,0.0,0.08888888888888889,1.0,0.0,0.0,0.0,0.02,0.25,0.08,1.0,1.0,0.02127659574468085,0.005319148936170213,webtable-la2m_default-v=7-distilroberta-dj_adpt~kalm_instruct_v2_5-dj_adpt,omnimatch_city_test,7
capital_projects1_noisy_8.pq::PID,0.0,0.0,1.0,0.3333333333333333,0.0,0.0,0.0,0.0,0.0,0.6,1.0,0.0,0.0,0.0,0.0,0.0,0.3,1.0,0.0,0.0,0.0,0.0,0.0,0.2,1.0,0.0,0.0,0.0,0.0,0.0,0.15,1.0,0.0,0.0,0.0,0.0,0.0,0.12,1.0,0.0,0.0,0.0,0.0,0.0,0.1,1.0,0.0,0.0,0.0,0.0,0.0,0.08571428571428572,1.0,0.0,0.0,0.0,0.0,0.0,0.075,1.0,0.0,0.0,0.0,0.0,0.0,0.06666666666666667,1.0,0.0,0.0,0.0,0.0,0.0,0.06,1.0,0.0,0.0,0.0,webtable-la2m_default-v=7-distilroberta-dj_adpt~kalm_instruct_v2_5-dj_adpt,omnimatch_city_test,7
capital_projects1_noisy_9.pq::Current Phase,1.0,1.0,1.0,1.0,1.0,1.0,1.0,0.2,1.0,0.2,1.0,1.0,1.0,1.0,0.1,1.0,0.1,1.0,1.0,1.0,1.0,0.06666666666666667,1.0,0.06666666666666667,1.0,1.0,1.0,1.0,0.05,1.0,0.05,1.0,1.0,1.0,1.0,0.04,1.0,0.04,1.0,1.0,1.0,1.0,0.03333333333333333,1.0,0.03333333333333333,1.0,1.0,1.0,1.0,0.02857142857142857,1.0,0.02857142857142857,1.0,1.0,1.0,1.0,0.025,1.0,0.025,1.0,1.0,1.0,1.0,0.022222222222222223,1.0,0.022222222222222223,1.0,1.0,1.0,1.0,0.02,1.0,0.02,1.0,1.0,1.0,1.0,webtable-la2m_default-v=7-distilroberta-dj_adpt~kalm_instruct_v2_5-dj_adpt,omnimatch_city_test,7
capital_projects1_noisy_9.pq::Description,0.0,0.0,1.0,0.5,0.0,0.0,0.0,0.0,0.0,0.4,1.0,0.0,0.0,0.0,0.0,0.0,0.2,1.0,0.0,0.0,0.0,0.0,0.0,0.13333333333333333,1.0,0.0,0.0,0.0,0.0,0.0,0.1,1.0,0.0,0.0,0.0,0.0,0.0,0.08,1.0,0.0,0.0,0.0,0.0,0.0,0.06666666666666667,1.0,0.0,0.0,0.0,0.0,0.0,0.05714285714285714,1.0,0.0,0.0,0.0,0.0,0.0,0.05,1.0,0.0,0.0,0.0,0.0,0.0,0.044444444444444446,1.0,0.0,0.0,0.0,0.0,0.0,0.04,1.0,0.0,0.0,0.0,webtable-la2m_default-v=7-distilroberta-dj_adpt~kalm_instruct_v2_5-dj_adpt,omnimatch_city_test,7
capital_projects1_noisy_9.pq::Design Start,0.0,0.0,1.0,1.0,0.0,0.0,0.0,0.0,0.0,0.2,1.0,0.0,0.0,0.0,0.0,0.0,0.1,1.0,0.0,0.0,0.0,0.0,0.0,0.06666666666666667,1.0,0.0,0.0,0.0,0.0,0.0,0.05,1.0,0.0,0.0,0.0,0.0,0.0,0.04,1.0,0.0,0.0,0.0,0.03333333333333333,1.0,0.03333333333333333,1.0,1.0,0.03333333333333333,0.03333333333333333,0.02857142857142857,1.0,0.02857142857142857,1.0,1.0,0.03333333333333333,0.03333333333333333,0.025,1.0,0.025,1.0,1.0,0.03333333333333333,0.03333333333333333,0.022222222222222223,1.0,0.022222222222222223,1.0,1.0,0.03333333333333333,0.03333333333333333,0.02,1.0,0.02,1.0,1.0,0.03333333333333333,0.03333333333333333,webtable-la2m_default-v=7-distilroberta-dj_adpt~kalm_instruct_v2_5-dj_adpt,omnimatch_city_test,7
capital_projects1_noisy_9.pq::Forecast Completion,0.0,0.0,1.0,0.5,0.0,0.0,0.0,0.0,0.0,0.4,1.0,0.0,0.0,0.0,0.0,0.0,0.2,1.0,0.0,0.0,0.0,0.0,0.0,0.13333333333333333,1.0,0.0,0.0,0.0,0.0,0.0,0.1,1.0,0.0,0.0,0.0,0.0,0.0,0.08,1.0,0.0,0.0,0.0,0.0,0.0,0.06666666666666667,1.0,0.0,0.0,0.0,0.0,0.0,0.05714285714285714,1.0,0.0,0.0,0.0,0.0,0.0,0.05,1.0,0.0,0.0,0.0,0.0,0.0,0.044444444444444446,1.0,0.0,0.0,0.0,0.0,0.0,0.04,1.0,0.0,0.0,0.0,webtable-la2m_default-v=7-distilroberta-dj_adpt~kalm_instruct_v2_5-dj_adpt,omnimatch_city_test,7
capital_projects1_noisy_9.pq::PID,0.0,0.0,1.0,1.0,0.0,0.0,0.0,0.0,0.0,0.2,1.0,0.0,0.0,0.0,0.0,0.0,0.1,1.0,0.0,0.0,0.0,0.0,0.0,0.06666666666666667,1.0,0.0,0.0,0.0,0.0,0.0,0.05,1.0,0.0,0.0,0.0,0.0,0.0,0.04,1.0,0.0,0.0,0.0,0.0,0.0,0.03333333333333333,1.0,0.0,0.0,0.0,0.0,0.0,0.02857142857142857,1.0,0.0,0.0,0.0,0.0,0.0,0.025,1.0,0.0,0.0,0.0,0.0,0.0,0.022222222222222223,1.0,0.0,0.0,0.0,0.0,0.0,0.02,1.0,0.0,0.0,0.0,webtable-la2m_default-v=7-distilroberta-dj_adpt~kalm_instruct_v2_5-dj_adpt,omnimatch_city_test,7
capital_projects2_noisy_1.pq::Category,0.0,0.0,1.0,0.25,0.0,0.0,0.0,0.0,0.0,0.8,1.0,0.0,0.0,0.0,0.0,0.0,0.4,1.0,0.0,0.0,0.0,0.0,0.0,0.26666666666666666,1.0,0.0,0.0,0.0,0.0,0.0,0.2,1.0,0.0,0.0,0.0,0.0,0.0,0.16,1.0,0.0,0.0,0.0,0.0,0.0,0.13333333333333333,1.0,0.0,0.0,0.0,0.0,0.0,0.11428571428571428,1.0,0.0,0.0,0.0,0.0,0.0,0.1,1.0,0.0,0.0,0.0,0.0,0.0,0.08888888888888889,1.0,0.0,0.0,0.0,0.0,0.0,0.08,1.0,0.0,0.0,0.0,webtable-la2m_default-v=7-distilroberta-dj_adpt~kalm_instruct_v2_5-dj_adpt,omnimatch_city_test,7
capital_projects2_noisy_1.pq::Managing Agency,0.0,0.0,1.0,0.5,0.0,0.0,0.0,0.0,0.0,0.4,1.0,0.0,0.0,0.0,0.0,0.0,0.2,1.0,0.0,0.0,0.0,0.0,0.0,0.13333333333333333,1.0,0.0,0.0,0.0,0.0,0.0,0.1,1.0,0.0,0.0,0.0,0.08,1.0,0.08,1.0,1.0,0.047619047619047616,0.06728778467908902,0.06666666666666667,1.0,0.06666666666666667,1.0,1.0,0.047619047619047616,0.06728778467908902,0.05714285714285714,1.0,0.05714285714285714,1.0,1.0,0.047619047619047616,0.06728778467908902,0.05,1.0,0.05,1.0,1.0,0.047619047619047616,0.06728778467908902,0.044444444444444446,1.0,0.044444444444444446,1.0,1.0,0.047619047619047616,0.06728778467908902,0.04,1.0,0.04,1.0,1.0,0.047619047619047616,0.06728778467908902,webtable-la2m_default-v=7-distilroberta-dj_adpt~kalm_instruct_v2_5-dj_adpt,omnimatch_city_test,7
capital_projects2_noisy_1.pq::PID,0.0,0.0,1.0,0.16666666666666666,0.0,0.0,0.0,0.0,0.0,1.0,0.8333333333333334,0.0,0.0,0.0,0.0,0.0,0.6,1.0,0.0,0.0,0.0,0.0,0.0,0.4,1.0,0.0,0.0,0.0,0.0,0.0,0.3,1.0,0.0,0.0,0.0,0.0,0.0,0.24,1.0,0.0,0.0,0.0,0.0,0.0,0.2,1.0,0.0,0.0,0.0,0.0,0.0,0.17142857142857143,1.0,0.0,0.0,0.0,0.0,0.0,0.15,1.0,0.0,0.0,0.0,0.0,0.0,0.13333333333333333,1.0,0.0,0.0,0.0,0.0,0.0,0.12,1.0,0.0,0.0,0.0,webtable-la2m_default-v=7-distilroberta-dj_adpt~kalm_instruct_v2_5-dj_adpt,omnimatch_city_test,7
capital_projects2_noisy_1.pq::Project Name,0.0,0.0,1.0,0.25,0.0,0.0,0.0,0.4,0.5,0.8,1.0,1.0,0.3333333333333333,0.20833333333333331,0.4,1.0,0.4,1.0,1.0,0.3333333333333333,0.47619047619047616,0.26666666666666666,1.0,0.26666666666666666,1.0,1.0,0.3333333333333333,0.47619047619047616,0.2,1.0,0.2,1.0,1.0,0.3333333333333333,0.47619047619047616,0.16,1.0,0.16,1.0,1.0,0.3333333333333333,0.47619047619047616,0.13333333333333333,1.0,0.13333333333333333,1.0,1.0,0.3333333333333333,0.47619047619047616,0.11428571428571428,1.0,0.11428571428571428,1.0,1.0,0.3333333333333333,0.47619047619047616,0.1,1.0,0.1,1.0,1.0,0.3333333333333333,0.47619047619047616,0.08888888888888889,1.0,0.08888888888888889,1.0,1.0,0.3333333333333333,0.47619047619047616,0.08,1.0,0.08,1.0,1.0,0.3333333333333333,0.47619047619047616,webtable-la2m_default-v=7-distilroberta-dj_adpt~kalm_instruct_v2_5-dj_adpt,omnimatch_city_test,7
capital_projects2_noisy_2.pq::Category,1.0,0.2,1.0,0.2,1.0,1.0,0.2,1.0,1.0,1.0,1.0,1.0,1.0,1.0,0.5,1.0,0.5,1.0,1.0,1.0,1.0,0.3333333333333333,1.0,0.3333333333333333,1.0,1.0,1.0,1.0,0.25,1.0,0.25,1.0,1.0,1.0,1.0,0.2,1.0,0.2,1.0,1.0,1.0,1.0,0.16666666666666666,1.0,0.16666666666666666,1.0,1.0,1.0,1.0,0.14285714285714285,1.0,0.14285714285714285,1.0,1.0,1.0,1.0,0.125,1.0,0.125,1.0,1.0,1.0,1.0,0.1111111111111111,1.0,0.1111111111111111,1.0,1.0,1.0,1.0,0.1,1.0,0.1,1.0,1.0,1.0,1.0,webtable-la2m_default-v=7-distilroberta-dj_adpt~kalm_instruct_v2_5-dj_adpt,omnimatch_city_test,7
capital_projects2_noisy_2.pq::PID,0.0,0.0,1.0,0.14285714285714285,0.0,0.0,0.0,0.2,0.14285714285714285,1.0,0.7142857142857143,1.0,0.2,0.028571428571428574,0.5,0.7142857142857143,0.7,1.0,1.0,0.2,0.2646825396825397,0.4666666666666667,1.0,0.4666666666666667,1.0,1.0,0.2,0.42593795093795095,0.35,1.0,0.35,1.0,1.0,0.2,0.42593795093795095,0.28,1.0,0.28,1.0,1.0,0.2,0.42593795093795095,0.23333333333333334,1.0,0.23333333333333334,1.0,1.0,0.2,0.42593795093795095,0.2,1.0,0.2,1.0,1.0,0.2,0.42593795093795095,0.175,1.0,0.175,1.0,1.0,0.2,0.42593795093795095,0.15555555555555556,1.0,0.15555555555555556,1.0,1.0,0.2,0.42593795093795095,0.14,1.0,0.14,1.0,1.0,0.2,0.42593795093795095,webtable-la2m_default-v=7-distilroberta-dj_adpt~kalm_instruct_v2_5-dj_adpt,omnimatch_city_test,7
capital_projects2_noisy_2.pq::Project Name,0.0,0.0,1.0,0.2,0.0,0.0,0.0,0.0,0.0,1.0,1.0,0.0,0.0,0.0,0.0,0.0,0.5,1.0,0.0,0.0,0.0,0.0,0.0,0.3333333333333333,1.0,0.0,0.0,0.0,0.0,0.0,0.25,1.0,0.0,0.0,0.0,0.0,0.0,0.2,1.0,0.0,0.0,0.0,0.0,0.0,0.16666666666666666,1.0,0.0,0.0,0.0,0.0,0.0,0.14285714285714285,1.0,0.0,0.0,0.0,0.0,0.0,0.125,1.0,0.0,0.0,0.0,0.0,0.0,0.1111111111111111,1.0,0.0,0.0,0.0,0.0,0.0,0.1,1.0,0.0,0.0,0.0,webtable-la2m_default-v=7-distilroberta-dj_adpt~kalm_instruct_v2_5-dj_adpt,omnimatch_city_test,7
capital_projects2_noisy_3.pq::Borough,1.0,0.25,1.0,0.25,1.0,1.0,0.25,0.2,0.25,0.8,1.0,1.0,1.0,0.25,0.1,0.25,0.4,1.0,1.0,1.0,0.25,0.13333333333333333,0.5,0.26666666666666666,1.0,1.0,1.0,0.28846153846153844,0.2,1.0,0.2,1.0,1.0,1.0,0.39416006787330315,0.16,1.0,0.16,1.0,1.0,1.0,0.39416006787330315,0.13333333333333333,1.0,0.13333333333333333,1.0,1.0,1.0,0.39416006787330315,0.11428571428571428,1.0,0.11428571428571428,1.0,1.0,1.0,0.39416006787330315,0.1,1.0,0.1,1.0,1.0,1.0,0.39416006787330315,0.08888888888888889,1.0,0.08888888888888889,1.0,1.0,1.0,0.39416006787330315,0.08,1.0,0.08,1.0,1.0,1.0,0.39416006787330315,webtable-la2m_default-v=7-distilroberta-dj_adpt~kalm_instruct_v2_5-dj_adpt,omnimatch_city_test,7
capital_projects2_noisy_3.pq::Managing Agency,0.0,0.0,1.0,0.25,0.0,0.0,0.0,0.0,0.0,0.8,1.0,0.0,0.0,0.0,0.0,0.0,0.4,1.0,0.0,0.0,0.0,0.0,0.0,0.26666666666666666,1.0,0.0,0.0,0.0,0.0,0.0,0.2,1.0,0.0,0.0,0.0,0.16,1.0,0.16,1.0,1.0,0.045454545454545456,0.10435276679841897,0.13333333333333333,1.0,0.13333333333333333,1.0,1.0,0.045454545454545456,0.10435276679841897,0.11428571428571428,1.0,0.11428571428571428,1.0,1.0,0.045454545454545456,0.10435276679841897,0.1,1.0,0.1,1.0,1.0,0.045454545454545456,0.10435276679841897,0.08888888888888889,1.0,0.08888888888888889,1.0,1.0,0.045454545454545456,0.10435276679841897,0.08,1.0,0.08,1.0,1.0,0.045454545454545456,0.10435276679841897,webtable-la2m_default-v=7-distilroberta-dj_adpt~kalm_instruct_v2_5-dj_adpt,omnimatch_city_test,7
capital_projects2_noisy_3.pq::PID,0.0,0.0,1.0,0.1111111111111111,0.0,0.0,0.0,0.0,0.0,1.0,0.5555555555555556,0.0,0.0,0.0,0.0,0.0,0.9,1.0,0.0,0.0,0.0,0.0,0.0,0.6,1.0,0.0,0.0,0.0,0.0,0.0,0.45,1.0,0.0,0.0,0.0,0.0,0.0,0.36,1.0,0.0,0.0,0.0,0.0,0.0,0.3,1.0,0.0,0.0,0.0,0.0,0.0,0.2571428571428571,1.0,0.0,0.0,0.0,0.0,0.0,0.225,1.0,0.0,0.0,0.0,0.0,0.0,0.2,1.0,0.0,0.0,0.0,0.0,0.0,0.18,1.0,0.0,0.0,0.0,webtable-la2m_default-v=7-distilroberta-dj_adpt~kalm_instruct_v2_5-dj_adpt,omnimatch_city_test,7
capital_projects2_noisy_3.pq::Project Name,1.0,0.14285714285714285,1.0,0.14285714285714285,1.0,1.0,0.14285714285714285,1.0,0.7142857142857143,1.0,0.7142857142857143,1.0,1.0,0.7142857142857143,0.7,1.0,0.7,1.0,1.0,1.0,1.0,0.4666666666666667,1.0,0.4666666666666667,1.0,1.0,1.0,1.0,0.35,1.0,0.35,1.0,1.0,1.0,1.0,0.28,1.0,0.28,1.0,1.0,1.0,1.0,0.23333333333333334,1.0,0.23333333333333334,1.0,1.0,1.0,1.0,0.2,1.0,0.2,1.0,1.0,1.0,1.0,0.175,1.0,0.175,1.0,1.0,1.0,1.0,0.15555555555555556,1.0,0.15555555555555556,1.0,1.0,1.0,1.0,0.14,1.0,0.14,1.0,1.0,1.0,1.0,webtable-la2m_default-v=7-distilroberta-dj_adpt~kalm_instruct_v2_5-dj_adpt,omnimatch_city_test,7
capital_projects2_noisy_4.pq::Category,1.0,0.3333333333333333,1.0,0.3333333333333333,1.0,1.0,0.3333333333333333,0.6,1.0,0.6,1.0,1.0,1.0,0.9166666666666666,0.3,1.0,0.3,1.0,1.0,1.0,0.9166666666666666,0.2,1.0,0.2,1.0,1.0,1.0,0.9166666666666666,0.15,1.0,0.15,1.0,1.0,1.0,0.9166666666666666,0.12,1.0,0.12,1.0,1.0,1.0,0.9166666666666666,0.1,1.0,0.1,1.0,1.0,1.0,0.9166666666666666,0.08571428571428572,1.0,0.08571428571428572,1.0,1.0,1.0,0.9166666666666666,0.075,1.0,0.075,1.0,1.0,1.0,0.9166666666666666,0.06666666666666667,1.0,0.06666666666666667,1.0,1.0,1.0,0.9166666666666666,0.06,1.0,0.06,1.0,1.0,1.0,0.9166666666666666,webtable-la2m_default-v=7-distilroberta-dj_adpt~kalm_instruct_v2_5-dj_adpt,omnimatch_city_test,7
capital_projects2_noisy_4.pq::PID,0.0,0.0,1.0,0.25,0.0,0.0,0.0,0.0,0.0,0.8,1.0,0.0,0.0,0.0,0.0,0.0,0.4,1.0,0.0,0.0,0.0,0.0,0.0,0.26666666666666666,1.0,0.0,0.0,0.0,0.0,0.0,0.2,1.0,0.0,0.0,0.0,0.0,0.0,0.16,1.0,0.0,0.0,0.0,0.0,0.0,0.13333333333333333,1.0,0.0,0.0,0.0,0.0,0.0,0.11428571428571428,1.0,0.0,0.0,0.0,0.0,0.0,0.1,1.0,0.0,0.0,0.0,0.0,0.0,0.08888888888888889,1.0,0.0,0.0,0.0,0.0,0.0,0.08,1.0,0.0,0.0,0.0,webtable-la2m_default-v=7-distilroberta-dj_adpt~kalm_instruct_v2_5-dj_adpt,omnimatch_city_test,7
capital_projects2_noisy_4.pq::Project Name,0.0,0.0,1.0,0.3333333333333333,0.0,0.0,0.0,0.0,0.0,0.6,1.0,0.0,0.0,0.0,0.0,0.0,0.3,1.0,0.0,0.0,0.0,0.0,0.0,0.2,1.0,0.0,0.0,0.0,0.0,0.0,0.15,1.0,0.0,0.0,0.0,0.0,0.0,0.12,1.0,0.0,0.0,0.0,0.0,0.0,0.1,1.0,0.0,0.0,0.0,0.0,0.0,0.08571428571428572,1.0,0.0,0.0,0.0,0.0,0.0,0.075,1.0,0.0,0.0,0.0,0.0,0.0,0.06666666666666667,1.0,0.0,0.0,0.0,0.0,0.0,0.06,1.0,0.0,0.0,0.0,webtable-la2m_default-v=7-distilroberta-dj_adpt~kalm_instruct_v2_5-dj_adpt,omnimatch_city_test,7
capital_projects2_noisy_5.pq::Borough,0.0,0.0,1.0,0.5,0.0,0.0,0.0,0.0,0.0,0.4,1.0,0.0,0.0,0.0,0.2,1.0,0.2,1.0,1.0,0.1111111111111111,0.15555555555555556,0.13333333333333333,1.0,0.13333333333333333,1.0,1.0,0.1111111111111111,0.15555555555555556,0.1,1.0,0.1,1.0,1.0,0.1111111111111111,0.15555555555555556,0.08,1.0,0.08,1.0,1.0,0.1111111111111111,0.15555555555555556,0.06666666666666667,1.0,0.06666666666666667,1.0,1.0,0.1111111111111111,0.15555555555555556,0.05714285714285714,1.0,0.05714285714285714,1.0,1.0,0.1111111111111111,0.15555555555555556,0.05,1.0,0.05,1.0,1.0,0.1111111111111111,0.15555555555555556,0.044444444444444446,1.0,0.044444444444444446,1.0,1.0,0.1111111111111111,0.15555555555555556,0.04,1.0,0.04,1.0,1.0,0.1111111111111111,0.15555555555555556,webtable-la2m_default-v=7-distilroberta-dj_adpt~kalm_instruct_v2_5-dj_adpt,omnimatch_city_test,7
capital_projects2_noisy_5.pq::PID,0.0,0.0,1.0,0.5,0.0,0.0,0.0,0.0,0.0,0.4,1.0,0.0,0.0,0.0,0.0,0.0,0.2,1.0,0.0,0.0,0.0,0.0,0.0,0.13333333333333333,1.0,0.0,0.0,0.0,0.0,0.0,0.1,1.0,0.0,0.0,0.0,0.0,0.0,0.08,1.0,0.0,0.0,0.0,0.0,0.0,0.06666666666666667,1.0,0.0,0.0,0.0,0.0,0.0,0.05714285714285714,1.0,0.0,0.0,0.0,0.0,0.0,0.05,1.0,0.0,0.0,0.0,0.0,0.0,0.044444444444444446,1.0,0.0,0.0,0.0,0.0,0.0,0.04,1.0,0.0,0.0,0.0,webtable-la2m_default-v=7-distilroberta-dj_adpt~kalm_instruct_v2_5-dj_adpt,omnimatch_city_test,7
capital_projects2_noisy_6.pq::Category,0.0,0.0,1.0,0.5,0.0,0.0,0.0,0.4,1.0,0.4,1.0,1.0,0.3333333333333333,0.41666666666666663,0.2,1.0,0.2,1.0,1.0,0.3333333333333333,0.41666666666666663,0.13333333333333333,1.0,0.13333333333333333,1.0,1.0,0.3333333333333333,0.41666666666666663,0.1,1.0,0.1,1.0,1.0,0.3333333333333333,0.41666666666666663,0.08,1.0,0.08,1.0,1.0,0.3333333333333333,0.41666666666666663,0.06666666666666667,1.0,0.06666666666666667,1.0,1.0,0.3333333333333333,0.41666666666666663,0.05714285714285714,1.0,0.05714285714285714,1.0,1.0,0.3333333333333333,0.41666666666666663,0.05,1.0,0.05,1.0,1.0,0.3333333333333333,0.41666666666666663,0.044444444444444446,1.0,0.044444444444444446,1.0,1.0,0.3333333333333333,0.41666666666666663,0.04,1.0,0.04,1.0,1.0,0.3333333333333333,0.41666666666666663,webtable-la2m_default-v=7-distilroberta-dj_adpt~kalm_instruct_v2_5-dj_adpt,omnimatch_city_test,7
capital_projects2_noisy_6.pq::PID,0.0,0.0,1.0,0.3333333333333333,0.0,0.0,0.0,0.2,0.3333333333333333,0.6,1.0,1.0,0.3333333333333333,0.1111111111111111,0.2,0.6666666666666666,0.3,1.0,1.0,0.3333333333333333,0.1851851851851852,0.2,1.0,0.2,1.0,1.0,0.3333333333333333,0.26851851851851855,0.15,1.0,0.15,1.0,1.0,0.3333333333333333,0.26851851851851855,0.12,1.0,0.12,1.0,1.0,0.3333333333333333,0.26851851851851855,0.1,1.0,0.1,1.0,1.0,0.3333333333333333,0.26851851851851855,0.08571428571428572,1.0,0.08571428571428572,1.0,1.0,0.3333333333333333,0.26851851851851855,0.075,1.0,0.075,1.0,1.0,0.3333333333333333,0.26851851851851855,0.06666666666666667,1.0,0.06666666666666667,1.0,1.0,0.3333333333333333,0.26851851851851855,0.06,1.0,0.06,1.0,1.0,0.3333333333333333,0.26851851851851855,webtable-la2m_default-v=7-distilroberta-dj_adpt~kalm_instruct_v2_5-dj_adpt,omnimatch_city_test,7
capital_projects2_noisy_6.pq::Project Name,0.0,0.0,1.0,0.5,0.0,0.0,0.0,0.0,0.0,0.4,1.0,0.0,0.0,0.0,0.0,0.0,0.2,1.0,0.0,0.0,0.0,0.0,0.0,0.13333333333333333,1.0,0.0,0.0,0.0,0.0,0.0,0.1,1.0,0.0,0.0,0.0,0.0,0.0,0.08,1.0,0.0,0.0,0.0,0.0,0.0,0.06666666666666667,1.0,0.0,0.0,0.0,0.0,0.0,0.05714285714285714,1.0,0.0,0.0,0.0,0.0,0.0,0.05,1.0,0.0,0.0,0.0,0.0,0.0,0.044444444444444446,1.0,0.0,0.0,0.0,0.0,0.0,0.04,1.0,0.0,0.0,0.0,webtable-la2m_default-v=7-distilroberta-dj_adpt~kalm_instruct_v2_5-dj_adpt,omnimatch_city_test,7
capital_projects2_noisy_7.pq::Borough,0.0,0.0,1.0,0.3333333333333333,0.0,0.0,0.0,0.0,0.0,0.6,1.0,0.0,0.0,0.0,0.1,0.3333333333333333,0.3,1.0,1.0,0.1,0.03333333333333333,0.2,1.0,0.2,1.0,1.0,0.1,0.17727272727272728,0.15,1.0,0.15,1.0,1.0,0.1,0.17727272727272728,0.12,1.0,0.12,1.0,1.0,0.1,0.17727272727272728,0.1,1.0,0.1,1.0,1.0,0.1,0.17727272727272728,0.08571428571428572,1.0,0.08571428571428572,1.0,1.0,0.1,0.17727272727272728,0.075,1.0,0.075,1.0,1.0,0.1,0.17727272727272728,0.06666666666666667,1.0,0.06666666666666667,1.0,1.0,0.1,0.17727272727272728,0.06,1.0,0.06,1.0,1.0,0.1,0.17727272727272728,webtable-la2m_default-v=7-distilroberta-dj_adpt~kalm_instruct_v2_5-dj_adpt,omnimatch_city_test,7
capital_projects2_noisy_7.pq::Managing Agency,0.0,0.0,1.0,1.0,0.0,0.0,0.0,0.0,0.0,0.2,1.0,0.0,0.0,0.0,0.0,0.0,0.1,1.0,0.0,0.0,0.0,0.0,0.0,0.06666666666666667,1.0,0.0,0.0,0.0,0.0,0.0,0.05,1.0,0.0,0.0,0.0,0.0,0.0,0.04,1.0,0.0,0.0,0.0,0.0,0.0,0.03333333333333333,1.0,0.0,0.0,0.0,0.0,0.0,0.02857142857142857,1.0,0.0,0.0,0.0,0.0,0.0,0.025,1.0,0.0,0.0,0.0,0.022222222222222223,1.0,0.022222222222222223,1.0,1.0,0.022727272727272728,0.022727272727272728,0.02,1.0,0.02,1.0,1.0,0.022727272727272728,0.022727272727272728,webtable-la2m_default-v=7-distilroberta-dj_adpt~kalm_instruct_v2_5-dj_adpt,omnimatch_city_test,7
capital_projects2_noisy_7.pq::PID,0.0,0.0,1.0,0.2,0.0,0.0,0.0,0.0,0.0,1.0,1.0,0.0,0.0,0.0,0.0,0.0,0.5,1.0,0.0,0.0,0.0,0.0,0.0,0.3333333333333333,1.0,0.0,0.0,0.0,0.0,0.0,0.25,1.0,0.0,0.0,0.0,0.0,0.0,0.2,1.0,0.0,0.0,0.0,0.0,0.0,0.16666666666666666,1.0,0.0,0.0,0.0,0.0,0.0,0.14285714285714285,1.0,0.0,0.0,0.0,0.0,0.0,0.125,1.0,0.0,0.0,0.0,0.0,0.0,0.1111111111111111,1.0,0.0,0.0,0.0,0.0,0.0,0.1,1.0,0.0,0.0,0.0,webtable-la2m_default-v=7-distilroberta-dj_adpt~kalm_instruct_v2_5-dj_adpt,omnimatch_city_test,7
capital_projects2_noisy_8.pq::Borough,0.0,0.0,1.0,1.0,0.0,0.0,0.0,0.0,0.0,0.2,1.0,0.0,0.0,0.0,0.1,1.0,0.1,1.0,1.0,0.1,0.1,0.06666666666666667,1.0,0.06666666666666667,1.0,1.0,0.1,0.1,0.05,1.0,0.05,1.0,1.0,0.1,0.1,0.04,1.0,0.04,1.0,1.0,0.1,0.1,0.03333333333333333,1.0,0.03333333333333333,1.0,1.0,0.1,0.1,0.02857142857142857,1.0,0.02857142857142857,1.0,1.0,0.1,0.1,0.025,1.0,0.025,1.0,1.0,0.1,0.1,0.022222222222222223,1.0,0.022222222222222223,1.0,1.0,0.1,0.1,0.02,1.0,0.02,1.0,1.0,0.1,0.1,webtable-la2m_default-v=7-distilroberta-dj_adpt~kalm_instruct_v2_5-dj_adpt,omnimatch_city_test,7
capital_projects2_noisy_8.pq::Category,0.0,0.0,1.0,1.0,0.0,0.0,0.0,0.2,1.0,0.2,1.0,1.0,0.25,0.25,0.1,1.0,0.1,1.0,1.0,0.25,0.25,0.06666666666666667,1.0,0.06666666666666667,1.0,1.0,0.25,0.25,0.05,1.0,0.05,1.0,1.0,0.25,0.25,0.04,1.0,0.04,1.0,1.0,0.25,0.25,0.03333333333333333,1.0,0.03333333333333333,1.0,1.0,0.25,0.25,0.02857142857142857,1.0,0.02857142857142857,1.0,1.0,0.25,0.25,0.025,1.0,0.025,1.0,1.0,0.25,0.25,0.022222222222222223,1.0,0.022222222222222223,1.0,1.0,0.25,0.25,0.02,1.0,0.02,1.0,1.0,0.25,0.25,webtable-la2m_default-v=7-distilroberta-dj_adpt~kalm_instruct_v2_5-dj_adpt,omnimatch_city_test,7
capital_projects2_noisy_8.pq::PID,0.0,0.0,1.0,1.0,0.0,0.0,0.0,0.2,1.0,0.2,1.0,1.0,0.5,0.5,0.1,1.0,0.1,1.0,1.0,0.5,0.5,0.06666666666666667,1.0,0.06666666666666667,1.0,1.0,0.5,0.5,0.05,1.0,0.05,1.0,1.0,0.5,0.5,0.04,1.0,0.04,1.0,1.0,0.5,0.5,0.03333333333333333,1.0,0.03333333333333333,1.0,1.0,0.5,0.5,0.02857142857142857,1.0,0.02857142857142857,1.0,1.0,0.5,0.5,0.025,1.0,0.025,1.0,1.0,0.5,0.5,0.022222222222222223,1.0,0.022222222222222223,1.0,1.0,0.5,0.5,0.02,1.0,0.02,1.0,1.0,0.5,0.5,webtable-la2m_default-v=7-distilroberta-dj_adpt~kalm_instruct_v2_5-dj_adpt,omnimatch_city_test,7
capital_projects2_noisy_8.pq::Project Name,0.0,0.0,1.0,1.0,0.0,0.0,0.0,0.0,0.0,0.2,1.0,0.0,0.0,0.0,0.0,0.0,0.1,1.0,0.0,0.0,0.0,0.0,0.0,0.06666666666666667,1.0,0.0,0.0,0.0,0.0,0.0,0.05,1.0,0.0,0.0,0.0,0.0,0.0,0.04,1.0,0.0,0.0,0.0,0.0,0.0,0.03333333333333333,1.0,0.0,0.0,0.0,0.0,0.0,0.02857142857142857,1.0,0.0,0.0,0.0,0.0,0.0,0.025,1.0,0.0,0.0,0.0,0.0,0.0,0.022222222222222223,1.0,0.0,0.0,0.0,0.0,0.0,0.02,1.0,0.0,0.0,0.0,webtable-la2m_default-v=7-distilroberta-dj_adpt~kalm_instruct_v2_5-dj_adpt,omnimatch_city_test,7
capital_projects2_noisy_9.pq::Category,0.0,0.0,1.0,0.16666666666666666,0.0,0.0,0.0,0.0,0.0,1.0,0.8333333333333334,0.0,0.0,0.0,0.0,0.0,0.6,1.0,0.0,0.0,0.0,0.0,0.0,0.4,1.0,0.0,0.0,0.0,0.0,0.0,0.3,1.0,0.0,0.0,0.0,0.0,0.0,0.24,1.0,0.0,0.0,0.0,0.0,0.0,0.2,1.0,0.0,0.0,0.0,0.0,0.0,0.17142857142857143,1.0,0.0,0.0,0.0,0.0,0.0,0.15,1.0,0.0,0.0,0.0,0.0,0.0,0.13333333333333333,1.0,0.0,0.0,0.0,0.0,0.0,0.12,1.0,0.0,0.0,0.0,webtable-la2m_default-v=7-distilroberta-dj_adpt~kalm_instruct_v2_5-dj_adpt,omnimatch_city_test,7
capital_projects2_noisy_9.pq::Managing Agency,0.0,0.0,1.0,0.3333333333333333,0.0,0.0,0.0,0.0,0.0,0.6,1.0,0.0,0.0,0.0,0.0,0.0,0.3,1.0,0.0,0.0,0.0,0.0,0.0,0.2,1.0,0.0,0.0,0.0,0.0,0.0,0.15,1.0,0.0,0.0,0.0,0.0,0.0,0.12,1.0,0.0,0.0,0.0,0.0,0.0,0.1,1.0,0.0,0.0,0.0,0.0,0.0,0.08571428571428572,1.0,0.0,0.0,0.0,0.0,0.0,0.075,1.0,0.0,0.0,0.0,0.0,0.0,0.06666666666666667,1.0,0.0,0.0,0.0,0.0,0.0,0.06,1.0,0.0,0.0,0.0,webtable-la2m_default-v=7-distilroberta-dj_adpt~kalm_instruct_v2_5-dj_adpt,omnimatch_city_test,7
capital_projects2_noisy_9.pq::PID,0.0,0.0,1.0,0.125,0.0,0.0,0.0,0.0,0.0,1.0,0.625,0.0,0.0,0.0,0.0,0.0,0.8,1.0,0.0,0.0,0.0,0.0,0.0,0.5333333333333333,1.0,0.0,0.0,0.0,0.0,0.0,0.4,1.0,0.0,0.0,0.0,0.0,0.0,0.32,1.0,0.0,0.0,0.0,0.0,0.0,0.26666666666666666,1.0,0.0,0.0,0.0,0.0,0.0,0.22857142857142856,1.0,0.0,0.0,0.0,0.0,0.0,0.2,1.0,0.0,0.0,0.0,0.0,0.0,0.17777777777777778,1.0,0.0,0.0,0.0,0.0,0.0,0.16,1.0,0.0,0.0,0.0,webtable-la2m_default-v=7-distilroberta-dj_adpt~kalm_instruct_v2_5-dj_adpt,omnimatch_city_test,7
capital_projects2_noisy_9.pq::Project Name,0.0,0.0,1.0,0.16666666666666666,0.0,0.0,0.0,0.0,0.0,1.0,0.8333333333333334,0.0,0.0,0.0,0.0,0.0,0.6,1.0,0.0,0.0,0.0,0.0,0.0,0.4,1.0,0.0,0.0,0.0,0.0,0.0,0.3,1.0,0.0,0.0,0.0,0.0,0.0,0.24,1.0,0.0,0.0,0.0,0.0,0.0,0.2,1.0,0.0,0.0,0.0,0.0,0.0,0.17142857142857143,1.0,0.0,0.0,0.0,0.0,0.0,0.15,1.0,0.0,0.0,0.0,0.0,0.0,0.13333333333333333,1.0,0.0,0.0,0.0,0.0,0.0,0.12,1.0,0.0,0.0,0.0,webtable-la2m_default-v=7-distilroberta-dj_adpt~kalm_instruct_v2_5-dj_adpt,omnimatch_city_test,7
city_record_online_noisy_0.pq::AgencyName,0.0,0.0,1.0,0.25,0.0,0.0,0.0,0.0,0.0,0.8,1.0,0.0,0.0,0.0,0.0,0.0,0.4,1.0,0.0,0.0,0.0,0.0,0.0,0.26666666666666666,1.0,0.0,0.0,0.0,0.0,0.0,0.2,1.0,0.0,0.0,0.0,0.0,0.0,0.16,1.0,0.0,0.0,0.0,0.0,0.0,0.13333333333333333,1.0,0.0,0.0,0.0,0.05714285714285714,0.5,0.11428571428571428,1.0,1.0,0.03125,0.022098214285714284,0.1,1.0,0.1,1.0,1.0,0.03125,0.06924733709273183,0.08888888888888889,1.0,0.08888888888888889,1.0,1.0,0.03125,0.06924733709273183,0.08,1.0,0.08,1.0,1.0,0.03125,0.06924733709273183,webtable-la2m_default-v=7-distilroberta-dj_adpt~kalm_instruct_v2_5-dj_adpt,omnimatch_city_test,7
city_record_online_noisy_0.pq::CategoryDescription,1.0,0.25,1.0,0.25,1.0,1.0,0.25,0.8,1.0,0.8,1.0,1.0,1.0,1.0,0.4,1.0,0.4,1.0,1.0,1.0,1.0,0.26666666666666666,1.0,0.26666666666666666,1.0,1.0,1.0,1.0,0.2,1.0,0.2,1.0,1.0,1.0,1.0,0.16,1.0,0.16,1.0,1.0,1.0,1.0,0.13333333333333333,1.0,0.13333333333333333,1.0,1.0,1.0,1.0,0.11428571428571428,1.0,0.11428571428571428,1.0,1.0,1.0,1.0,0.1,1.0,0.1,1.0,1.0,1.0,1.0,0.08888888888888889,1.0,0.08888888888888889,1.0,1.0,1.0,1.0,0.08,1.0,0.08,1.0,1.0,1.0,1.0,webtable-la2m_default-v=7-distilroberta-dj_adpt~kalm_instruct_v2_5-dj_adpt,omnimatch_city_test,7
city_record_online_noisy_0.pq::EndDate,1.0,0.25,1.0,0.25,1.0,1.0,0.25,0.6,0.75,0.8,1.0,1.0,1.0,0.65,0.3,0.75,0.4,1.0,1.0,1.0,0.65,0.26666666666666666,1.0,0.26666666666666666,1.0,1.0,1.0,0.7166666666666667,0.2,1.0,0.2,1.0,1.0,1.0,0.7166666666666667,0.16,1.0,0.16,1.0,1.0,1.0,0.7166666666666667,0.13333333333333333,1.0,0.13333333333333333,1.0,1.0,1.0,0.7166666666666667,0.11428571428571428,1.0,0.11428571428571428,1.0,1.0,1.0,0.7166666666666667,0.1,1.0,0.1,1.0,1.0,1.0,0.7166666666666667,0.08888888888888889,1.0,0.08888888888888889,1.0,1.0,1.0,0.7166666666666667,0.08,1.0,0.08,1.0,1.0,1.0,0.7166666666666667,webtable-la2m_default-v=7-distilroberta-dj_adpt~kalm_instruct_v2_5-dj_adpt,omnimatch_city_test,7
city_record_online_noisy_0.pq::RequestID,0.0,0.0,1.0,0.125,0.0,0.0,0.0,0.0,0.0,1.0,0.625,0.0,0.0,0.0,0.0,0.0,0.8,1.0,0.0,0.0,0.0,0.0,0.0,0.5333333333333333,1.0,0.0,0.0,0.0,0.0,0.0,0.4,1.0,0.0,0.0,0.0,0.0,0.0,0.32,1.0,0.0,0.0,0.0,0.0,0.0,0.26666666666666666,1.0,0.0,0.0,0.0,0.0,0.0,0.22857142857142856,1.0,0.0,0.0,0.0,0.0,0.0,0.2,1.0,0.0,0.0,0.0,0.0,0.0,0.17777777777777778,1.0,0.0,0.0,0.0,0.0,0.0,0.16,1.0,0.0,0.0,0.0,webtable-la2m_default-v=7-distilroberta-dj_adpt~kalm_instruct_v2_5-dj_adpt,omnimatch_city_test,7
city_record_online_noisy_0.pq::SelectionMethodDescription,1.0,0.25,1.0,0.25,1.0,1.0,0.25,0.2,0.25,0.8,1.0,1.0,1.0,0.25,0.1,0.25,0.4,1.0,1.0,1.0,0.25,0.06666666666666667,0.25,0.26666666666666666,1.0,1.0,1.0,0.25,0.05,0.25,0.2,1.0,1.0,1.0,0.25,0.08,0.5,0.16,1.0,1.0,1.0,0.2708333333333333,0.06666666666666667,0.5,0.13333333333333333,1.0,1.0,1.0,0.2708333333333333,0.05714285714285714,0.5,0.11428571428571428,1.0,1.0,1.0,0.2708333333333333,0.05,0.5,0.1,1.0,1.0,1.0,0.2708333333333333,0.044444444444444446,0.5,0.08888888888888889,1.0,1.0,1.0,0.2708333333333333,0.04,0.5,0.08,1.0,1.0,1.0,0.2708333333333333,webtable-la2m_default-v=7-distilroberta-dj_adpt~kalm_instruct_v2_5-dj_adpt,omnimatch_city_test,7
city_record_online_noisy_0.pq::ShortTitle,0.0,0.0,1.0,0.25,0.0,0.0,0.0,0.0,0.0,0.8,1.0,0.0,0.0,0.0,0.0,0.0,0.4,1.0,0.0,0.0,0.0,0.0,0.0,0.26666666666666666,1.0,0.0,0.0,0.0,0.0,0.0,0.2,1.0,0.0,0.0,0.0,0.0,0.0,0.16,1.0,0.0,0.0,0.0,0.03333333333333333,0.25,0.13333333333333333,1.0,1.0,0.03333333333333333,0.008333333333333333,0.02857142857142857,0.25,0.11428571428571428,1.0,1.0,0.03333333333333333,0.008333333333333333,0.05,0.5,0.1,1.0,1.0,0.03333333333333333,0.021846846846846846,0.08888888888888889,1.0,0.08888888888888889,1.0,1.0,0.03333333333333333,0.06295980365747808,0.08,1.0,0.08,1.0,1.0,0.03333333333333333,0.06295980365747808,webtable-la2m_default-v=7-distilroberta-dj_adpt~kalm_instruct_v2_5-dj_adpt,omnimatch_city_test,7
city_record_online_noisy_0.pq::StartDate,0.0,0.0,1.0,0.25,0.0,0.0,0.0,0.0,0.0,0.8,1.0,0.0,0.0,0.0,0.0,0.0,0.4,1.0,0.0,0.0,0.0,0.0,0.0,0.26666666666666666,1.0,0.0,0.0,0.0,0.0,0.0,0.2,1.0,0.0,0.0,0.0,0.0,0.0,0.16,1.0,0.0,0.0,0.0,0.0,0.0,0.13333333333333333,1.0,0.0,0.0,0.0,0.0,0.0,0.11428571428571428,1.0,0.0,0.0,0.0,0.0,0.0,0.1,1.0,0.0,0.0,0.0,0.06666666666666667,0.75,0.08888888888888889,1.0,1.0,0.023255813953488372,0.03384425651867512,0.06,0.75,0.08,1.0,1.0,0.023255813953488372,0.03384425651867512,webtable-la2m_default-v=7-distilroberta-dj_adpt~kalm_instruct_v2_5-dj_adpt,omnimatch_city_test,7
city_record_online_noisy_0.pq::TypeOfNoticeDescription,0.0,0.0,1.0,0.25,0.0,0.0,0.0,0.0,0.0,0.8,1.0,0.0,0.0,0.0,0.2,0.5,0.4,1.0,1.0,0.16666666666666666,0.11309523809523808,0.2,0.75,0.26666666666666666,1.0,1.0,0.16666666666666666,0.1630952380952381,0.15,0.75,0.2,1.0,1.0,0.16666666666666666,0.1630952380952381,0.12,0.75,0.16,1.0,1.0,0.16666666666666666,0.1630952380952381,0.1,0.75,0.13333333333333333,1.0,1.0,0.16666666666666666,0.1630952380952381,0.08571428571428572,0.75,0.11428571428571428,1.0,1.0,0.16666666666666666,0.1630952380952381,0.075,0.75,0.1,1.0,1.0,0.16666666666666666,0.1630952380952381,0.06666666666666667,0.75,0.08888888888888889,1.0,1.0,0.16666666666666666,0.1630952380952381,0.06,0.75,0.08,1.0,1.0,0.16666666666666666,0.1630952380952381,webtable-la2m_default-v=7-distilroberta-dj_adpt~kalm_instruct_v2_5-dj_adpt,omnimatch_city_test,7
city_record_online_noisy_1.pq::AddressToRequest,0.0,0.0,1.0,0.5,0.0,0.0,0.0,0.0,0.0,0.4,1.0,0.0,0.0,0.0,0.1,0.5,0.2,1.0,1.0,0.1,0.05,0.13333333333333333,1.0,0.13333333333333333,1.0,1.0,0.1,0.14090909090909093,0.1,1.0,0.1,1.0,1.0,0.1,0.14090909090909093,0.08,1.0,0.08,1.0,1.0,0.1,0.14090909090909093,0.06666666666666667,1.0,0.06666666666666667,1.0,1.0,0.1,0.14090909090909093,0.05714285714285714,1.0,0.05714285714285714,1.0,1.0,0.1,0.14090909090909093,0.05,1.0,0.05,1.0,1.0,0.1,0.14090909090909093,0.044444444444444446,1.0,0.044444444444444446,1.0,1.0,0.1,0.14090909090909093,0.04,1.0,0.04,1.0,1.0,0.1,0.14090909090909093,webtable-la2m_default-v=7-distilroberta-dj_adpt~kalm_instruct_v2_5-dj_adpt,omnimatch_city_test,7
city_record_online_noisy_1.pq::ContactFax,1.0,0.5,1.0,0.5,1.0,1.0,0.5,0.4,1.0,0.4,1.0,1.0,1.0,0.8333333333333333,0.2,1.0,0.2,1.0,1.0,1.0,0.8333333333333333,0.13333333333333333,1.0,0.13333333333333333,1.0,1.0,1.0,0.8333333333333333,0.1,1.0,0.1,1.0,1.0,1.0,0.8333333333333333,0.08,1.0,0.08,1.0,1.0,1.0,0.8333333333333333,0.06666666666666667,1.0,0.06666666666666667,1.0,1.0,1.0,0.8333333333333333,0.05714285714285714,1.0,0.05714285714285714,1.0,1.0,1.0,0.8333333333333333,0.05,1.0,0.05,1.0,1.0,1.0,0.8333333333333333,0.044444444444444446,1.0,0.044444444444444446,1.0,1.0,1.0,0.8333333333333333,0.04,1.0,0.04,1.0,1.0,1.0,0.8333333333333333,webtable-la2m_default-v=7-distilroberta-dj_adpt~kalm_instruct_v2_5-dj_adpt,omnimatch_city_test,7
city_record_online_noisy_1.pq::ContactName,0.0,0.0,1.0,0.5,0.0,0.0,0.0,0.4,1.0,0.4,1.0,1.0,0.5,0.5833333333333333,0.2,1.0,0.2,1.0,1.0,0.5,0.5833333333333333,0.13333333333333333,1.0,0.13333333333333333,1.0,1.0,0.5,0.5833333333333333,0.1,1.0,0.1,1.0,1.0,0.5,0.5833333333333333,0.08,1.0,0.08,1.0,1.0,0.5,0.5833333333333333,0.06666666666666667,1.0,0.06666666666666667,1.0,1.0,0.5,0.5833333333333333,0.05714285714285714,1.0,0.05714285714285714,1.0,1.0,0.5,0.5833333333333333,0.05,1.0,0.05,1.0,1.0,0.5,0.5833333333333333,0.044444444444444446,1.0,0.044444444444444446,1.0,1.0,0.5,0.5833333333333333,0.04,1.0,0.04,1.0,1.0,0.5,0.5833333333333333,webtable-la2m_default-v=7-distilroberta-dj_adpt~kalm_instruct_v2_5-dj_adpt,omnimatch_city_test,7
city_record_online_noisy_1.pq::ContactPhone,0.0,0.0,1.0,0.5,0.0,0.0,0.0,0.0,0.0,0.4,1.0,0.0,0.0,0.0,0.0,0.0,0.2,1.0,0.0,0.0,0.0,0.0,0.0,0.13333333333333333,1.0,0.0,0.0,0.0,0.0,0.0,0.1,1.0,0.0,0.0,0.0,0.0,0.0,0.08,1.0,0.0,0.0,0.0,0.0,0.0,0.06666666666666667,1.0,0.0,0.0,0.0,0.0,0.0,0.05714285714285714,1.0,0.0,0.0,0.0,0.0,0.0,0.05,1.0,0.0,0.0,0.0,0.0,0.0,0.044444444444444446,1.0,0.0,0.0,0.0,0.0,0.0,0.04,1.0,0.0,0.0,0.0,webtable-la2m_default-v=7-distilroberta-dj_adpt~kalm_instruct_v2_5-dj_adpt,omnimatch_city_test,7
city_record_online_noisy_1.pq::DueDate,0.0,0.0,1.0,0.5,0.0,0.0,0.0,0.0,0.0,0.4,1.0,0.0,0.0,0.0,0.0,0.0,0.2,1.0,0.0,0.0,0.0,0.0,0.0,0.13333333333333333,1.0,0.0,0.0,0.0,0.0,0.0,0.1,1.0,0.0,0.0,0.0,0.0,0.0,0.08,1.0,0.0,0.0,0.0,0.06666666666666667,1.0,0.06666666666666667,1.0,1.0,0.038461538461538464,0.054945054945054944,0.05714285714285714,1.0,0.05714285714285714,1.0,1.0,0.038461538461538464,0.054945054945054944,0.05,1.0,0.05,1.0,1.0,0.038461538461538464,0.054945054945054944,0.044444444444444446,1.0,0.044444444444444446,1.0,1.0,0.038461538461538464,0.054945054945054944,0.04,1.0,0.04,1.0,1.0,0.038461538461538464,0.054945054945054944,webtable-la2m_default-v=7-distilroberta-dj_adpt~kalm_instruct_v2_5-dj_adpt,omnimatch_city_test,7
city_record_online_noisy_1.pq::Email,0.0,0.0,1.0,0.5,0.0,0.0,0.0,0.0,0.0,0.4,1.0,0.0,0.0,0.0,0.0,0.0,0.2,1.0,0.0,0.0,0.0,0.0,0.0,0.13333333333333333,1.0,0.0,0.0,0.0,0.0,0.0,0.1,1.0,0.0,0.0,0.0,0.0,0.0,0.08,1.0,0.0,0.0,0.0,0.03333333333333333,0.5,0.06666666666666667,1.0,1.0,0.034482758620689655,0.017241379310344827,0.05714285714285714,1.0,0.05714285714285714,1.0,1.0,0.034482758620689655,0.04754440961337513,0.05,1.0,0.05,1.0,1.0,0.034482758620689655,0.04754440961337513,0.044444444444444446,1.0,0.044444444444444446,1.0,1.0,0.034482758620689655,0.04754440961337513,0.04,1.0,0.04,1.0,1.0,0.034482758620689655,0.04754440961337513,webtable-la2m_default-v=7-distilroberta-dj_adpt~kalm_instruct_v2_5-dj_adpt,omnimatch_city_test,7
city_record_online_noisy_1.pq::PIN,1.0,0.3333333333333333,1.0,0.3333333333333333,1.0,1.0,0.3333333333333333,0.6,1.0,0.6,1.0,1.0,1.0,0.8055555555555555,0.3,1.0,0.3,1.0,1.0,1.0,0.8055555555555555,0.2,1.0,0.2,1.0,1.0,1.0,0.8055555555555555,0.15,1.0,0.15,1.0,1.0,1.0,0.8055555555555555,0.12,1.0,0.12,1.0,1.0,1.0,0.8055555555555555,0.1,1.0,0.1,1.0,1.0,1.0,0.8055555555555555,0.08571428571428572,1.0,0.08571428571428572,1.0,1.0,1.0,0.8055555555555555,0.075,1.0,0.075,1.0,1.0,1.0,0.8055555555555555,0.06666666666666667,1.0,0.06666666666666667,1.0,1.0,1.0,0.8055555555555555,0.06,1.0,0.06,1.0,1.0,1.0,0.8055555555555555,webtable-la2m_default-v=7-distilroberta-dj_adpt~kalm_instruct_v2_5-dj_adpt,omnimatch_city_test,7
city_record_online_noisy_1.pq::RequestID,0.0,0.0,1.0,0.2,0.0,0.0,0.0,0.2,0.2,1.0,1.0,1.0,0.5,0.1,0.1,0.2,0.5,1.0,1.0,0.5,0.1,0.06666666666666667,0.2,0.3333333333333333,1.0,1.0,0.5,0.1,0.05,0.2,0.25,1.0,1.0,0.5,0.1,0.04,0.2,0.2,1.0,1.0,0.5,0.1,0.03333333333333333,0.2,0.16666666666666666,1.0,1.0,0.5,0.1,0.02857142857142857,0.2,0.14285714285714285,1.0,1.0,0.5,0.1,0.025,0.2,0.125,1.0,1.0,0.5,0.1,0.022222222222222223,0.2,0.1111111111111111,1.0,1.0,0.5,0.1,0.02,0.2,0.1,1.0,1.0,0.5,0.1,webtable-la2m_default-v=7-distilroberta-dj_adpt~kalm_instruct_v2_5-dj_adpt,omnimatch_city_test,7
city_record_online_noisy_1.pq::SectionName,1.0,0.5,1.0,0.5,1.0,1.0,0.5,0.4,1.0,0.4,1.0,1.0,1.0,0.8333333333333333,0.2,1.0,0.2,1.0,1.0,1.0,0.8333333333333333,0.13333333333333333,1.0,0.13333333333333333,1.0,1.0,1.0,0.8333333333333333,0.1,1.0,0.1,1.0,1.0,1.0,0.8333333333333333,0.08,1.0,0.08,1.0,1.0,1.0,0.8333333333333333,0.06666666666666667,1.0,0.06666666666666667,1.0,1.0,1.0,0.8333333333333333,0.05714285714285714,1.0,0.05714285714285714,1.0,1.0,1.0,0.8333333333333333,0.05,1.0,0.05,1.0,1.0,1.0,0.8333333333333333,0.044444444444444446,1.0,0.044444444444444446,1.0,1.0,1.0,0.8333333333333333,0.04,1.0,0.04,1.0,1.0,1.0,0.8333333333333333,webtable-la2m_default-v=7-distilroberta-dj_adpt~kalm_instruct_v2_5-dj_adpt,omnimatch_city_test,7
city_record_online_noisy_2.pq::AgencyName,0.0,0.0,1.0,0.5,0.0,0.0,0.0,0.0,0.0,0.4,1.0,0.0,0.0,0.0,0.0,0.0,0.2,1.0,0.0,0.0,0.0,0.0,0.0,0.13333333333333333,1.0,0.0,0.0,0.0,0.05,0.5,0.1,1.0,1.0,0.058823529411764705,0.029411764705882353,0.04,0.5,0.08,1.0,1.0,0.058823529411764705,0.029411764705882353,0.03333333333333333,0.5,0.06666666666666667,1.0,1.0,0.058823529411764705,0.029411764705882353,0.02857142857142857,0.5,0.05714285714285714,1.0,1.0,0.058823529411764705,0.029411764705882353,0.025,0.5,0.05,1.0,1.0,0.058823529411764705,0.029411764705882353,0.044444444444444446,1.0,0.044444444444444446,1.0,1.0,0.058823529411764705,0.052667578659370724,0.04,1.0,0.04,1.0,1.0,0.058823529411764705,0.052667578659370724,webtable-la2m_default-v=7-distilroberta-dj_adpt~kalm_instruct_v2_5-dj_adpt,omnimatch_city_test,7
city_record_online_noisy_2.pq::CategoryDescription,1.0,0.5,1.0,0.5,1.0,1.0,0.5,0.4,1.0,0.4,1.0,1.0,1.0,0.7,0.2,1.0,0.2,1.0,1.0,1.0,0.7,0.13333333333333333,1.0,0.13333333333333333,1.0,1.0,1.0,0.7,0.1,1.0,0.1,1.0,1.0,1.0,0.7,0.08,1.0,0.08,1.0,1.0,1.0,0.7,0.06666666666666667,1.0,0.06666666666666667,1.0,1.0,1.0,0.7,0.05714285714285714,1.0,0.05714285714285714,1.0,1.0,1.0,0.7,0.05,1.0,0.05,1.0,1.0,1.0,0.7,0.044444444444444446,1.0,0.044444444444444446,1.0,1.0,1.0,0.7,0.04,1.0,0.04,1.0,1.0,1.0,0.7,webtable-la2m_default-v=7-distilroberta-dj_adpt~kalm_instruct_v2_5-dj_adpt,omnimatch_city_test,7
city_record_online_noisy_2.pq::EndDate,0.0,0.0,1.0,0.5,0.0,0.0,0.0,0.0,0.0,0.4,1.0,0.0,0.0,0.0,0.2,1.0,0.2,1.0,1.0,0.16666666666666666,0.20833333333333331,0.13333333333333333,1.0,0.13333333333333333,1.0,1.0,0.16666666666666666,0.20833333333333331,0.1,1.0,0.1,1.0,1.0,0.16666666666666666,0.20833333333333331,0.08,1.0,0.08,1.0,1.0,0.16666666666666666,0.20833333333333331,0.06666666666666667,1.0,0.06666666666666667,1.0,1.0,0.16666666666666666,0.20833333333333331,0.05714285714285714,1.0,0.05714285714285714,1.0,1.0,0.16666666666666666,0.20833333333333331,0.05,1.0,0.05,1.0,1.0,0.16666666666666666,0.20833333333333331,0.044444444444444446,1.0,0.044444444444444446,1.0,1.0,0.16666666666666666,0.20833333333333331,0.04,1.0,0.04,1.0,1.0,0.16666666666666666,0.20833333333333331,webtable-la2m_default-v=7-distilroberta-dj_adpt~kalm_instruct_v2_5-dj_adpt,omnimatch_city_test,7
city_record_online_noisy_2.pq::RequestID,0.0,0.0,1.0,0.25,0.0,0.0,0.0,0.0,0.0,0.8,1.0,0.0,0.0,0.0,0.0,0.0,0.4,1.0,0.0,0.0,0.0,0.0,0.0,0.26666666666666666,1.0,0.0,0.0,0.0,0.0,0.0,0.2,1.0,0.0,0.0,0.0,0.0,0.0,0.16,1.0,0.0,0.0,0.0,0.0,0.0,0.13333333333333333,1.0,0.0,0.0,0.0,0.0,0.0,0.11428571428571428,1.0,0.0,0.0,0.0,0.0,0.0,0.1,1.0,0.0,0.0,0.0,0.0,0.0,0.08888888888888889,1.0,0.0,0.0,0.0,0.0,0.0,0.08,1.0,0.0,0.0,0.0,webtable-la2m_default-v=7-distilroberta-dj_adpt~kalm_instruct_v2_5-dj_adpt,omnimatch_city_test,7
city_record_online_noisy_2.pq::SelectionMethodDescription,0.0,0.0,1.0,0.5,0.0,0.0,0.0,0.0,0.0,0.4,1.0,0.0,0.0,0.0,0.1,0.5,0.2,1.0,1.0,0.14285714285714285,0.07142857142857142,0.06666666666666667,0.5,0.13333333333333333,1.0,1.0,0.14285714285714285,0.07142857142857142,0.1,1.0,0.1,1.0,1.0,0.14285714285714285,0.12698412698412698,0.08,1.0,0.08,1.0,1.0,0.14285714285714285,0.12698412698412698,0.06666666666666667,1.0,0.06666666666666667,1.0,1.0,0.14285714285714285,0.12698412698412698,0.05714285714285714,1.0,0.05714285714285714,1.0,1.0,0.14285714285714285,0.12698412698412698,0.05,1.0,0.05,1.0,1.0,0.14285714285714285,0.12698412698412698,0.044444444444444446,1.0,0.044444444444444446,1.0,1.0,0.14285714285714285,0.12698412698412698,0.04,1.0,0.04,1.0,1.0,0.14285714285714285,0.12698412698412698,webtable-la2m_default-v=7-distilroberta-dj_adpt~kalm_instruct_v2_5-dj_adpt,omnimatch_city_test,7
city_record_online_noisy_2.pq::ShortTitle,0.0,0.0,1.0,0.5,0.0,0.0,0.0,0.0,0.0,0.4,1.0,0.0,0.0,0.0,0.1,0.5,0.2,1.0,1.0,0.14285714285714285,0.07142857142857142,0.06666666666666667,0.5,0.13333333333333333,1.0,1.0,0.14285714285714285,0.07142857142857142,0.05,0.5,0.1,1.0,1.0,0.14285714285714285,0.07142857142857142,0.08,1.0,0.08,1.0,1.0,0.14285714285714285,0.11142857142857143,0.06666666666666667,1.0,0.06666666666666667,1.0,1.0,0.14285714285714285,0.11142857142857143,0.05714285714285714,1.0,0.05714285714285714,1.0,1.0,0.14285714285714285,0.11142857142857143,0.05,1.0,0.05,1.0,1.0,0.14285714285714285,0.11142857142857143,0.044444444444444446,1.0,0.044444444444444446,1.0,1.0,0.14285714285714285,0.11142857142857143,0.04,1.0,0.04,1.0,1.0,0.14285714285714285,0.11142857142857143,webtable-la2m_default-v=7-distilroberta-dj_adpt~kalm_instruct_v2_5-dj_adpt,omnimatch_city_test,7
city_record_online_noisy_2.pq::StartDate,1.0,0.5,1.0,0.5,1.0,1.0,0.5,0.4,1.0,0.4,1.0,1.0,1.0,0.7,0.2,1.0,0.2,1.0,1.0,1.0,0.7,0.13333333333333333,1.0,0.13333333333333333,1.0,1.0,1.0,0.7,0.1,1.0,0.1,1.0,1.0,1.0,0.7,0.08,1.0,0.08,1.0,1.0,1.0,0.7,0.06666666666666667,1.0,0.06666666666666667,1.0,1.0,1.0,0.7,0.05714285714285714,1.0,0.05714285714285714,1.0,1.0,1.0,0.7,0.05,1.0,0.05,1.0,1.0,1.0,0.7,0.044444444444444446,1.0,0.044444444444444446,1.0,1.0,1.0,0.7,0.04,1.0,0.04,1.0,1.0,1.0,0.7,webtable-la2m_default-v=7-distilroberta-dj_adpt~kalm_instruct_v2_5-dj_adpt,omnimatch_city_test,7
city_record_online_noisy_2.pq::TypeOfNoticeDescription,0.0,0.0,1.0,0.5,0.0,0.0,0.0,0.0,0.0,0.4,1.0,0.0,0.0,0.0,0.1,0.5,0.2,1.0,1.0,0.1111111111111111,0.05555555555555555,0.06666666666666667,0.5,0.13333333333333333,1.0,1.0,0.1111111111111111,0.05555555555555555,0.05,0.5,0.1,1.0,1.0,0.1111111111111111,0.05555555555555555,0.04,0.5,0.08,1.0,1.0,0.1111111111111111,0.05555555555555555,0.03333333333333333,0.5,0.06666666666666667,1.0,1.0,0.1111111111111111,0.05555555555555555,0.02857142857142857,0.5,0.05714285714285714,1.0,1.0,0.1111111111111111,0.05555555555555555,0.05,1.0,0.05,1.0,1.0,0.1111111111111111,0.08333333333333333,0.044444444444444446,1.0,0.044444444444444446,1.0,1.0,0.1111111111111111,0.08333333333333333,0.04,1.0,0.04,1.0,1.0,0.1111111111111111,0.08333333333333333,webtable-la2m_default-v=7-distilroberta-dj_adpt~kalm_instruct_v2_5-dj_adpt,omnimatch_city_test,7
city_record_online_noisy_3.pq::AddressToRequest,0.0,0.0,1.0,0.3333333333333333,0.0,0.0,0.0,0.0,0.0,0.6,1.0,0.0,0.0,0.0,0.2,0.6666666666666666,0.3,1.0,1.0,0.1111111111111111,0.1037037037037037,0.13333333333333333,0.6666666666666666,0.2,1.0,1.0,0.1111111111111111,0.1037037037037037,0.1,0.6666666666666666,0.15,1.0,1.0,0.1111111111111111,0.1037037037037037,0.12,1.0,0.12,1.0,1.0,0.1111111111111111,0.14915824915824916,0.1,1.0,0.1,1.0,1.0,0.1111111111111111,0.14915824915824916,0.08571428571428572,1.0,0.08571428571428572,1.0,1.0,0.1111111111111111,0.14915824915824916,0.075,1.0,0.075,1.0,1.0,0.1111111111111111,0.14915824915824916,0.06666666666666667,1.0,0.06666666666666667,1.0,1.0,0.1111111111111111,0.14915824915824916,0.06,1.0,0.06,1.0,1.0,0.1111111111111111,0.14915824915824916,webtable-la2m_default-v=7-distilroberta-dj_adpt~kalm_instruct_v2_5-dj_adpt,omnimatch_city_test,7
city_record_online_noisy_3.pq::ContactFax,0.0,0.0,1.0,0.3333333333333333,0.0,0.0,0.0,0.0,0.0,0.6,1.0,0.0,0.0,0.0,0.0,0.0,0.3,1.0,0.0,0.0,0.0,0.0,0.0,0.2,1.0,0.0,0.0,0.0,0.0,0.0,0.15,1.0,0.0,0.0,0.0,0.0,0.0,0.12,1.0,0.0,0.0,0.0,0.0,0.0,0.1,1.0,0.0,0.0,0.0,0.0,0.0,0.08571428571428572,1.0,0.0,0.0,0.0,0.0,0.0,0.075,1.0,0.0,0.0,0.0,0.0,0.0,0.06666666666666667,1.0,0.0,0.0,0.0,0.0,0.0,0.06,1.0,0.0,0.0,0.0,webtable-la2m_default-v=7-distilroberta-dj_adpt~kalm_instruct_v2_5-dj_adpt,omnimatch_city_test,7
city_record_online_noisy_3.pq::ContactName,1.0,0.3333333333333333,1.0,0.3333333333333333,1.0,1.0,0.3333333333333333,0.4,0.6666666666666666,0.6,1.0,1.0,1.0,0.6666666666666666,0.2,0.6666666666666666,0.3,1.0,1.0,1.0,0.6666666666666666,0.13333333333333333,0.6666666666666666,0.2,1.0,1.0,1.0,0.6666666666666666,0.1,0.6666666666666666,0.15,1.0,1.0,1.0,0.6666666666666666,0.08,0.6666666666666666,0.12,1.0,1.0,1.0,0.6666666666666666,0.06666666666666667,0.6666666666666666,0.1,1.0,1.0,1.0,0.6666666666666666,0.05714285714285714,0.6666666666666666,0.08571428571428572,1.0,1.0,1.0,0.6666666666666666,0.05,0.6666666666666666,0.075,1.0,1.0,1.0,0.6666666666666666,0.044444444444444446,0.6666666666666666,0.06666666666666667,1.0,1.0,1.0,0.6666666666666666,0.04,0.6666666666666666,0.06,1.0,1.0,1.0,0.6666666666666666,webtable-la2m_default-v=7-distilroberta-dj_adpt~kalm_instruct_v2_5-dj_adpt,omnimatch_city_test,7
city_record_online_noisy_3.pq::ContactPhone,0.0,0.0,1.0,0.3333333333333333,0.0,0.0,0.0,0.0,0.0,0.6,1.0,0.0,0.0,0.0,0.0,0.0,0.3,1.0,0.0,0.0,0.0,0.13333333333333333,0.6666666666666666,0.2,1.0,1.0,0.09090909090909091,0.08585858585858586,0.15,1.0,0.15,1.0,1.0,0.09090909090909091,0.13849016480595427,0.12,1.0,0.12,1.0,1.0,0.09090909090909091,0.13849016480595427,0.1,1.0,0.1,1.0,1.0,0.09090909090909091,0.13849016480595427,0.08571428571428572,1.0,0.08571428571428572,1.0,1.0,0.09090909090909091,0.13849016480595427,0.075,1.0,0.075,1.0,1.0,0.09090909090909091,0.13849016480595427,0.06666666666666667,1.0,0.06666666666666667,1.0,1.0,0.09090909090909091,0.13849016480595427,0.06,1.0,0.06,1.0,1.0,0.09090909090909091,0.13849016480595427,webtable-la2m_default-v=7-distilroberta-dj_adpt~kalm_instruct_v2_5-dj_adpt,omnimatch_city_test,7
city_record_online_noisy_3.pq::DueDate,1.0,0.3333333333333333,1.0,0.3333333333333333,1.0,1.0,0.3333333333333333,0.2,0.3333333333333333,0.6,1.0,1.0,1.0,0.3333333333333333,0.1,0.3333333333333333,0.3,1.0,1.0,1.0,0.3333333333333333,0.06666666666666667,0.3333333333333333,0.2,1.0,1.0,1.0,0.3333333333333333,0.05,0.3333333333333333,0.15,1.0,1.0,1.0,0.3333333333333333,0.04,0.3333333333333333,0.12,1.0,1.0,1.0,0.3333333333333333,0.06666666666666667,0.6666666666666666,0.1,1.0,1.0,1.0,0.35714285714285715,0.08571428571428572,1.0,0.08571428571428572,1.0,1.0,1.0,0.3894009216589862,0.075,1.0,0.075,1.0,1.0,1.0,0.3894009216589862,0.06666666666666667,1.0,0.06666666666666667,1.0,1.0,1.0,0.3894009216589862,0.06,1.0,0.06,1.0,1.0,1.0,0.3894009216589862,webtable-la2m_default-v=7-distilroberta-dj_adpt~kalm_instruct_v2_5-dj_adpt,omnimatch_city_test,7
city_record_online_noisy_3.pq::Email,1.0,0.3333333333333333,1.0,0.3333333333333333,1.0,1.0,0.3333333333333333,0.4,0.6666666666666666,0.6,1.0,1.0,1.0,0.5555555555555555,0.2,0.6666666666666666,0.3,1.0,1.0,1.0,0.5555555555555555,0.13333333333333333,0.6666666666666666,0.2,1.0,1.0,1.0,0.5555555555555555,0.1,0.6666666666666666,0.15,1.0,1.0,1.0,0.5555555555555555,0.08,0.6666666666666666,0.12,1.0,1.0,1.0,0.5555555555555555,0.06666666666666667,0.6666666666666666,0.1,1.0,1.0,1.0,0.5555555555555555,0.05714285714285714,0.6666666666666666,0.08571428571428572,1.0,1.0,1.0,0.5555555555555555,0.05,0.6666666666666666,0.075,1.0,1.0,1.0,0.5555555555555555,0.044444444444444446,0.6666666666666666,0.06666666666666667,1.0,1.0,1.0,0.5555555555555555,0.04,0.6666666666666666,0.06,1.0,1.0,1.0,0.5555555555555555,webtable-la2m_default-v=7-distilroberta-dj_adpt~kalm_instruct_v2_5-dj_adpt,omnimatch_city_test,7
city_record_online_noisy_3.pq::PIN,0.0,0.0,1.0,0.25,0.0,0.0,0.0,0.0,0.0,0.8,1.0,0.0,0.0,0.0,0.0,0.0,0.4,1.0,0.0,0.0,0.0,0.0,0.0,0.26666666666666666,1.0,0.0,0.0,0.0,0.0,0.0,0.2,1.0,0.0,0.0,0.0,0.0,0.0,0.16,1.0,0.0,0.0,0.0,0.0,0.0,0.13333333333333333,1.0,0.0,0.0,0.0,0.02857142857142857,0.25,0.11428571428571428,1.0,1.0,0.02857142857142857,0.007142857142857143,0.075,0.75,0.1,1.0,1.0,0.02857142857142857,0.04076858813700919,0.08888888888888889,1.0,0.08888888888888889,1.0,1.0,0.02857142857142857,0.06299081035923142,0.08,1.0,0.08,1.0,1.0,0.02857142857142857,0.06299081035923142,webtable-la2m_default-v=7-distilroberta-dj_adpt~kalm_instruct_v2_5-dj_adpt,omnimatch_city_test,7
city_record_online_noisy_3.pq::RequestID,0.0,0.0,1.0,0.14285714285714285,0.0,0.0,0.0,0.0,0.0,1.0,0.7142857142857143,0.0,0.0,0.0,0.0,0.0,0.7,1.0,0.0,0.0,0.0,0.0,0.0,0.4666666666666667,1.0,0.0,0.0,0.0,0.0,0.0,0.35,1.0,0.0,0.0,0.0,0.0,0.0,0.28,1.0,0.0,0.0,0.0,0.0,0.0,0.23333333333333334,1.0,0.0,0.0,0.0,0.0,0.0,0.2,1.0,0.0,0.0,0.0,0.0,0.0,0.175,1.0,0.0,0.0,0.0,0.0,0.0,0.15555555555555556,1.0,0.0,0.0,0.0,0.02,0.14285714285714285,0.14,1.0,1.0,0.02,0.002857142857142857,webtable-la2m_default-v=7-distilroberta-dj_adpt~kalm_instruct_v2_5-dj_adpt,omnimatch_city_test,7
city_record_online_noisy_3.pq::SectionName,0.0,0.0,1.0,0.3333333333333333,0.0,0.0,0.0,0.0,0.0,0.6,1.0,0.0,0.0,0.0,0.0,0.0,0.3,1.0,0.0,0.0,0.0,0.0,0.0,0.2,1.0,0.0,0.0,0.0,0.1,0.6666666666666666,0.15,1.0,1.0,0.058823529411764705,0.056644880174291944,0.08,0.6666666666666666,0.12,1.0,1.0,0.058823529411764705,0.056644880174291944,0.1,1.0,0.1,1.0,1.0,0.058823529411764705,0.09112763879498159,0.08571428571428572,1.0,0.08571428571428572,1.0,1.0,0.058823529411764705,0.09112763879498159,0.075,1.0,0.075,1.0,1.0,0.058823529411764705,0.09112763879498159,0.06666666666666667,1.0,0.06666666666666667,1.0,1.0,0.058823529411764705,0.09112763879498159,0.06,1.0,0.06,1.0,1.0,0.058823529411764705,0.09112763879498159,webtable-la2m_default-v=7-distilroberta-dj_adpt~kalm_instruct_v2_5-dj_adpt,omnimatch_city_test,7
city_record_online_noisy_4.pq::RequestID,0.0,0.0,1.0,1.0,0.0,0.0,0.0,0.0,0.0,0.2,1.0,0.0,0.0,0.0,0.0,0.0,0.1,1.0,0.0,0.0,0.0,0.0,0.0,0.06666666666666667,1.0,0.0,0.0,0.0,0.0,0.0,0.05,1.0,0.0,0.0,0.0,0.0,0.0,0.04,1.0,0.0,0.0,0.0,0.0,0.0,0.03333333333333333,1.0,0.0,0.0,0.0,0.0,0.0,0.02857142857142857,1.0,0.0,0.0,0.0,0.0,0.0,0.025,1.0,0.0,0.0,0.0,0.0,0.0,0.022222222222222223,1.0,0.0,0.0,0.0,0.0,0.0,0.02,1.0,0.0,0.0,0.0,webtable-la2m_default-v=7-distilroberta-dj_adpt~kalm_instruct_v2_5-dj_adpt,omnimatch_city_test,7
city_record_online_noisy_5.pq::AddressToRequest,0.0,0.0,1.0,1.0,0.0,0.0,0.0,0.0,0.0,0.2,1.0,0.0,0.0,0.0,0.0,0.0,0.1,1.0,0.0,0.0,0.0,0.0,0.0,0.06666666666666667,1.0,0.0,0.0,0.0,0.0,0.0,0.05,1.0,0.0,0.0,0.0,0.0,0.0,0.04,1.0,0.0,0.0,0.0,0.0,0.0,0.03333333333333333,1.0,0.0,0.0,0.0,0.0,0.0,0.02857142857142857,1.0,0.0,0.0,0.0,0.0,0.0,0.025,1.0,0.0,0.0,0.0,0.0,0.0,0.022222222222222223,1.0,0.0,0.0,0.0,0.02,1.0,0.02,1.0,1.0,0.02127659574468085,0.02127659574468085,webtable-la2m_default-v=7-distilroberta-dj_adpt~kalm_instruct_v2_5-dj_adpt,omnimatch_city_test,7
city_record_online_noisy_5.pq::ContactFax,0.0,0.0,1.0,1.0,0.0,0.0,0.0,0.0,0.0,0.2,1.0,0.0,0.0,0.0,0.0,0.0,0.1,1.0,0.0,0.0,0.0,0.0,0.0,0.06666666666666667,1.0,0.0,0.0,0.0,0.0,0.0,0.05,1.0,0.0,0.0,0.0,0.0,0.0,0.04,1.0,0.0,0.0,0.0,0.0,0.0,0.03333333333333333,1.0,0.0,0.0,0.0,0.0,0.0,0.02857142857142857,1.0,0.0,0.0,0.0,0.025,1.0,0.025,1.0,1.0,0.025,0.025,0.022222222222222223,1.0,0.022222222222222223,1.0,1.0,0.025,0.025,0.02,1.0,0.02,1.0,1.0,0.025,0.025,webtable-la2m_default-v=7-distilroberta-dj_adpt~kalm_instruct_v2_5-dj_adpt,omnimatch_city_test,7
city_record_online_noisy_5.pq::ContactName,0.0,0.0,1.0,1.0,0.0,0.0,0.0,0.2,1.0,0.2,1.0,1.0,0.5,0.5,0.1,1.0,0.1,1.0,1.0,0.5,0.5,0.06666666666666667,1.0,0.06666666666666667,1.0,1.0,0.5,0.5,0.05,1.0,0.05,1.0,1.0,0.5,0.5,0.04,1.0,0.04,1.0,1.0,0.5,0.5,0.03333333333333333,1.0,0.03333333333333333,1.0,1.0,0.5,0.5,0.02857142857142857,1.0,0.02857142857142857,1.0,1.0,0.5,0.5,0.025,1.0,0.025,1.0,1.0,0.5,0.5,0.022222222222222223,1.0,0.022222222222222223,1.0,1.0,0.5,0.5,0.02,1.0,0.02,1.0,1.0,0.5,0.5,webtable-la2m_default-v=7-distilroberta-dj_adpt~kalm_instruct_v2_5-dj_adpt,omnimatch_city_test,7
city_record_online_noisy_5.pq::ContactPhone,0.0,0.0,1.0,1.0,0.0,0.0,0.0,0.2,1.0,0.2,1.0,1.0,0.3333333333333333,0.3333333333333333,0.1,1.0,0.1,1.0,1.0,0.3333333333333333,0.3333333333333333,0.06666666666666667,1.0,0.06666666666666667,1.0,1.0,0.3333333333333333,0.3333333333333333,0.05,1.0,0.05,1.0,1.0,0.3333333333333333,0.3333333333333333,0.04,1.0,0.04,1.0,1.0,0.3333333333333333,0.3333333333333333,0.03333333333333333,1.0,0.03333333333333333,1.0,1.0,0.3333333333333333,0.3333333333333333,0.02857142857142857,1.0,0.02857142857142857,1.0,1.0,0.3333333333333333,0.3333333333333333,0.025,1.0,0.025,1.0,1.0,0.3333333333333333,0.3333333333333333,0.022222222222222223,1.0,0.022222222222222223,1.0,1.0,0.3333333333333333,0.3333333333333333,0.02,1.0,0.02,1.0,1.0,0.3333333333333333,0.3333333333333333,webtable-la2m_default-v=7-distilroberta-dj_adpt~kalm_instruct_v2_5-dj_adpt,omnimatch_city_test,7
city_record_online_noisy_5.pq::DueDate,0.0,0.0,1.0,1.0,0.0,0.0,0.0,0.0,0.0,0.2,1.0,0.0,0.0,0.0,0.0,0.0,0.1,1.0,0.0,0.0,0.0,0.0,0.0,0.06666666666666667,1.0,0.0,0.0,0.0,0.0,0.0,0.05,1.0,0.0,0.0,0.0,0.0,0.0,0.04,1.0,0.0,0.0,0.0,0.0,0.0,0.03333333333333333,1.0,0.0,0.0,0.0,0.0,0.0,0.02857142857142857,1.0,0.0,0.0,0.0,0.0,0.0,0.025,1.0,0.0,0.0,0.0,0.0,0.0,0.022222222222222223,1.0,0.0,0.0,0.0,0.02,1.0,0.02,1.0,1.0,0.021739130434782608,0.021739130434782608,webtable-la2m_default-v=7-distilroberta-dj_adpt~kalm_instruct_v2_5-dj_adpt,omnimatch_city_test,7
city_record_online_noisy_5.pq::Email,0.0,0.0,1.0,1.0,0.0,0.0,0.0,0.0,0.0,0.2,1.0,0.0,0.0,0.0,0.0,0.0,0.1,1.0,0.0,0.0,0.0,0.0,0.0,0.06666666666666667,1.0,0.0,0.0,0.0,0.0,0.0,0.05,1.0,0.0,0.0,0.0,0.0,0.0,0.04,1.0,0.0,0.0,0.0,0.0,0.0,0.03333333333333333,1.0,0.0,0.0,0.0,0.0,0.0,0.02857142857142857,1.0,0.0,0.0,0.0,0.0,0.0,0.025,1.0,0.0,0.0,0.0,0.0,0.0,0.022222222222222223,1.0,0.0,0.0,0.0,0.02,1.0,0.02,1.0,1.0,0.021739130434782608,0.021739130434782608,webtable-la2m_default-v=7-distilroberta-dj_adpt~kalm_instruct_v2_5-dj_adpt,omnimatch_city_test,7
city_record_online_noisy_5.pq::PIN,0.0,0.0,1.0,0.5,0.0,0.0,0.0,0.0,0.0,0.4,1.0,0.0,0.0,0.0,0.0,0.0,0.2,1.0,0.0,0.0,0.0,0.0,0.0,0.13333333333333333,1.0,0.0,0.0,0.0,0.0,0.0,0.1,1.0,0.0,0.0,0.0,0.0,0.0,0.08,1.0,0.0,0.0,0.0,0.0,0.0,0.06666666666666667,1.0,0.0,0.0,0.0,0.0,0.0,0.05714285714285714,1.0,0.0,0.0,0.0,0.0,0.0,0.05,1.0,0.0,0.0,0.0,0.0,0.0,0.044444444444444446,1.0,0.0,0.0,0.0,0.0,0.0,0.04,1.0,0.0,0.0,0.0,webtable-la2m_default-v=7-distilroberta-dj_adpt~kalm_instruct_v2_5-dj_adpt,omnimatch_city_test,7
city_record_online_noisy_5.pq::RequestID,0.0,0.0,1.0,0.3333333333333333,0.0,0.0,0.0,0.0,0.0,0.6,1.0,0.0,0.0,0.0,0.0,0.0,0.3,1.0,0.0,0.0,0.0,0.0,0.0,0.2,1.0,0.0,0.0,0.0,0.0,0.0,0.15,1.0,0.0,0.0,0.0,0.0,0.0,0.12,1.0,0.0,0.0,0.0,0.0,0.0,0.1,1.0,0.0,0.0,0.0,0.0,0.0,0.08571428571428572,1.0,0.0,0.0,0.0,0.0,0.0,0.075,1.0,0.0,0.0,0.0,0.022222222222222223,0.3333333333333333,0.06666666666666667,1.0,1.0,0.023809523809523808,0.007936507936507936,0.02,0.3333333333333333,0.06,1.0,1.0,0.023809523809523808,0.007936507936507936,webtable-la2m_default-v=7-distilroberta-dj_adpt~kalm_instruct_v2_5-dj_adpt,omnimatch_city_test,7
city_record_online_noisy_5.pq::SectionName,0.0,0.0,1.0,1.0,0.0,0.0,0.0,0.0,0.0,0.2,1.0,0.0,0.0,0.0,0.0,0.0,0.1,1.0,0.0,0.0,0.0,0.0,0.0,0.06666666666666667,1.0,0.0,0.0,0.0,0.0,0.0,0.05,1.0,0.0,0.0,0.0,0.0,0.0,0.04,1.0,0.0,0.0,0.0,0.0,0.0,0.03333333333333333,1.0,0.0,0.0,0.0,0.0,0.0,0.02857142857142857,1.0,0.0,0.0,0.0,0.0,0.0,0.025,1.0,0.0,0.0,0.0,0.0,0.0,0.022222222222222223,1.0,0.0,0.0,0.0,0.0,0.0,0.02,1.0,0.0,0.0,0.0,webtable-la2m_default-v=7-distilroberta-dj_adpt~kalm_instruct_v2_5-dj_adpt,omnimatch_city_test,7
city_record_online_noisy_6.pq::AgencyName,0.0,0.0,1.0,1.0,0.0,0.0,0.0,0.0,0.0,0.2,1.0,0.0,0.0,0.0,0.0,0.0,0.1,1.0,0.0,0.0,0.0,0.0,0.0,0.06666666666666667,1.0,0.0,0.0,0.0,0.0,0.0,0.05,1.0,0.0,0.0,0.0,0.0,0.0,0.04,1.0,0.0,0.0,0.0,0.0,0.0,0.03333333333333333,1.0,0.0,0.0,0.0,0.0,0.0,0.02857142857142857,1.0,0.0,0.0,0.0,0.0,0.0,0.025,1.0,0.0,0.0,0.0,0.0,0.0,0.022222222222222223,1.0,0.0,0.0,0.0,0.0,0.0,0.02,1.0,0.0,0.0,0.0,webtable-la2m_default-v=7-distilroberta-dj_adpt~kalm_instruct_v2_5-dj_adpt,omnimatch_city_test,7
city_record_online_noisy_6.pq::CategoryDescription,0.0,0.0,1.0,1.0,0.0,0.0,0.0,0.2,1.0,0.2,1.0,1.0,0.25,0.25,0.1,1.0,0.1,1.0,1.0,0.25,0.25,0.06666666666666667,1.0,0.06666666666666667,1.0,1.0,0.25,0.25,0.05,1.0,0.05,1.0,1.0,0.25,0.25,0.04,1.0,0.04,1.0,1.0,0.25,0.25,0.03333333333333333,1.0,0.03333333333333333,1.0,1.0,0.25,0.25,0.02857142857142857,1.0,0.02857142857142857,1.0,1.0,0.25,0.25,0.025,1.0,0.025,1.0,1.0,0.25,0.25,0.022222222222222223,1.0,0.022222222222222223,1.0,1.0,0.25,0.25,0.02,1.0,0.02,1.0,1.0,0.25,0.25,webtable-la2m_default-v=7-distilroberta-dj_adpt~kalm_instruct_v2_5-dj_adpt,omnimatch_city_test,7
city_record_online_noisy_6.pq::EndDate,0.0,0.0,1.0,1.0,0.0,0.0,0.0,0.0,0.0,0.2,1.0,0.0,0.0,0.0,0.1,1.0,0.1,1.0,1.0,0.125,0.125,0.06666666666666667,1.0,0.06666666666666667,1.0,1.0,0.125,0.125,0.05,1.0,0.05,1.0,1.0,0.125,0.125,0.04,1.0,0.04,1.0,1.0,0.125,0.125,0.03333333333333333,1.0,0.03333333333333333,1.0,1.0,0.125,0.125,0.02857142857142857,1.0,0.02857142857142857,1.0,1.0,0.125,0.125,0.025,1.0,0.025,1.0,1.0,0.125,0.125,0.022222222222222223,1.0,0.022222222222222223,1.0,1.0,0.125,0.125,0.02,1.0,0.02,1.0,1.0,0.125,0.125,webtable-la2m_default-v=7-distilroberta-dj_adpt~kalm_instruct_v2_5-dj_adpt,omnimatch_city_test,7
city_record_online_noisy_6.pq::PIN,0.0,0.0,1.0,1.0,0.0,0.0,0.0,0.0,0.0,0.2,1.0,0.0,0.0,0.0,0.1,1.0,0.1,1.0,1.0,0.1,0.1,0.06666666666666667,1.0,0.06666666666666667,1.0,1.0,0.1,0.1,0.05,1.0,0.05,1.0,1.0,0.1,0.1,0.04,1.0,0.04,1.0,1.0,0.1,0.1,0.03333333333333333,1.0,0.03333333333333333,1.0,1.0,0.1,0.1,0.02857142857142857,1.0,0.02857142857142857,1.0,1.0,0.1,0.1,0.025,1.0,0.025,1.0,1.0,0.1,0.1,0.022222222222222223,1.0,0.022222222222222223,1.0,1.0,0.1,0.1,0.02,1.0,0.02,1.0,1.0,0.1,0.1,webtable-la2m_default-v=7-distilroberta-dj_adpt~kalm_instruct_v2_5-dj_adpt,omnimatch_city_test,7
city_record_online_noisy_6.pq::RequestID,0.0,0.0,1.0,0.5,0.0,0.0,0.0,0.0,0.0,0.4,1.0,0.0,0.0,0.0,0.0,0.0,0.2,1.0,0.0,0.0,0.0,0.0,0.0,0.13333333333333333,1.0,0.0,0.0,0.0,0.0,0.0,0.1,1.0,0.0,0.0,0.0,0.0,0.0,0.08,1.0,0.0,0.0,0.0,0.0,0.0,0.06666666666666667,1.0,0.0,0.0,0.0,0.0,0.0,0.05714285714285714,1.0,0.0,0.0,0.0,0.0,0.0,0.05,1.0,0.0,0.0,0.0,0.0,0.0,0.044444444444444446,1.0,0.0,0.0,0.0,0.0,0.0,0.04,1.0,0.0,0.0,0.0,webtable-la2m_default-v=7-distilroberta-dj_adpt~kalm_instruct_v2_5-dj_adpt,omnimatch_city_test,7
city_record_online_noisy_6.pq::SelectionMethodDescription,0.0,0.0,1.0,1.0,0.0,0.0,0.0,0.0,0.0,0.2,1.0,0.0,0.0,0.0,0.0,0.0,0.1,1.0,0.0,0.0,0.0,0.0,0.0,0.06666666666666667,1.0,0.0,0.0,0.0,0.0,0.0,0.05,1.0,0.0,0.0,0.0,0.0,0.0,0.04,1.0,0.0,0.0,0.0,0.0,0.0,0.03333333333333333,1.0,0.0,0.0,0.0,0.02857142857142857,1.0,0.02857142857142857,1.0,1.0,0.02857142857142857,0.02857142857142857,0.025,1.0,0.025,1.0,1.0,0.02857142857142857,0.02857142857142857,0.022222222222222223,1.0,0.022222222222222223,1.0,1.0,0.02857142857142857,0.02857142857142857,0.02,1.0,0.02,1.0,1.0,0.02857142857142857,0.02857142857142857,webtable-la2m_default-v=7-distilroberta-dj_adpt~kalm_instruct_v2_5-dj_adpt,omnimatch_city_test,7
city_record_online_noisy_6.pq::ShortTitle,0.0,0.0,1.0,1.0,0.0,0.0,0.0,0.0,0.0,0.2,1.0,0.0,0.0,0.0,0.0,0.0,0.1,1.0,0.0,0.0,0.0,0.0,0.0,0.06666666666666667,1.0,0.0,0.0,0.0,0.0,0.0,0.05,1.0,0.0,0.0,0.0,0.0,0.0,0.04,1.0,0.0,0.0,0.0,0.0,0.0,0.03333333333333333,1.0,0.0,0.0,0.0,0.02857142857142857,1.0,0.02857142857142857,1.0,1.0,0.03225806451612903,0.03225806451612903,0.025,1.0,0.025,1.0,1.0,0.03225806451612903,0.03225806451612903,0.022222222222222223,1.0,0.022222222222222223,1.0,1.0,0.03225806451612903,0.03225806451612903,0.02,1.0,0.02,1.0,1.0,0.03225806451612903,0.03225806451612903,webtable-la2m_default-v=7-distilroberta-dj_adpt~kalm_instruct_v2_5-dj_adpt,omnimatch_city_test,7
city_record_online_noisy_6.pq::StartDate,1.0,1.0,1.0,1.0,1.0,1.0,1.0,0.2,1.0,0.2,1.0,1.0,1.0,1.0,0.1,1.0,0.1,1.0,1.0,1.0,1.0,0.06666666666666667,1.0,0.06666666666666667,1.0,1.0,1.0,1.0,0.05,1.0,0.05,1.0,1.0,1.0,1.0,0.04,1.0,0.04,1.0,1.0,1.0,1.0,0.03333333333333333,1.0,0.03333333333333333,1.0,1.0,1.0,1.0,0.02857142857142857,1.0,0.02857142857142857,1.0,1.0,1.0,1.0,0.025,1.0,0.025,1.0,1.0,1.0,1.0,0.022222222222222223,1.0,0.022222222222222223,1.0,1.0,1.0,1.0,0.02,1.0,0.02,1.0,1.0,1.0,1.0,webtable-la2m_default-v=7-distilroberta-dj_adpt~kalm_instruct_v2_5-dj_adpt,omnimatch_city_test,7
city_record_online_noisy_6.pq::TypeOfNoticeDescription,0.0,0.0,1.0,1.0,0.0,0.0,0.0,0.0,0.0,0.2,1.0,0.0,0.0,0.0,0.1,1.0,0.1,1.0,1.0,0.1,0.1,0.06666666666666667,1.0,0.06666666666666667,1.0,1.0,0.1,0.1,0.05,1.0,0.05,1.0,1.0,0.1,0.1,0.04,1.0,0.04,1.0,1.0,0.1,0.1,0.03333333333333333,1.0,0.03333333333333333,1.0,1.0,0.1,0.1,0.02857142857142857,1.0,0.02857142857142857,1.0,1.0,0.1,0.1,0.025,1.0,0.025,1.0,1.0,0.1,0.1,0.022222222222222223,1.0,0.022222222222222223,1.0,1.0,0.1,0.1,0.02,1.0,0.02,1.0,1.0,0.1,0.1,webtable-la2m_default-v=7-distilroberta-dj_adpt~kalm_instruct_v2_5-dj_adpt,omnimatch_city_test,7
city_record_online_noisy_8.pq::AgencyName,0.0,0.0,1.0,0.3333333333333333,0.0,0.0,0.0,0.0,0.0,0.6,1.0,0.0,0.0,0.0,0.0,0.0,0.3,1.0,0.0,0.0,0.0,0.0,0.0,0.2,1.0,0.0,0.0,0.0,0.0,0.0,0.15,1.0,0.0,0.0,0.0,0.0,0.0,0.12,1.0,0.0,0.0,0.0,0.0,0.0,0.1,1.0,0.0,0.0,0.0,0.05714285714285714,0.6666666666666666,0.08571428571428572,1.0,1.0,0.03225806451612903,0.031586021505376344,0.05,0.6666666666666666,0.075,1.0,1.0,0.03225806451612903,0.031586021505376344,0.06666666666666667,1.0,0.06666666666666667,1.0,1.0,0.03225806451612903,0.05431329423264907,0.06,1.0,0.06,1.0,1.0,0.03225806451612903,0.05431329423264907,webtable-la2m_default-v=7-distilroberta-dj_adpt~kalm_instruct_v2_5-dj_adpt,omnimatch_city_test,7
city_record_online_noisy_8.pq::CategoryDescription,0.0,0.0,1.0,0.3333333333333333,0.0,0.0,0.0,0.0,0.0,0.6,1.0,0.0,0.0,0.0,0.3,1.0,0.3,1.0,1.0,0.14285714285714285,0.23095238095238094,0.2,1.0,0.2,1.0,1.0,0.14285714285714285,0.23095238095238094,0.15,1.0,0.15,1.0,1.0,0.14285714285714285,0.23095238095238094,0.12,1.0,0.12,1.0,1.0,0.14285714285714285,0.23095238095238094,0.1,1.0,0.1,1.0,1.0,0.14285714285714285,0.23095238095238094,0.08571428571428572,1.0,0.08571428571428572,1.0,1.0,0.14285714285714285,0.23095238095238094,0.075,1.0,0.075,1.0,1.0,0.14285714285714285,0.23095238095238094,0.06666666666666667,1.0,0.06666666666666667,1.0,1.0,0.14285714285714285,0.23095238095238094,0.06,1.0,0.06,1.0,1.0,0.14285714285714285,0.23095238095238094,webtable-la2m_default-v=7-distilroberta-dj_adpt~kalm_instruct_v2_5-dj_adpt,omnimatch_city_test,7
city_record_online_noisy_8.pq::EndDate,0.0,0.0,1.0,0.3333333333333333,0.0,0.0,0.0,0.0,0.0,0.6,1.0,0.0,0.0,0.0,0.0,0.0,0.3,1.0,0.0,0.0,0.0,0.0,0.0,0.2,1.0,0.0,0.0,0.0,0.0,0.0,0.15,1.0,0.0,0.0,0.0,0.0,0.0,0.12,1.0,0.0,0.0,0.0,0.0,0.0,0.1,1.0,0.0,0.0,0.0,0.0,0.0,0.08571428571428572,1.0,0.0,0.0,0.0,0.025,0.3333333333333333,0.075,1.0,1.0,0.02564102564102564,0.008547008547008546,0.044444444444444446,0.6666666666666666,0.06666666666666667,1.0,1.0,0.02564102564102564,0.024420024420024417,0.04,0.6666666666666666,0.06,1.0,1.0,0.02564102564102564,0.024420024420024417,webtable-la2m_default-v=7-distilroberta-dj_adpt~kalm_instruct_v2_5-dj_adpt,omnimatch_city_test,7
city_record_online_noisy_8.pq::RequestID,0.0,0.0,1.0,0.16666666666666666,0.0,0.0,0.0,0.0,0.0,1.0,0.8333333333333334,0.0,0.0,0.0,0.0,0.0,0.6,1.0,0.0,0.0,0.0,0.0,0.0,0.4,1.0,0.0,0.0,0.0,0.0,0.0,0.3,1.0,0.0,0.0,0.0,0.0,0.0,0.24,1.0,0.0,0.0,0.0,0.0,0.0,0.2,1.0,0.0,0.0,0.0,0.0,0.0,0.17142857142857143,1.0,0.0,0.0,0.0,0.025,0.16666666666666666,0.15,1.0,1.0,0.025,0.004166666666666667,0.022222222222222223,0.16666666666666666,0.13333333333333333,1.0,1.0,0.025,0.004166666666666667,0.06,0.5,0.12,1.0,1.0,0.025,0.020969387755102042,webtable-la2m_default-v=7-distilroberta-dj_adpt~kalm_instruct_v2_5-dj_adpt,omnimatch_city_test,7
city_record_online_noisy_8.pq::SelectionMethodDescription,0.0,0.0,1.0,0.3333333333333333,0.0,0.0,0.0,0.2,0.3333333333333333,0.6,1.0,1.0,0.5,0.16666666666666666,0.1,0.3333333333333333,0.3,1.0,1.0,0.5,0.16666666666666666,0.06666666666666667,0.3333333333333333,0.2,1.0,1.0,0.5,0.16666666666666666,0.05,0.3333333333333333,0.15,1.0,1.0,0.5,0.16666666666666666,0.04,0.3333333333333333,0.12,1.0,1.0,0.5,0.16666666666666666,0.03333333333333333,0.3333333333333333,0.1,1.0,1.0,0.5,0.16666666666666666,0.02857142857142857,0.3333333333333333,0.08571428571428572,1.0,1.0,0.5,0.16666666666666666,0.025,0.3333333333333333,0.075,1.0,1.0,0.5,0.16666666666666666,0.022222222222222223,0.3333333333333333,0.06666666666666667,1.0,1.0,0.5,0.16666666666666666,0.02,0.3333333333333333,0.06,1.0,1.0,0.5,0.16666666666666666,webtable-la2m_default-v=7-distilroberta-dj_adpt~kalm_instruct_v2_5-dj_adpt,omnimatch_city_test,7
city_record_online_noisy_8.pq::ShortTitle,1.0,0.3333333333333333,1.0,0.3333333333333333,1.0,1.0,0.3333333333333333,0.2,0.3333333333333333,0.6,1.0,1.0,1.0,0.3333333333333333,0.1,0.3333333333333333,0.3,1.0,1.0,1.0,0.3333333333333333,0.06666666666666667,0.3333333333333333,0.2,1.0,1.0,1.0,0.3333333333333333,0.05,0.3333333333333333,0.15,1.0,1.0,1.0,0.3333333333333333,0.04,0.3333333333333333,0.12,1.0,1.0,1.0,0.3333333333333333,0.03333333333333333,0.3333333333333333,0.1,1.0,1.0,1.0,0.3333333333333333,0.02857142857142857,0.3333333333333333,0.08571428571428572,1.0,1.0,1.0,0.3333333333333333,0.025,0.3333333333333333,0.075,1.0,1.0,1.0,0.3333333333333333,0.044444444444444446,0.6666666666666666,0.06666666666666667,1.0,1.0,1.0,0.34959349593495936,0.04,0.6666666666666666,0.06,1.0,1.0,1.0,0.34959349593495936,webtable-la2m_default-v=7-distilroberta-dj_adpt~kalm_instruct_v2_5-dj_adpt,omnimatch_city_test,7
city_record_online_noisy_8.pq::StartDate,0.0,0.0,1.0,0.3333333333333333,0.0,0.0,0.0,0.4,0.6666666666666666,0.6,1.0,1.0,0.5,0.3,0.2,0.6666666666666666,0.3,1.0,1.0,0.5,0.3,0.13333333333333333,0.6666666666666666,0.2,1.0,1.0,0.5,0.3,0.1,0.6666666666666666,0.15,1.0,1.0,0.5,0.3,0.12,1.0,0.12,1.0,1.0,0.5,0.3416666666666666,0.1,1.0,0.1,1.0,1.0,0.5,0.3416666666666666,0.08571428571428572,1.0,0.08571428571428572,1.0,1.0,0.5,0.3416666666666666,0.075,1.0,0.075,1.0,1.0,0.5,0.3416666666666666,0.06666666666666667,1.0,0.06666666666666667,1.0,1.0,0.5,0.3416666666666666,0.06,1.0,0.06,1.0,1.0,0.5,0.3416666666666666,webtable-la2m_default-v=7-distilroberta-dj_adpt~kalm_instruct_v2_5-dj_adpt,omnimatch_city_test,7
city_record_online_noisy_8.pq::TypeOfNoticeDescription,0.0,0.0,1.0,0.3333333333333333,0.0,0.0,0.0,0.0,0.0,0.6,1.0,0.0,0.0,0.0,0.1,0.3333333333333333,0.3,1.0,1.0,0.1111111111111111,0.037037037037037035,0.06666666666666667,0.3333333333333333,0.2,1.0,1.0,0.1111111111111111,0.037037037037037035,0.05,0.3333333333333333,0.15,1.0,1.0,0.1111111111111111,0.037037037037037035,0.04,0.3333333333333333,0.12,1.0,1.0,0.1111111111111111,0.037037037037037035,0.03333333333333333,0.3333333333333333,0.1,1.0,1.0,0.1111111111111111,0.037037037037037035,0.05714285714285714,0.6666666666666666,0.08571428571428572,1.0,1.0,0.1111111111111111,0.056644880174291944,0.05,0.6666666666666666,0.075,1.0,1.0,0.1111111111111111,0.056644880174291944,0.044444444444444446,0.6666666666666666,0.06666666666666667,1.0,1.0,0.1111111111111111,0.056644880174291944,0.04,0.6666666666666666,0.06,1.0,1.0,0.1111111111111111,0.056644880174291944,webtable-la2m_default-v=7-distilroberta-dj_adpt~kalm_instruct_v2_5-dj_adpt,omnimatch_city_test,7
city_record_online_noisy_9.pq::AddressToRequest,0.0,0.0,1.0,0.25,0.0,0.0,0.0,0.4,0.5,0.8,1.0,1.0,0.3333333333333333,0.20833333333333331,0.2,0.5,0.4,1.0,1.0,0.3333333333333333,0.20833333333333331,0.13333333333333333,0.5,0.26666666666666666,1.0,1.0,0.3333333333333333,0.20833333333333331,0.2,1.0,0.2,1.0,1.0,0.3333333333333333,0.29780701754385963,0.16,1.0,0.16,1.0,1.0,0.3333333333333333,0.29780701754385963,0.13333333333333333,1.0,0.13333333333333333,1.0,1.0,0.3333333333333333,0.29780701754385963,0.11428571428571428,1.0,0.11428571428571428,1.0,1.0,0.3333333333333333,0.29780701754385963,0.1,1.0,0.1,1.0,1.0,0.3333333333333333,0.29780701754385963,0.08888888888888889,1.0,0.08888888888888889,1.0,1.0,0.3333333333333333,0.29780701754385963,0.08,1.0,0.08,1.0,1.0,0.3333333333333333,0.29780701754385963,webtable-la2m_default-v=7-distilroberta-dj_adpt~kalm_instruct_v2_5-dj_adpt,omnimatch_city_test,7
city_record_online_noisy_9.pq::ContactFax,0.0,0.0,1.0,0.25,0.0,0.0,0.0,0.0,0.0,0.8,1.0,0.0,0.0,0.0,0.0,0.0,0.4,1.0,0.0,0.0,0.0,0.0,0.0,0.26666666666666666,1.0,0.0,0.0,0.0,0.0,0.0,0.2,1.0,0.0,0.0,0.0,0.0,0.0,0.16,1.0,0.0,0.0,0.0,0.0,0.0,0.13333333333333333,1.0,0.0,0.0,0.0,0.0,0.0,0.11428571428571428,1.0,0.0,0.0,0.0,0.0,0.0,0.1,1.0,0.0,0.0,0.0,0.0,0.0,0.08888888888888889,1.0,0.0,0.0,0.0,0.0,0.0,0.08,1.0,0.0,0.0,0.0,webtable-la2m_default-v=7-distilroberta-dj_adpt~kalm_instruct_v2_5-dj_adpt,omnimatch_city_test,7
city_record_online_noisy_9.pq::ContactName,1.0,0.25,1.0,0.25,1.0,1.0,0.25,0.4,0.5,0.8,1.0,1.0,1.0,0.5,0.2,0.5,0.4,1.0,1.0,1.0,0.5,0.13333333333333333,0.5,0.26666666666666666,1.0,1.0,1.0,0.5,0.1,0.5,0.2,1.0,1.0,1.0,0.5,0.08,0.5,0.16,1.0,1.0,1.0,0.5,0.06666666666666667,0.5,0.13333333333333333,1.0,1.0,1.0,0.5,0.05714285714285714,0.5,0.11428571428571428,1.0,1.0,1.0,0.5,0.05,0.5,0.1,1.0,1.0,1.0,0.5,0.044444444444444446,0.5,0.08888888888888889,1.0,1.0,1.0,0.5,0.04,0.5,0.08,1.0,1.0,1.0,0.5,webtable-la2m_default-v=7-distilroberta-dj_adpt~kalm_instruct_v2_5-dj_adpt,omnimatch_city_test,7
city_record_online_noisy_9.pq::ContactPhone,1.0,0.25,1.0,0.25,1.0,1.0,0.25,0.8,1.0,0.8,1.0,1.0,1.0,1.0,0.4,1.0,0.4,1.0,1.0,1.0,1.0,0.26666666666666666,1.0,0.26666666666666666,1.0,1.0,1.0,1.0,0.2,1.0,0.2,1.0,1.0,1.0,1.0,0.16,1.0,0.16,1.0,1.0,1.0,1.0,0.13333333333333333,1.0,0.13333333333333333,1.0,1.0,1.0,1.0,0.11428571428571428,1.0,0.11428571428571428,1.0,1.0,1.0,1.0,0.1,1.0,0.1,1.0,1.0,1.0,1.0,0.08888888888888889,1.0,0.08888888888888889,1.0,1.0,1.0,1.0,0.08,1.0,0.08,1.0,1.0,1.0,1.0,webtable-la2m_default-v=7-distilroberta-dj_adpt~kalm_instruct_v2_5-dj_adpt,omnimatch_city_test,7
city_record_online_noisy_9.pq::DueDate,1.0,0.25,1.0,0.25,1.0,1.0,0.25,0.4,0.5,0.8,1.0,1.0,1.0,0.5,0.2,0.5,0.4,1.0,1.0,1.0,0.5,0.13333333333333333,0.5,0.26666666666666666,1.0,1.0,1.0,0.5,0.1,0.5,0.2,1.0,1.0,1.0,0.5,0.08,0.5,0.16,1.0,1.0,1.0,0.5,0.13333333333333333,1.0,0.13333333333333333,1.0,1.0,1.0,0.5634920634920635,0.11428571428571428,1.0,0.11428571428571428,1.0,1.0,1.0,0.5634920634920635,0.1,1.0,0.1,1.0,1.0,1.0,0.5634920634920635,0.08888888888888889,1.0,0.08888888888888889,1.0,1.0,1.0,0.5634920634920635,0.08,1.0,0.08,1.0,1.0,1.0,0.5634920634920635,webtable-la2m_default-v=7-distilroberta-dj_adpt~kalm_instruct_v2_5-dj_adpt,omnimatch_city_test,7
city_record_online_noisy_9.pq::Email,0.0,0.0,1.0,0.25,0.0,0.0,0.0,0.0,0.0,0.8,1.0,0.0,0.0,0.0,0.0,0.0,0.4,1.0,0.0,0.0,0.0,0.0,0.0,0.26666666666666666,1.0,0.0,0.0,0.0,0.0,0.0,0.2,1.0,0.0,0.0,0.0,0.0,0.0,0.16,1.0,0.0,0.0,0.0,0.0,0.0,0.13333333333333333,1.0,0.0,0.0,0.0,0.0,0.0,0.11428571428571428,1.0,0.0,0.0,0.0,0.0,0.0,0.1,1.0,0.0,0.0,0.0,0.022222222222222223,0.25,0.08888888888888889,1.0,1.0,0.022222222222222223,0.005555555555555556,0.04,0.5,0.08,1.0,1.0,0.022222222222222223,0.01642512077294686,webtable-la2m_default-v=7-distilroberta-dj_adpt~kalm_instruct_v2_5-dj_adpt,omnimatch_city_test,7
city_record_online_noisy_9.pq::PIN,0.0,0.0,1.0,0.2,0.0,0.0,0.0,0.0,0.0,1.0,1.0,0.0,0.0,0.0,0.0,0.0,0.5,1.0,0.0,0.0,0.0,0.0,0.0,0.3333333333333333,1.0,0.0,0.0,0.0,0.0,0.0,0.25,1.0,0.0,0.0,0.0,0.0,0.0,0.2,1.0,0.0,0.0,0.0,0.0,0.0,0.16666666666666666,1.0,0.0,0.0,0.0,0.0,0.0,0.14285714285714285,1.0,0.0,0.0,0.0,0.0,0.0,0.125,1.0,0.0,0.0,0.0,0.0,0.0,0.1111111111111111,1.0,0.0,0.0,0.0,0.0,0.0,0.1,1.0,0.0,0.0,0.0,webtable-la2m_default-v=7-distilroberta-dj_adpt~kalm_instruct_v2_5-dj_adpt,omnimatch_city_test,7
city_record_online_noisy_9.pq::RequestID,0.0,0.0,1.0,0.1111111111111111,0.0,0.0,0.0,0.0,0.0,1.0,0.5555555555555556,0.0,0.0,0.0,0.0,0.0,0.9,1.0,0.0,0.0,0.0,0.0,0.0,0.6,1.0,0.0,0.0,0.0,0.0,0.0,0.45,1.0,0.0,0.0,0.0,0.0,0.0,0.36,1.0,0.0,0.0,0.0,0.0,0.0,0.3,1.0,0.0,0.0,0.0,0.0,0.0,0.2571428571428571,1.0,0.0,0.0,0.0,0.0,0.0,0.225,1.0,0.0,0.0,0.0,0.0,0.0,0.2,1.0,0.0,0.0,0.0,0.0,0.0,0.18,1.0,0.0,0.0,0.0,webtable-la2m_default-v=7-distilroberta-dj_adpt~kalm_instruct_v2_5-dj_adpt,omnimatch_city_test,7
city_record_online_noisy_9.pq::SectionName,0.0,0.0,1.0,0.25,0.0,0.0,0.0,0.0,0.0,0.8,1.0,0.0,0.0,0.0,0.2,0.5,0.4,1.0,1.0,0.14285714285714285,0.09821428571428571,0.13333333333333333,0.5,0.26666666666666666,1.0,1.0,0.14285714285714285,0.09821428571428571,0.1,0.5,0.2,1.0,1.0,0.14285714285714285,0.09821428571428571,0.08,0.5,0.16,1.0,1.0,0.14285714285714285,0.09821428571428571,0.06666666666666667,0.5,0.13333333333333333,1.0,1.0,0.14285714285714285,0.09821428571428571,0.05714285714285714,0.5,0.11428571428571428,1.0,1.0,0.14285714285714285,0.09821428571428571,0.05,0.5,0.1,1.0,1.0,0.14285714285714285,0.09821428571428571,0.044444444444444446,0.5,0.08888888888888889,1.0,1.0,0.14285714285714285,0.09821428571428571,0.04,0.5,0.08,1.0,1.0,0.14285714285714285,0.09821428571428571,webtable-la2m_default-v=7-distilroberta-dj_adpt~kalm_instruct_v2_5-dj_adpt,omnimatch_city_test,7
civil_list_noisy_1.pq::AGENCY NAME,0.0,0.0,1.0,0.25,0.0,0.0,0.0,0.0,0.0,0.8,1.0,0.0,0.0,0.0,0.0,0.0,0.4,1.0,0.0,0.0,0.0,0.0,0.0,0.26666666666666666,1.0,0.0,0.0,0.0,0.0,0.0,0.2,1.0,0.0,0.0,0.0,0.08,0.5,0.16,1.0,1.0,0.043478260869565216,0.03170289855072464,0.06666666666666667,0.5,0.13333333333333333,1.0,1.0,0.043478260869565216,0.03170289855072464,0.05714285714285714,0.5,0.11428571428571428,1.0,1.0,0.043478260869565216,0.03170289855072464,0.05,0.5,0.1,1.0,1.0,0.043478260869565216,0.03170289855072464,0.044444444444444446,0.5,0.08888888888888889,1.0,1.0,0.043478260869565216,0.03170289855072464,0.04,0.5,0.08,1.0,1.0,0.043478260869565216,0.03170289855072464,webtable-la2m_default-v=7-distilroberta-dj_adpt~kalm_instruct_v2_5-dj_adpt,omnimatch_city_test,7
civil_list_noisy_1.pq::PAY CLASS,0.0,0.0,1.0,0.3333333333333333,0.0,0.0,0.0,0.4,0.6666666666666666,0.6,1.0,1.0,0.5,0.38888888888888884,0.2,0.6666666666666666,0.3,1.0,1.0,0.5,0.38888888888888884,0.13333333333333333,0.6666666666666666,0.2,1.0,1.0,0.5,0.38888888888888884,0.1,0.6666666666666666,0.15,1.0,1.0,0.5,0.38888888888888884,0.08,0.6666666666666666,0.12,1.0,1.0,0.5,0.38888888888888884,0.06666666666666667,0.6666666666666666,0.1,1.0,1.0,0.5,0.38888888888888884,0.05714285714285714,0.6666666666666666,0.08571428571428572,1.0,1.0,0.5,0.38888888888888884,0.05,0.6666666666666666,0.075,1.0,1.0,0.5,0.38888888888888884,0.044444444444444446,0.6666666666666666,0.06666666666666667,1.0,1.0,0.5,0.38888888888888884,0.04,0.6666666666666666,0.06,1.0,1.0,0.5,0.38888888888888884,webtable-la2m_default-v=7-distilroberta-dj_adpt~kalm_instruct_v2_5-dj_adpt,omnimatch_city_test,7
civil_list_noisy_1.pq::TITLE CODE,0.0,0.0,1.0,0.25,0.0,0.0,0.0,0.2,0.25,0.8,1.0,1.0,0.5,0.125,0.1,0.25,0.4,1.0,1.0,0.5,0.125,0.06666666666666667,0.25,0.26666666666666666,1.0,1.0,0.5,0.125,0.05,0.25,0.2,1.0,1.0,0.5,0.125,0.04,0.25,0.16,1.0,1.0,0.5,0.125,0.03333333333333333,0.25,0.13333333333333333,1.0,1.0,0.5,0.125,0.02857142857142857,0.25,0.11428571428571428,1.0,1.0,0.5,0.125,0.025,0.25,0.1,1.0,1.0,0.5,0.125,0.022222222222222223,0.25,0.08888888888888889,1.0,1.0,0.5,0.125,0.02,0.25,0.08,1.0,1.0,0.5,0.125,webtable-la2m_default-v=7-distilroberta-dj_adpt~kalm_instruct_v2_5-dj_adpt,omnimatch_city_test,7
civil_list_noisy_2.pq::AGENCY NAME,1.0,0.16666666666666666,1.0,0.16666666666666666,1.0,1.0,0.16666666666666666,0.2,0.16666666666666666,1.0,0.8333333333333334,1.0,1.0,0.16666666666666666,0.1,0.16666666666666666,0.6,1.0,1.0,1.0,0.16666666666666666,0.06666666666666667,0.16666666666666666,0.4,1.0,1.0,1.0,0.16666666666666666,0.05,0.16666666666666666,0.3,1.0,1.0,1.0,0.16666666666666666,0.04,0.16666666666666666,0.24,1.0,1.0,1.0,0.16666666666666666,0.03333333333333333,0.16666666666666666,0.2,1.0,1.0,1.0,0.16666666666666666,0.02857142857142857,0.16666666666666666,0.17142857142857143,1.0,1.0,1.0,0.16666666666666666,0.025,0.16666666666666666,0.15,1.0,1.0,1.0,0.16666666666666666,0.022222222222222223,0.16666666666666666,0.13333333333333333,1.0,1.0,1.0,0.16666666666666666,0.04,0.3333333333333333,0.12,1.0,1.0,1.0,0.17333333333333334,webtable-la2m_default-v=7-distilroberta-dj_adpt~kalm_instruct_v2_5-dj_adpt,omnimatch_city_test,7
civil_list_noisy_2.pq::CALENDAR YEAR,1.0,0.25,1.0,0.25,1.0,1.0,0.25,0.8,1.0,0.8,1.0,1.0,1.0,1.0,0.4,1.0,0.4,1.0,1.0,1.0,1.0,0.26666666666666666,1.0,0.26666666666666666,1.0,1.0,1.0,1.0,0.2,1.0,0.2,1.0,1.0,1.0,1.0,0.16,1.0,0.16,1.0,1.0,1.0,1.0,0.13333333333333333,1.0,0.13333333333333333,1.0,1.0,1.0,1.0,0.11428571428571428,1.0,0.11428571428571428,1.0,1.0,1.0,1.0,0.1,1.0,0.1,1.0,1.0,1.0,1.0,0.08888888888888889,1.0,0.08888888888888889,1.0,1.0,1.0,1.0,0.08,1.0,0.08,1.0,1.0,1.0,1.0,webtable-la2m_default-v=7-distilroberta-dj_adpt~kalm_instruct_v2_5-dj_adpt,omnimatch_city_test,7
civil_list_noisy_2.pq::TITLE CODE,0.0,0.0,1.0,0.16666666666666666,0.0,0.0,0.0,0.0,0.0,1.0,0.8333333333333334,0.0,0.0,0.0,0.0,0.0,0.6,1.0,0.0,0.0,0.0,0.0,0.0,0.4,1.0,0.0,0.0,0.0,0.0,0.0,0.3,1.0,0.0,0.0,0.0,0.0,0.0,0.24,1.0,0.0,0.0,0.0,0.0,0.0,0.2,1.0,0.0,0.0,0.0,0.0,0.0,0.17142857142857143,1.0,0.0,0.0,0.0,0.0,0.0,0.15,1.0,0.0,0.0,0.0,0.0,0.0,0.13333333333333333,1.0,0.0,0.0,0.0,0.0,0.0,0.12,1.0,0.0,0.0,0.0,webtable-la2m_default-v=7-distilroberta-dj_adpt~kalm_instruct_v2_5-dj_adpt,omnimatch_city_test,7
civil_list_noisy_3.pq::AGENCY CODE,0.0,0.0,1.0,0.3333333333333333,0.0,0.0,0.0,0.0,0.0,0.6,1.0,0.0,0.0,0.0,0.0,0.0,0.3,1.0,0.0,0.0,0.0,0.0,0.0,0.2,1.0,0.0,0.0,0.0,0.0,0.0,0.15,1.0,0.0,0.0,0.0,0.0,0.0,0.12,1.0,0.0,0.0,0.0,0.0,0.0,0.1,1.0,0.0,0.0,0.0,0.0,0.0,0.08571428571428572,1.0,0.0,0.0,0.0,0.0,0.0,0.075,1.0,0.0,0.0,0.0,0.0,0.0,0.06666666666666667,1.0,0.0,0.0,0.0,0.0,0.0,0.06,1.0,0.0,0.0,0.0,webtable-la2m_default-v=7-distilroberta-dj_adpt~kalm_instruct_v2_5-dj_adpt,omnimatch_city_test,7
civil_list_noisy_3.pq::AGENCY NAME,1.0,0.5,1.0,0.5,1.0,1.0,0.5,0.2,0.5,0.4,1.0,1.0,1.0,0.5,0.1,0.5,0.2,1.0,1.0,1.0,0.5,0.06666666666666667,0.5,0.13333333333333333,1.0,1.0,1.0,0.5,0.05,0.5,0.1,1.0,1.0,1.0,0.5,0.04,0.5,0.08,1.0,1.0,1.0,0.5,0.03333333333333333,0.5,0.06666666666666667,1.0,1.0,1.0,0.5,0.02857142857142857,0.5,0.05714285714285714,1.0,1.0,1.0,0.5,0.025,0.5,0.05,1.0,1.0,1.0,0.5,0.044444444444444446,1.0,0.044444444444444446,1.0,1.0,1.0,0.5222222222222223,0.04,1.0,0.04,1.0,1.0,1.0,0.5222222222222223,webtable-la2m_default-v=7-distilroberta-dj_adpt~kalm_instruct_v2_5-dj_adpt,omnimatch_city_test,7
civil_list_noisy_3.pq::PAY CLASS,0.0,0.0,1.0,0.5,0.0,0.0,0.0,0.0,0.0,0.4,1.0,0.0,0.0,0.0,0.0,0.0,0.2,1.0,0.0,0.0,0.0,0.0,0.0,0.13333333333333333,1.0,0.0,0.0,0.0,0.0,0.0,0.1,1.0,0.0,0.0,0.0,0.0,0.0,0.08,1.0,0.0,0.0,0.0,0.0,0.0,0.06666666666666667,1.0,0.0,0.0,0.0,0.0,0.0,0.05714285714285714,1.0,0.0,0.0,0.0,0.0,0.0,0.05,1.0,0.0,0.0,0.0,0.0,0.0,0.044444444444444446,1.0,0.0,0.0,0.0,0.0,0.0,0.04,1.0,0.0,0.0,0.0,webtable-la2m_default-v=7-distilroberta-dj_adpt~kalm_instruct_v2_5-dj_adpt,omnimatch_city_test,7
civil_list_noisy_3.pq::TITLE CODE,0.0,0.0,1.0,0.5,0.0,0.0,0.0,0.0,0.0,0.4,1.0,0.0,0.0,0.0,0.0,0.0,0.2,1.0,0.0,0.0,0.0,0.0,0.0,0.13333333333333333,1.0,0.0,0.0,0.0,0.0,0.0,0.1,1.0,0.0,0.0,0.0,0.0,0.0,0.08,1.0,0.0,0.0,0.0,0.0,0.0,0.06666666666666667,1.0,0.0,0.0,0.0,0.0,0.0,0.05714285714285714,1.0,0.0,0.0,0.0,0.0,0.0,0.05,1.0,0.0,0.0,0.0,0.0,0.0,0.044444444444444446,1.0,0.0,0.0,0.0,0.0,0.0,0.04,1.0,0.0,0.0,0.0,webtable-la2m_default-v=7-distilroberta-dj_adpt~kalm_instruct_v2_5-dj_adpt,omnimatch_city_test,7
civil_list_noisy_4.pq::AGENCY CODE,0.0,0.0,1.0,0.25,0.0,0.0,0.0,0.0,0.0,0.8,1.0,0.0,0.0,0.0,0.0,0.0,0.4,1.0,0.0,0.0,0.0,0.0,0.0,0.26666666666666666,1.0,0.0,0.0,0.0,0.0,0.0,0.2,1.0,0.0,0.0,0.0,0.0,0.0,0.16,1.0,0.0,0.0,0.0,0.0,0.0,0.13333333333333333,1.0,0.0,0.0,0.0,0.0,0.0,0.11428571428571428,1.0,0.0,0.0,0.0,0.0,0.0,0.1,1.0,0.0,0.0,0.0,0.0,0.0,0.08888888888888889,1.0,0.0,0.0,0.0,0.0,0.0,0.08,1.0,0.0,0.0,0.0,webtable-la2m_default-v=7-distilroberta-dj_adpt~kalm_instruct_v2_5-dj_adpt,omnimatch_city_test,7
civil_list_noisy_4.pq::CALENDAR YEAR,1.0,0.3333333333333333,1.0,0.3333333333333333,1.0,1.0,0.3333333333333333,0.6,1.0,0.6,1.0,1.0,1.0,0.9166666666666666,0.3,1.0,0.3,1.0,1.0,1.0,0.9166666666666666,0.2,1.0,0.2,1.0,1.0,1.0,0.9166666666666666,0.15,1.0,0.15,1.0,1.0,1.0,0.9166666666666666,0.12,1.0,0.12,1.0,1.0,1.0,0.9166666666666666,0.1,1.0,0.1,1.0,1.0,1.0,0.9166666666666666,0.08571428571428572,1.0,0.08571428571428572,1.0,1.0,1.0,0.9166666666666666,0.075,1.0,0.075,1.0,1.0,1.0,0.9166666666666666,0.06666666666666667,1.0,0.06666666666666667,1.0,1.0,1.0,0.9166666666666666,0.06,1.0,0.06,1.0,1.0,1.0,0.9166666666666666,webtable-la2m_default-v=7-distilroberta-dj_adpt~kalm_instruct_v2_5-dj_adpt,omnimatch_city_test,7
civil_list_noisy_5.pq::AGENCY NAME,1.0,0.2,1.0,0.2,1.0,1.0,0.2,0.4,0.4,1.0,1.0,1.0,1.0,0.4,0.2,0.4,0.5,1.0,1.0,1.0,0.4,0.13333333333333333,0.4,0.3333333333333333,1.0,1.0,1.0,0.4,0.1,0.4,0.25,1.0,1.0,1.0,0.4,0.08,0.4,0.2,1.0,1.0,1.0,0.4,0.06666666666666667,0.4,0.16666666666666666,1.0,1.0,1.0,0.4,0.05714285714285714,0.4,0.14285714285714285,1.0,1.0,1.0,0.4,0.05,0.4,0.125,1.0,1.0,1.0,0.4,0.044444444444444446,0.4,0.1111111111111111,1.0,1.0,1.0,0.4,0.06,0.6,0.1,1.0,1.0,1.0,0.4130434782608695,webtable-la2m_default-v=7-distilroberta-dj_adpt~kalm_instruct_v2_5-dj_adpt,omnimatch_city_test,7
civil_list_noisy_5.pq::PAY CLASS,0.0,0.0,1.0,0.25,0.0,0.0,0.0,0.0,0.0,0.8,1.0,0.0,0.0,0.0,0.0,0.0,0.4,1.0,0.0,0.0,0.0,0.0,0.0,0.26666666666666666,1.0,0.0,0.0,0.0,0.0,0.0,0.2,1.0,0.0,0.0,0.0,0.0,0.0,0.16,1.0,0.0,0.0,0.0,0.0,0.0,0.13333333333333333,1.0,0.0,0.0,0.0,0.0,0.0,0.11428571428571428,1.0,0.0,0.0,0.0,0.0,0.0,0.1,1.0,0.0,0.0,0.0,0.0,0.0,0.08888888888888889,1.0,0.0,0.0,0.0,0.0,0.0,0.08,1.0,0.0,0.0,0.0,webtable-la2m_default-v=7-distilroberta-dj_adpt~kalm_instruct_v2_5-dj_adpt,omnimatch_city_test,7
civil_list_noisy_5.pq::TITLE CODE,0.0,0.0,1.0,0.2,0.0,0.0,0.0,0.0,0.0,1.0,1.0,0.0,0.0,0.0,0.0,0.0,0.5,1.0,0.0,0.0,0.0,0.0,0.0,0.3333333333333333,1.0,0.0,0.0,0.0,0.0,0.0,0.25,1.0,0.0,0.0,0.0,0.0,0.0,0.2,1.0,0.0,0.0,0.0,0.0,0.0,0.16666666666666666,1.0,0.0,0.0,0.0,0.0,0.0,0.14285714285714285,1.0,0.0,0.0,0.0,0.0,0.0,0.125,1.0,0.0,0.0,0.0,0.0,0.0,0.1111111111111111,1.0,0.0,0.0,0.0,0.0,0.0,0.1,1.0,0.0,0.0,0.0,webtable-la2m_default-v=7-distilroberta-dj_adpt~kalm_instruct_v2_5-dj_adpt,omnimatch_city_test,7
civil_list_noisy_6.pq::AGENCY NAME,0.0,0.0,1.0,0.3333333333333333,0.0,0.0,0.0,0.0,0.0,0.6,1.0,0.0,0.0,0.0,0.0,0.0,0.3,1.0,0.0,0.0,0.0,0.0,0.0,0.2,1.0,0.0,0.0,0.0,0.05,0.3333333333333333,0.15,1.0,1.0,0.05263157894736842,0.017543859649122806,0.04,0.3333333333333333,0.12,1.0,1.0,0.05263157894736842,0.017543859649122806,0.03333333333333333,0.3333333333333333,0.1,1.0,1.0,0.05263157894736842,0.017543859649122806,0.02857142857142857,0.3333333333333333,0.08571428571428572,1.0,1.0,0.05263157894736842,0.017543859649122806,0.025,0.3333333333333333,0.075,1.0,1.0,0.05263157894736842,0.017543859649122806,0.022222222222222223,0.3333333333333333,0.06666666666666667,1.0,1.0,0.05263157894736842,0.017543859649122806,0.02,0.3333333333333333,0.06,1.0,1.0,0.05263157894736842,0.017543859649122806,webtable-la2m_default-v=7-distilroberta-dj_adpt~kalm_instruct_v2_5-dj_adpt,omnimatch_city_test,7
civil_list_noisy_6.pq::CALENDAR YEAR,1.0,0.5,1.0,0.5,1.0,1.0,0.5,0.4,1.0,0.4,1.0,1.0,1.0,0.8333333333333333,0.2,1.0,0.2,1.0,1.0,1.0,0.8333333333333333,0.13333333333333333,1.0,0.13333333333333333,1.0,1.0,1.0,0.8333333333333333,0.1,1.0,0.1,1.0,1.0,1.0,0.8333333333333333,0.08,1.0,0.08,1.0,1.0,1.0,0.8333333333333333,0.06666666666666667,1.0,0.06666666666666667,1.0,1.0,1.0,0.8333333333333333,0.05714285714285714,1.0,0.05714285714285714,1.0,1.0,1.0,0.8333333333333333,0.05,1.0,0.05,1.0,1.0,1.0,0.8333333333333333,0.044444444444444446,1.0,0.044444444444444446,1.0,1.0,1.0,0.8333333333333333,0.04,1.0,0.04,1.0,1.0,1.0,0.8333333333333333,webtable-la2m_default-v=7-distilroberta-dj_adpt~kalm_instruct_v2_5-dj_adpt,omnimatch_city_test,7
civil_list_noisy_6.pq::TITLE CODE,0.0,0.0,1.0,0.3333333333333333,0.0,0.0,0.0,0.4,0.6666666666666666,0.6,1.0,1.0,0.25,0.21666666666666667,0.2,0.6666666666666666,0.3,1.0,1.0,0.25,0.21666666666666667,0.13333333333333333,0.6666666666666666,0.2,1.0,1.0,0.25,0.21666666666666667,0.1,0.6666666666666666,0.15,1.0,1.0,0.25,0.21666666666666667,0.08,0.6666666666666666,0.12,1.0,1.0,0.25,0.21666666666666667,0.06666666666666667,0.6666666666666666,0.1,1.0,1.0,0.25,0.21666666666666667,0.05714285714285714,0.6666666666666666,0.08571428571428572,1.0,1.0,0.25,0.21666666666666667,0.05,0.6666666666666666,0.075,1.0,1.0,0.25,0.21666666666666667,0.044444444444444446,0.6666666666666666,0.06666666666666667,1.0,1.0,0.25,0.21666666666666667,0.04,0.6666666666666666,0.06,1.0,1.0,0.25,0.21666666666666667,webtable-la2m_default-v=7-distilroberta-dj_adpt~kalm_instruct_v2_5-dj_adpt,omnimatch_city_test,7
civil_list_noisy_7.pq::AGENCY CODE,0.0,0.0,1.0,1.0,0.0,0.0,0.0,0.0,0.0,0.2,1.0,0.0,0.0,0.0,0.0,0.0,0.1,1.0,0.0,0.0,0.0,0.0,0.0,0.06666666666666667,1.0,0.0,0.0,0.0,0.0,0.0,0.05,1.0,0.0,0.0,0.0,0.0,0.0,0.04,1.0,0.0,0.0,0.0,0.0,0.0,0.03333333333333333,1.0,0.0,0.0,0.0,0.0,0.0,0.02857142857142857,1.0,0.0,0.0,0.0,0.0,0.0,0.025,1.0,0.0,0.0,0.0,0.0,0.0,0.022222222222222223,1.0,0.0,0.0,0.0,0.0,0.0,0.02,1.0,0.0,0.0,0.0,webtable-la2m_default-v=7-distilroberta-dj_adpt~kalm_instruct_v2_5-dj_adpt,omnimatch_city_test,7
civil_list_noisy_8.pq::AGENCY CODE,0.0,0.0,1.0,0.5,0.0,0.0,0.0,0.0,0.0,0.4,1.0,0.0,0.0,0.0,0.0,0.0,0.2,1.0,0.0,0.0,0.0,0.0,0.0,0.13333333333333333,1.0,0.0,0.0,0.0,0.0,0.0,0.1,1.0,0.0,0.0,0.0,0.0,0.0,0.08,1.0,0.0,0.0,0.0,0.0,0.0,0.06666666666666667,1.0,0.0,0.0,0.0,0.0,0.0,0.05714285714285714,1.0,0.0,0.0,0.0,0.0,0.0,0.05,1.0,0.0,0.0,0.0,0.0,0.0,0.044444444444444446,1.0,0.0,0.0,0.0,0.0,0.0,0.04,1.0,0.0,0.0,0.0,webtable-la2m_default-v=7-distilroberta-dj_adpt~kalm_instruct_v2_5-dj_adpt,omnimatch_city_test,7
civil_list_noisy_8.pq::CALENDAR YEAR,0.0,0.0,1.0,1.0,0.0,0.0,0.0,0.2,1.0,0.2,1.0,1.0,0.5,0.5,0.1,1.0,0.1,1.0,1.0,0.5,0.5,0.06666666666666667,1.0,0.06666666666666667,1.0,1.0,0.5,0.5,0.05,1.0,0.05,1.0,1.0,0.5,0.5,0.04,1.0,0.04,1.0,1.0,0.5,0.5,0.03333333333333333,1.0,0.03333333333333333,1.0,1.0,0.5,0.5,0.02857142857142857,1.0,0.02857142857142857,1.0,1.0,0.5,0.5,0.025,1.0,0.025,1.0,1.0,0.5,0.5,0.022222222222222223,1.0,0.022222222222222223,1.0,1.0,0.5,0.5,0.02,1.0,0.02,1.0,1.0,0.5,0.5,webtable-la2m_default-v=7-distilroberta-dj_adpt~kalm_instruct_v2_5-dj_adpt,omnimatch_city_test,7
civil_list_noisy_9.pq::AGENCY NAME,0.0,0.0,1.0,1.0,0.0,0.0,0.0,0.0,0.0,0.2,1.0,0.0,0.0,0.0,0.0,0.0,0.1,1.0,0.0,0.0,0.0,0.0,0.0,0.06666666666666667,1.0,0.0,0.0,0.0,0.0,0.0,0.05,1.0,0.0,0.0,0.0,0.0,0.0,0.04,1.0,0.0,0.0,0.0,0.0,0.0,0.03333333333333333,1.0,0.0,0.0,0.0,0.0,0.0,0.02857142857142857,1.0,0.0,0.0,0.0,0.0,0.0,0.025,1.0,0.0,0.0,0.0,0.0,0.0,0.022222222222222223,1.0,0.0,0.0,0.0,0.0,0.0,0.02,1.0,0.0,0.0,0.0,webtable-la2m_default-v=7-distilroberta-dj_adpt~kalm_instruct_v2_5-dj_adpt,omnimatch_city_test,7
civil_list_noisy_9.pq::PAY CLASS,0.0,0.0,1.0,1.0,0.0,0.0,0.0,0.0,0.0,0.2,1.0,0.0,0.0,0.0,0.0,0.0,0.1,1.0,0.0,0.0,0.0,0.0,0.0,0.06666666666666667,1.0,0.0,0.0,0.0,0.0,0.0,0.05,1.0,0.0,0.0,0.0,0.0,0.0,0.04,1.0,0.0,0.0,0.0,0.0,0.0,0.03333333333333333,1.0,0.0,0.0,0.0,0.0,0.0,0.02857142857142857,1.0,0.0,0.0,0.0,0.0,0.0,0.025,1.0,0.0,0.0,0.0,0.0,0.0,0.022222222222222223,1.0,0.0,0.0,0.0,0.0,0.0,0.02,1.0,0.0,0.0,0.0,webtable-la2m_default-v=7-distilroberta-dj_adpt~kalm_instruct_v2_5-dj_adpt,omnimatch_city_test,7
civil_list_noisy_9.pq::TITLE CODE,0.0,0.0,1.0,1.0,0.0,0.0,0.0,0.0,0.0,0.2,1.0,0.0,0.0,0.0,0.0,0.0,0.1,1.0,0.0,0.0,0.0,0.0,0.0,0.06666666666666667,1.0,0.0,0.0,0.0,0.0,0.0,0.05,1.0,0.0,0.0,0.0,0.0,0.0,0.04,1.0,0.0,0.0,0.0,0.0,0.0,0.03333333333333333,1.0,0.0,0.0,0.0,0.0,0.0,0.02857142857142857,1.0,0.0,0.0,0.0,0.0,0.0,0.025,1.0,0.0,0.0,0.0,0.0,0.0,0.022222222222222223,1.0,0.0,0.0,0.0,0.0,0.0,0.02,1.0,0.0,0.0,0.0,webtable-la2m_default-v=7-distilroberta-dj_adpt~kalm_instruct_v2_5-dj_adpt,omnimatch_city_test,7
civil_service_titles1_noisy_0.pq::Standard Hours,1.0,0.5,1.0,0.5,1.0,1.0,0.5,0.4,1.0,0.4,1.0,1.0,1.0,0.75,0.2,1.0,0.2,1.0,1.0,1.0,0.75,0.13333333333333333,1.0,0.13333333333333333,1.0,1.0,1.0,0.75,0.1,1.0,0.1,1.0,1.0,1.0,0.75,0.08,1.0,0.08,1.0,1.0,1.0,0.75,0.06666666666666667,1.0,0.06666666666666667,1.0,1.0,1.0,0.75,0.05714285714285714,1.0,0.05714285714285714,1.0,1.0,1.0,0.75,0.05,1.0,0.05,1.0,1.0,1.0,0.75,0.044444444444444446,1.0,0.044444444444444446,1.0,1.0,1.0,0.75,0.04,1.0,0.04,1.0,1.0,1.0,0.75,webtable-la2m_default-v=7-distilroberta-dj_adpt~kalm_instruct_v2_5-dj_adpt,omnimatch_city_test,7
civil_service_titles1_noisy_0.pq::Title Code,0.0,0.0,1.0,0.5,0.0,0.0,0.0,0.0,0.0,0.4,1.0,0.0,0.0,0.0,0.0,0.0,0.2,1.0,0.0,0.0,0.0,0.0,0.0,0.13333333333333333,1.0,0.0,0.0,0.0,0.0,0.0,0.1,1.0,0.0,0.0,0.0,0.0,0.0,0.08,1.0,0.0,0.0,0.0,0.0,0.0,0.06666666666666667,1.0,0.0,0.0,0.0,0.0,0.0,0.05714285714285714,1.0,0.0,0.0,0.0,0.0,0.0,0.05,1.0,0.0,0.0,0.0,0.0,0.0,0.044444444444444446,1.0,0.0,0.0,0.0,0.0,0.0,0.04,1.0,0.0,0.0,0.0,webtable-la2m_default-v=7-distilroberta-dj_adpt~kalm_instruct_v2_5-dj_adpt,omnimatch_city_test,7
civil_service_titles1_noisy_0.pq::Title Description,0.0,0.0,1.0,0.5,0.0,0.0,0.0,0.0,0.0,0.4,1.0,0.0,0.0,0.0,0.0,0.0,0.2,1.0,0.0,0.0,0.0,0.0,0.0,0.13333333333333333,1.0,0.0,0.0,0.0,0.0,0.0,0.1,1.0,0.0,0.0,0.0,0.0,0.0,0.08,1.0,0.0,0.0,0.0,0.0,0.0,0.06666666666666667,1.0,0.0,0.0,0.0,0.0,0.0,0.05714285714285714,1.0,0.0,0.0,0.0,0.0,0.0,0.05,1.0,0.0,0.0,0.0,0.0,0.0,0.044444444444444446,1.0,0.0,0.0,0.0,0.04,1.0,0.04,1.0,1.0,0.021739130434782608,0.03214616096207215,webtable-la2m_default-v=7-distilroberta-dj_adpt~kalm_instruct_v2_5-dj_adpt,omnimatch_city_test,7
civil_service_titles1_noisy_1.pq::Assignment Level,1.0,0.3333333333333333,1.0,0.3333333333333333,1.0,1.0,0.3333333333333333,0.2,0.3333333333333333,0.6,1.0,1.0,1.0,0.3333333333333333,0.1,0.3333333333333333,0.3,1.0,1.0,1.0,0.3333333333333333,0.2,1.0,0.2,1.0,1.0,1.0,0.46581196581196577,0.15,1.0,0.15,1.0,1.0,1.0,0.46581196581196577,0.12,1.0,0.12,1.0,1.0,1.0,0.46581196581196577,0.1,1.0,0.1,1.0,1.0,1.0,0.46581196581196577,0.08571428571428572,1.0,0.08571428571428572,1.0,1.0,1.0,0.46581196581196577,0.075,1.0,0.075,1.0,1.0,1.0,0.46581196581196577,0.06666666666666667,1.0,0.06666666666666667,1.0,1.0,1.0,0.46581196581196577,0.06,1.0,0.06,1.0,1.0,1.0,0.46581196581196577,webtable-la2m_default-v=7-distilroberta-dj_adpt~kalm_instruct_v2_5-dj_adpt,omnimatch_city_test,7
civil_service_titles1_noisy_1.pq::Bargaining Unit Short Name,0.0,0.0,1.0,0.3333333333333333,0.0,0.0,0.0,0.0,0.0,0.6,1.0,0.0,0.0,0.0,0.0,0.0,0.3,1.0,0.0,0.0,0.0,0.0,0.0,0.2,1.0,0.0,0.0,0.0,0.0,0.0,0.15,1.0,0.0,0.0,0.0,0.0,0.0,0.12,1.0,0.0,0.0,0.0,0.0,0.0,0.1,1.0,0.0,0.0,0.0,0.0,0.0,0.08571428571428572,1.0,0.0,0.0,0.0,0.0,0.0,0.075,1.0,0.0,0.0,0.0,0.0,0.0,0.06666666666666667,1.0,0.0,0.0,0.0,0.0,0.0,0.06,1.0,0.0,0.0,0.0,webtable-la2m_default-v=7-distilroberta-dj_adpt~kalm_instruct_v2_5-dj_adpt,omnimatch_city_test,7
civil_service_titles1_noisy_1.pq::Title Code,1.0,0.14285714285714285,1.0,0.14285714285714285,1.0,1.0,0.14285714285714285,0.8,0.5714285714285714,1.0,0.7142857142857143,1.0,1.0,0.45952380952380956,0.7,1.0,0.7,1.0,1.0,1.0,0.7687074829931974,0.4666666666666667,1.0,0.4666666666666667,1.0,1.0,1.0,0.7687074829931974,0.35,1.0,0.35,1.0,1.0,1.0,0.7687074829931974,0.28,1.0,0.28,1.0,1.0,1.0,0.7687074829931974,0.23333333333333334,1.0,0.23333333333333334,1.0,1.0,1.0,0.7687074829931974,0.2,1.0,0.2,1.0,1.0,1.0,0.7687074829931974,0.175,1.0,0.175,1.0,1.0,1.0,0.7687074829931974,0.15555555555555556,1.0,0.15555555555555556,1.0,1.0,1.0,0.7687074829931974,0.14,1.0,0.14,1.0,1.0,1.0,0.7687074829931974,webtable-la2m_default-v=7-distilroberta-dj_adpt~kalm_instruct_v2_5-dj_adpt,omnimatch_city_test,7
civil_service_titles1_noisy_1.pq::Union Code,0.0,0.0,1.0,0.25,0.0,0.0,0.0,0.0,0.0,0.8,1.0,0.0,0.0,0.0,0.0,0.0,0.4,1.0,0.0,0.0,0.0,0.0,0.0,0.26666666666666666,1.0,0.0,0.0,0.0,0.0,0.0,0.2,1.0,0.0,0.0,0.0,0.0,0.0,0.16,1.0,0.0,0.0,0.0,0.0,0.0,0.13333333333333333,1.0,0.0,0.0,0.0,0.0,0.0,0.11428571428571428,1.0,0.0,0.0,0.0,0.0,0.0,0.1,1.0,0.0,0.0,0.0,0.0,0.0,0.08888888888888889,1.0,0.0,0.0,0.0,0.0,0.0,0.08,1.0,0.0,0.0,0.0,webtable-la2m_default-v=7-distilroberta-dj_adpt~kalm_instruct_v2_5-dj_adpt,omnimatch_city_test,7
civil_service_titles1_noisy_2.pq::Standard Hours,1.0,0.3333333333333333,1.0,0.3333333333333333,1.0,1.0,0.3333333333333333,0.6,1.0,0.6,1.0,1.0,1.0,0.8055555555555555,0.3,1.0,0.3,1.0,1.0,1.0,0.8055555555555555,0.2,1.0,0.2,1.0,1.0,1.0,0.8055555555555555,0.15,1.0,0.15,1.0,1.0,1.0,0.8055555555555555,0.12,1.0,0.12,1.0,1.0,1.0,0.8055555555555555,0.1,1.0,0.1,1.0,1.0,1.0,0.8055555555555555,0.08571428571428572,1.0,0.08571428571428572,1.0,1.0,1.0,0.8055555555555555,0.075,1.0,0.075,1.0,1.0,1.0,0.8055555555555555,0.06666666666666667,1.0,0.06666666666666667,1.0,1.0,1.0,0.8055555555555555,0.06,1.0,0.06,1.0,1.0,1.0,0.8055555555555555,webtable-la2m_default-v=7-distilroberta-dj_adpt~kalm_instruct_v2_5-dj_adpt,omnimatch_city_test,7
civil_service_titles1_noisy_2.pq::Title Code,0.0,0.0,1.0,0.16666666666666666,0.0,0.0,0.0,0.0,0.0,1.0,0.8333333333333334,0.0,0.0,0.0,0.0,0.0,0.6,1.0,0.0,0.0,0.0,0.0,0.0,0.4,1.0,0.0,0.0,0.0,0.0,0.0,0.3,1.0,0.0,0.0,0.0,0.0,0.0,0.24,1.0,0.0,0.0,0.0,0.0,0.0,0.2,1.0,0.0,0.0,0.0,0.0,0.0,0.17142857142857143,1.0,0.0,0.0,0.0,0.0,0.0,0.15,1.0,0.0,0.0,0.0,0.0,0.0,0.13333333333333333,1.0,0.0,0.0,0.0,0.0,0.0,0.12,1.0,0.0,0.0,0.0,webtable-la2m_default-v=7-distilroberta-dj_adpt~kalm_instruct_v2_5-dj_adpt,omnimatch_city_test,7
civil_service_titles1_noisy_2.pq::Title Description,0.0,0.0,1.0,0.25,0.0,0.0,0.0,0.0,0.0,0.8,1.0,0.0,0.0,0.0,0.0,0.0,0.4,1.0,0.0,0.0,0.0,0.0,0.0,0.26666666666666666,1.0,0.0,0.0,0.0,0.0,0.0,0.2,1.0,0.0,0.0,0.0,0.0,0.0,0.16,1.0,0.0,0.0,0.0,0.03333333333333333,0.25,0.13333333333333333,1.0,1.0,0.034482758620689655,0.008620689655172414,0.02857142857142857,0.25,0.11428571428571428,1.0,1.0,0.034482758620689655,0.008620689655172414,0.025,0.25,0.1,1.0,1.0,0.034482758620689655,0.008620689655172414,0.044444444444444446,0.5,0.08888888888888889,1.0,1.0,0.034482758620689655,0.019731800766283523,0.08,1.0,0.08,1.0,1.0,0.034482758620689655,0.05731274433705133,webtable-la2m_default-v=7-distilroberta-dj_adpt~kalm_instruct_v2_5-dj_adpt,omnimatch_city_test,7
civil_service_titles1_noisy_3.pq::Assignment Level,0.0,0.0,1.0,0.5,0.0,0.0,0.0,0.0,0.0,0.4,1.0,0.0,0.0,0.0,0.0,0.0,0.2,1.0,0.0,0.0,0.0,0.13333333333333333,1.0,0.13333333333333333,1.0,1.0,0.08333333333333333,0.11858974358974358,0.1,1.0,0.1,1.0,1.0,0.08333333333333333,0.11858974358974358,0.08,1.0,0.08,1.0,1.0,0.08333333333333333,0.11858974358974358,0.06666666666666667,1.0,0.06666666666666667,1.0,1.0,0.08333333333333333,0.11858974358974358,0.05714285714285714,1.0,0.05714285714285714,1.0,1.0,0.08333333333333333,0.11858974358974358,0.05,1.0,0.05,1.0,1.0,0.08333333333333333,0.11858974358974358,0.044444444444444446,1.0,0.044444444444444446,1.0,1.0,0.08333333333333333,0.11858974358974358,0.04,1.0,0.04,1.0,1.0,0.08333333333333333,0.11858974358974358,webtable-la2m_default-v=7-distilroberta-dj_adpt~kalm_instruct_v2_5-dj_adpt,omnimatch_city_test,7
civil_service_titles1_noisy_3.pq::Bargaining Unit Short Name,0.0,0.0,1.0,0.5,0.0,0.0,0.0,0.0,0.0,0.4,1.0,0.0,0.0,0.0,0.0,0.0,0.2,1.0,0.0,0.0,0.0,0.0,0.0,0.13333333333333333,1.0,0.0,0.0,0.0,0.0,0.0,0.1,1.0,0.0,0.0,0.0,0.0,0.0,0.08,1.0,0.0,0.0,0.0,0.0,0.0,0.06666666666666667,1.0,0.0,0.0,0.0,0.0,0.0,0.05714285714285714,1.0,0.0,0.0,0.0,0.0,0.0,0.05,1.0,0.0,0.0,0.0,0.0,0.0,0.044444444444444446,1.0,0.0,0.0,0.0,0.0,0.0,0.04,1.0,0.0,0.0,0.0,webtable-la2m_default-v=7-distilroberta-dj_adpt~kalm_instruct_v2_5-dj_adpt,omnimatch_city_test,7
civil_service_titles1_noisy_3.pq::Title Code,0.0,0.0,1.0,0.2,0.0,0.0,0.0,0.4,0.4,1.0,1.0,1.0,0.25,0.13,0.5,1.0,0.5,1.0,1.0,0.25,0.41571428571428576,0.3333333333333333,1.0,0.3333333333333333,1.0,1.0,0.25,0.41571428571428576,0.25,1.0,0.25,1.0,1.0,0.25,0.41571428571428576,0.2,1.0,0.2,1.0,1.0,0.25,0.41571428571428576,0.16666666666666666,1.0,0.16666666666666666,1.0,1.0,0.25,0.41571428571428576,0.14285714285714285,1.0,0.14285714285714285,1.0,1.0,0.25,0.41571428571428576,0.125,1.0,0.125,1.0,1.0,0.25,0.41571428571428576,0.1111111111111111,1.0,0.1111111111111111,1.0,1.0,0.25,0.41571428571428576,0.1,1.0,0.1,1.0,1.0,0.25,0.41571428571428576,webtable-la2m_default-v=7-distilroberta-dj_adpt~kalm_instruct_v2_5-dj_adpt,omnimatch_city_test,7
civil_service_titles1_noisy_3.pq::Union Code,0.0,0.0,1.0,0.3333333333333333,0.0,0.0,0.0,0.0,0.0,0.6,1.0,0.0,0.0,0.0,0.0,0.0,0.3,1.0,0.0,0.0,0.0,0.0,0.0,0.2,1.0,0.0,0.0,0.0,0.0,0.0,0.15,1.0,0.0,0.0,0.0,0.0,0.0,0.12,1.0,0.0,0.0,0.0,0.0,0.0,0.1,1.0,0.0,0.0,0.0,0.0,0.0,0.08571428571428572,1.0,0.0,0.0,0.0,0.0,0.0,0.075,1.0,0.0,0.0,0.0,0.0,0.0,0.06666666666666667,1.0,0.0,0.0,0.0,0.0,0.0,0.06,1.0,0.0,0.0,0.0,webtable-la2m_default-v=7-distilroberta-dj_adpt~kalm_instruct_v2_5-dj_adpt,omnimatch_city_test,7
civil_service_titles1_noisy_4.pq::Standard Hours,1.0,0.25,1.0,0.25,1.0,1.0,0.25,0.8,1.0,0.8,1.0,1.0,1.0,1.0,0.4,1.0,0.4,1.0,1.0,1.0,1.0,0.26666666666666666,1.0,0.26666666666666666,1.0,1.0,1.0,1.0,0.2,1.0,0.2,1.0,1.0,1.0,1.0,0.16,1.0,0.16,1.0,1.0,1.0,1.0,0.13333333333333333,1.0,0.13333333333333333,1.0,1.0,1.0,1.0,0.11428571428571428,1.0,0.11428571428571428,1.0,1.0,1.0,1.0,0.1,1.0,0.1,1.0,1.0,1.0,1.0,0.08888888888888889,1.0,0.08888888888888889,1.0,1.0,1.0,1.0,0.08,1.0,0.08,1.0,1.0,1.0,1.0,webtable-la2m_default-v=7-distilroberta-dj_adpt~kalm_instruct_v2_5-dj_adpt,omnimatch_city_test,7
civil_service_titles1_noisy_4.pq::Title Code,0.0,0.0,1.0,0.125,0.0,0.0,0.0,0.0,0.0,1.0,0.625,0.0,0.0,0.0,0.0,0.0,0.8,1.0,0.0,0.0,0.0,0.0,0.0,0.5333333333333333,1.0,0.0,0.0,0.0,0.0,0.0,0.4,1.0,0.0,0.0,0.0,0.0,0.0,0.32,1.0,0.0,0.0,0.0,0.0,0.0,0.26666666666666666,1.0,0.0,0.0,0.0,0.0,0.0,0.22857142857142856,1.0,0.0,0.0,0.0,0.0,0.0,0.2,1.0,0.0,0.0,0.0,0.0,0.0,0.17777777777777778,1.0,0.0,0.0,0.0,0.0,0.0,0.16,1.0,0.0,0.0,0.0,webtable-la2m_default-v=7-distilroberta-dj_adpt~kalm_instruct_v2_5-dj_adpt,omnimatch_city_test,7
civil_service_titles1_noisy_4.pq::Title Description,0.0,0.0,1.0,0.2,0.0,0.0,0.0,0.0,0.0,1.0,1.0,0.0,0.0,0.0,0.0,0.0,0.5,1.0,0.0,0.0,0.0,0.0,0.0,0.3333333333333333,1.0,0.0,0.0,0.0,0.0,0.0,0.25,1.0,0.0,0.0,0.0,0.0,0.0,0.2,1.0,0.0,0.0,0.0,0.0,0.0,0.16666666666666666,1.0,0.0,0.0,0.0,0.02857142857142857,0.2,0.14285714285714285,1.0,1.0,0.02857142857142857,0.005714285714285714,0.025,0.2,0.125,1.0,1.0,0.02857142857142857,0.005714285714285714,0.044444444444444446,0.4,0.1111111111111111,1.0,1.0,0.02857142857142857,0.014603174603174604,0.1,1.0,0.1,1.0,1.0,0.02857142857142857,0.06550126279312218,webtable-la2m_default-v=7-distilroberta-dj_adpt~kalm_instruct_v2_5-dj_adpt,omnimatch_city_test,7
civil_service_titles1_noisy_5.pq::Title Code,0.0,0.0,1.0,0.3333333333333333,0.0,0.0,0.0,0.4,0.6666666666666666,0.6,1.0,1.0,0.5,0.38888888888888884,0.3,1.0,0.3,1.0,1.0,0.5,0.5138888888888888,0.2,1.0,0.2,1.0,1.0,0.5,0.5138888888888888,0.15,1.0,0.15,1.0,1.0,0.5,0.5138888888888888,0.12,1.0,0.12,1.0,1.0,0.5,0.5138888888888888,0.1,1.0,0.1,1.0,1.0,0.5,0.5138888888888888,0.08571428571428572,1.0,0.08571428571428572,1.0,1.0,0.5,0.5138888888888888,0.075,1.0,0.075,1.0,1.0,0.5,0.5138888888888888,0.06666666666666667,1.0,0.06666666666666667,1.0,1.0,0.5,0.5138888888888888,0.06,1.0,0.06,1.0,1.0,0.5,0.5138888888888888,webtable-la2m_default-v=7-distilroberta-dj_adpt~kalm_instruct_v2_5-dj_adpt,omnimatch_city_test,7
civil_service_titles1_noisy_5.pq::Union Code,0.0,0.0,1.0,1.0,0.0,0.0,0.0,0.0,0.0,0.2,1.0,0.0,0.0,0.0,0.0,0.0,0.1,1.0,0.0,0.0,0.0,0.0,0.0,0.06666666666666667,1.0,0.0,0.0,0.0,0.0,0.0,0.05,1.0,0.0,0.0,0.0,0.0,0.0,0.04,1.0,0.0,0.0,0.0,0.0,0.0,0.03333333333333333,1.0,0.0,0.0,0.0,0.0,0.0,0.02857142857142857,1.0,0.0,0.0,0.0,0.0,0.0,0.025,1.0,0.0,0.0,0.0,0.0,0.0,0.022222222222222223,1.0,0.0,0.0,0.0,0.0,0.0,0.02,1.0,0.0,0.0,0.0,webtable-la2m_default-v=7-distilroberta-dj_adpt~kalm_instruct_v2_5-dj_adpt,omnimatch_city_test,7
civil_service_titles1_noisy_7.pq::Assignment Level,1.0,0.25,1.0,0.25,1.0,1.0,0.25,0.4,0.5,0.8,1.0,1.0,1.0,0.5,0.2,0.5,0.4,1.0,1.0,1.0,0.5,0.13333333333333333,0.5,0.26666666666666666,1.0,1.0,1.0,0.5,0.1,0.5,0.2,1.0,1.0,1.0,0.5,0.08,0.5,0.16,1.0,1.0,1.0,0.5,0.06666666666666667,0.5,0.13333333333333333,1.0,1.0,1.0,0.5,0.05714285714285714,0.5,0.11428571428571428,1.0,1.0,1.0,0.5,0.05,0.5,0.1,1.0,1.0,1.0,0.5,0.044444444444444446,0.5,0.08888888888888889,1.0,1.0,1.0,0.5,0.04,0.5,0.08,1.0,1.0,1.0,0.5,webtable-la2m_default-v=7-distilroberta-dj_adpt~kalm_instruct_v2_5-dj_adpt,omnimatch_city_test,7
civil_service_titles1_noisy_7.pq::Bargaining Unit Short Name,0.0,0.0,1.0,0.25,0.0,0.0,0.0,0.0,0.0,0.8,1.0,0.0,0.0,0.0,0.0,0.0,0.4,1.0,0.0,0.0,0.0,0.0,0.0,0.26666666666666666,1.0,0.0,0.0,0.0,0.0,0.0,0.2,1.0,0.0,0.0,0.0,0.0,0.0,0.16,1.0,0.0,0.0,0.0,0.0,0.0,0.13333333333333333,1.0,0.0,0.0,0.0,0.0,0.0,0.11428571428571428,1.0,0.0,0.0,0.0,0.075,0.75,0.1,1.0,1.0,0.02631578947368421,0.03814946018893387,0.08888888888888889,1.0,0.08888888888888889,1.0,1.0,0.02631578947368421,0.0625397040913729,0.08,1.0,0.08,1.0,1.0,0.02631578947368421,0.0625397040913729,webtable-la2m_default-v=7-distilroberta-dj_adpt~kalm_instruct_v2_5-dj_adpt,omnimatch_city_test,7
civil_service_titles1_noisy_7.pq::Title Code,0.0,0.0,1.0,0.1111111111111111,0.0,0.0,0.0,0.0,0.0,1.0,0.5555555555555556,0.0,0.0,0.0,0.0,0.0,0.9,1.0,0.0,0.0,0.0,0.0,0.0,0.6,1.0,0.0,0.0,0.0,0.0,0.0,0.45,1.0,0.0,0.0,0.0,0.0,0.0,0.36,1.0,0.0,0.0,0.0,0.0,0.0,0.3,1.0,0.0,0.0,0.0,0.0,0.0,0.2571428571428571,1.0,0.0,0.0,0.0,0.0,0.0,0.225,1.0,0.0,0.0,0.0,0.0,0.0,0.2,1.0,0.0,0.0,0.0,0.0,0.0,0.18,1.0,0.0,0.0,0.0,webtable-la2m_default-v=7-distilroberta-dj_adpt~kalm_instruct_v2_5-dj_adpt,omnimatch_city_test,7
civil_service_titles1_noisy_7.pq::Union Code,0.0,0.0,1.0,0.2,0.0,0.0,0.0,0.0,0.0,1.0,1.0,0.0,0.0,0.0,0.0,0.0,0.5,1.0,0.0,0.0,0.0,0.0,0.0,0.3333333333333333,1.0,0.0,0.0,0.0,0.0,0.0,0.25,1.0,0.0,0.0,0.0,0.0,0.0,0.2,1.0,0.0,0.0,0.0,0.0,0.0,0.16666666666666666,1.0,0.0,0.0,0.0,0.0,0.0,0.14285714285714285,1.0,0.0,0.0,0.0,0.0,0.0,0.125,1.0,0.0,0.0,0.0,0.0,0.0,0.1111111111111111,1.0,0.0,0.0,0.0,0.0,0.0,0.1,1.0,0.0,0.0,0.0,webtable-la2m_default-v=7-distilroberta-dj_adpt~kalm_instruct_v2_5-dj_adpt,omnimatch_city_test,7
civil_service_titles1_noisy_8.pq::Standard Hours,0.0,0.0,1.0,1.0,0.0,0.0,0.0,0.2,1.0,0.2,1.0,1.0,0.3333333333333333,0.3333333333333333,0.1,1.0,0.1,1.0,1.0,0.3333333333333333,0.3333333333333333,0.06666666666666667,1.0,0.06666666666666667,1.0,1.0,0.3333333333333333,0.3333333333333333,0.05,1.0,0.05,1.0,1.0,0.3333333333333333,0.3333333333333333,0.04,1.0,0.04,1.0,1.0,0.3333333333333333,0.3333333333333333,0.03333333333333333,1.0,0.03333333333333333,1.0,1.0,0.3333333333333333,0.3333333333333333,0.02857142857142857,1.0,0.02857142857142857,1.0,1.0,0.3333333333333333,0.3333333333333333,0.025,1.0,0.025,1.0,1.0,0.3333333333333333,0.3333333333333333,0.022222222222222223,1.0,0.022222222222222223,1.0,1.0,0.3333333333333333,0.3333333333333333,0.02,1.0,0.02,1.0,1.0,0.3333333333333333,0.3333333333333333,webtable-la2m_default-v=7-distilroberta-dj_adpt~kalm_instruct_v2_5-dj_adpt,omnimatch_city_test,7
civil_service_titles1_noisy_8.pq::Title Code,0.0,0.0,1.0,1.0,0.0,0.0,0.0,0.2,1.0,0.2,1.0,1.0,0.3333333333333333,0.3333333333333333,0.1,1.0,0.1,1.0,1.0,0.3333333333333333,0.3333333333333333,0.06666666666666667,1.0,0.06666666666666667,1.0,1.0,0.3333333333333333,0.3333333333333333,0.05,1.0,0.05,1.0,1.0,0.3333333333333333,0.3333333333333333,0.04,1.0,0.04,1.0,1.0,0.3333333333333333,0.3333333333333333,0.03333333333333333,1.0,0.03333333333333333,1.0,1.0,0.3333333333333333,0.3333333333333333,0.02857142857142857,1.0,0.02857142857142857,1.0,1.0,0.3333333333333333,0.3333333333333333,0.025,1.0,0.025,1.0,1.0,0.3333333333333333,0.3333333333333333,0.022222222222222223,1.0,0.022222222222222223,1.0,1.0,0.3333333333333333,0.3333333333333333,0.02,1.0,0.02,1.0,1.0,0.3333333333333333,0.3333333333333333,webtable-la2m_default-v=7-distilroberta-dj_adpt~kalm_instruct_v2_5-dj_adpt,omnimatch_city_test,7
civil_service_titles1_noisy_8.pq::Title Description,0.0,0.0,1.0,1.0,0.0,0.0,0.0,0.2,1.0,0.2,1.0,1.0,0.2,0.2,0.1,1.0,0.1,1.0,1.0,0.2,0.2,0.06666666666666667,1.0,0.06666666666666667,1.0,1.0,0.2,0.2,0.05,1.0,0.05,1.0,1.0,0.2,0.2,0.04,1.0,0.04,1.0,1.0,0.2,0.2,0.03333333333333333,1.0,0.03333333333333333,1.0,1.0,0.2,0.2,0.02857142857142857,1.0,0.02857142857142857,1.0,1.0,0.2,0.2,0.025,1.0,0.025,1.0,1.0,0.2,0.2,0.022222222222222223,1.0,0.022222222222222223,1.0,1.0,0.2,0.2,0.02,1.0,0.02,1.0,1.0,0.2,0.2,webtable-la2m_default-v=7-distilroberta-dj_adpt~kalm_instruct_v2_5-dj_adpt,omnimatch_city_test,7
civil_service_titles1_noisy_9.pq::Assignment Level,1.0,1.0,1.0,1.0,1.0,1.0,1.0,0.2,1.0,0.2,1.0,1.0,1.0,1.0,0.1,1.0,0.1,1.0,1.0,1.0,1.0,0.06666666666666667,1.0,0.06666666666666667,1.0,1.0,1.0,1.0,0.05,1.0,0.05,1.0,1.0,1.0,1.0,0.04,1.0,0.04,1.0,1.0,1.0,1.0,0.03333333333333333,1.0,0.03333333333333333,1.0,1.0,1.0,1.0,0.02857142857142857,1.0,0.02857142857142857,1.0,1.0,1.0,1.0,0.025,1.0,0.025,1.0,1.0,1.0,1.0,0.022222222222222223,1.0,0.022222222222222223,1.0,1.0,1.0,1.0,0.02,1.0,0.02,1.0,1.0,1.0,1.0,webtable-la2m_default-v=7-distilroberta-dj_adpt~kalm_instruct_v2_5-dj_adpt,omnimatch_city_test,7
civil_service_titles1_noisy_9.pq::Bargaining Unit Short Name,0.0,0.0,1.0,1.0,0.0,0.0,0.0,0.0,0.0,0.2,1.0,0.0,0.0,0.0,0.0,0.0,0.1,1.0,0.0,0.0,0.0,0.0,0.0,0.06666666666666667,1.0,0.0,0.0,0.0,0.0,0.0,0.05,1.0,0.0,0.0,0.0,0.0,0.0,0.04,1.0,0.0,0.0,0.0,0.0,0.0,0.03333333333333333,1.0,0.0,0.0,0.0,0.0,0.0,0.02857142857142857,1.0,0.0,0.0,0.0,0.025,1.0,0.025,1.0,1.0,0.02564102564102564,0.02564102564102564,0.022222222222222223,1.0,0.022222222222222223,1.0,1.0,0.02564102564102564,0.02564102564102564,0.02,1.0,0.02,1.0,1.0,0.02564102564102564,0.02564102564102564,webtable-la2m_default-v=7-distilroberta-dj_adpt~kalm_instruct_v2_5-dj_adpt,omnimatch_city_test,7
civil_service_titles1_noisy_9.pq::Title Code,0.0,0.0,1.0,0.25,0.0,0.0,0.0,0.0,0.0,0.8,1.0,0.0,0.0,0.0,0.0,0.0,0.4,1.0,0.0,0.0,0.0,0.0,0.0,0.26666666666666666,1.0,0.0,0.0,0.0,0.0,0.0,0.2,1.0,0.0,0.0,0.0,0.0,0.0,0.16,1.0,0.0,0.0,0.0,0.0,0.0,0.13333333333333333,1.0,0.0,0.0,0.0,0.0,0.0,0.11428571428571428,1.0,0.0,0.0,0.0,0.0,0.0,0.1,1.0,0.0,0.0,0.0,0.0,0.0,0.08888888888888889,1.0,0.0,0.0,0.0,0.0,0.0,0.08,1.0,0.0,0.0,0.0,webtable-la2m_default-v=7-distilroberta-dj_adpt~kalm_instruct_v2_5-dj_adpt,omnimatch_city_test,7
civil_service_titles1_noisy_9.pq::Title Description,0.0,0.0,1.0,0.3333333333333333,0.0,0.0,0.0,0.0,0.0,0.6,1.0,0.0,0.0,0.0,0.0,0.0,0.3,1.0,0.0,0.0,0.0,0.0,0.0,0.2,1.0,0.0,0.0,0.0,0.0,0.0,0.15,1.0,0.0,0.0,0.0,0.04,0.3333333333333333,0.12,1.0,1.0,0.045454545454545456,0.015151515151515152,0.06666666666666667,0.6666666666666666,0.1,1.0,1.0,0.045454545454545456,0.03737373737373737,0.08571428571428572,1.0,0.08571428571428572,1.0,1.0,0.045454545454545456,0.06862373737373738,0.075,1.0,0.075,1.0,1.0,0.045454545454545456,0.06862373737373738,0.06666666666666667,1.0,0.06666666666666667,1.0,1.0,0.045454545454545456,0.06862373737373738,0.06,1.0,0.06,1.0,1.0,0.045454545454545456,0.06862373737373738,webtable-la2m_default-v=7-distilroberta-dj_adpt~kalm_instruct_v2_5-dj_adpt,omnimatch_city_test,7
civil_service_titles1_noisy_9.pq::Union Code,0.0,0.0,1.0,0.5,0.0,0.0,0.0,0.0,0.0,0.4,1.0,0.0,0.0,0.0,0.0,0.0,0.2,1.0,0.0,0.0,0.0,0.0,0.0,0.13333333333333333,1.0,0.0,0.0,0.0,0.0,0.0,0.1,1.0,0.0,0.0,0.0,0.0,0.0,0.08,1.0,0.0,0.0,0.0,0.0,0.0,0.06666666666666667,1.0,0.0,0.0,0.0,0.0,0.0,0.05714285714285714,1.0,0.0,0.0,0.0,0.0,0.0,0.05,1.0,0.0,0.0,0.0,0.0,0.0,0.044444444444444446,1.0,0.0,0.0,0.0,0.0,0.0,0.04,1.0,0.0,0.0,0.0,webtable-la2m_default-v=7-distilroberta-dj_adpt~kalm_instruct_v2_5-dj_adpt,omnimatch_city_test,7
civil_service_titles2_noisy_0.pq::Union Code,0.0,0.0,1.0,0.16666666666666666,0.0,0.0,0.0,0.0,0.0,1.0,0.8333333333333334,0.0,0.0,0.0,0.0,0.0,0.6,1.0,0.0,0.0,0.0,0.06666666666666667,0.16666666666666666,0.4,1.0,1.0,0.07142857142857142,0.011904761904761904,0.05,0.16666666666666666,0.3,1.0,1.0,0.07142857142857142,0.011904761904761904,0.16,0.6666666666666666,0.24,1.0,1.0,0.07142857142857142,0.07828282828282827,0.2,1.0,0.2,1.0,1.0,0.07142857142857142,0.14604839604839603,0.17142857142857143,1.0,0.17142857142857143,1.0,1.0,0.07142857142857142,0.14604839604839603,0.15,1.0,0.15,1.0,1.0,0.07142857142857142,0.14604839604839603,0.13333333333333333,1.0,0.13333333333333333,1.0,1.0,0.07142857142857142,0.14604839604839603,0.12,1.0,0.12,1.0,1.0,0.07142857142857142,0.14604839604839603,webtable-la2m_default-v=7-distilroberta-dj_adpt~kalm_instruct_v2_5-dj_adpt,omnimatch_city_test,7
civil_service_titles2_noisy_0.pq::Union Description,0.0,0.0,1.0,0.5,0.0,0.0,0.0,0.0,0.0,0.4,1.0,0.0,0.0,0.0,0.1,0.5,0.2,1.0,1.0,0.1111111111111111,0.05555555555555555,0.06666666666666667,0.5,0.13333333333333333,1.0,1.0,0.1111111111111111,0.05555555555555555,0.05,0.5,0.1,1.0,1.0,0.1111111111111111,0.05555555555555555,0.04,0.5,0.08,1.0,1.0,0.1111111111111111,0.05555555555555555,0.03333333333333333,0.5,0.06666666666666667,1.0,1.0,0.1111111111111111,0.05555555555555555,0.02857142857142857,0.5,0.05714285714285714,1.0,1.0,0.1111111111111111,0.05555555555555555,0.025,0.5,0.05,1.0,1.0,0.1111111111111111,0.05555555555555555,0.022222222222222223,0.5,0.044444444444444446,1.0,1.0,0.1111111111111111,0.05555555555555555,0.02,0.5,0.04,1.0,1.0,0.1111111111111111,0.05555555555555555,webtable-la2m_default-v=7-distilroberta-dj_adpt~kalm_instruct_v2_5-dj_adpt,omnimatch_city_test,7
civil_service_titles2_noisy_1.pq::Bargaining Unit Description,0.0,0.0,1.0,0.25,0.0,0.0,0.0,0.0,0.0,0.8,1.0,0.0,0.0,0.0,0.0,0.0,0.4,1.0,0.0,0.0,0.0,0.13333333333333333,0.5,0.26666666666666666,1.0,1.0,0.07142857142857142,0.05119047619047619,0.2,1.0,0.2,1.0,1.0,0.07142857142857142,0.1568890056022409,0.16,1.0,0.16,1.0,1.0,0.07142857142857142,0.1568890056022409,0.13333333333333333,1.0,0.13333333333333333,1.0,1.0,0.07142857142857142,0.1568890056022409,0.11428571428571428,1.0,0.11428571428571428,1.0,1.0,0.07142857142857142,0.1568890056022409,0.1,1.0,0.1,1.0,1.0,0.07142857142857142,0.1568890056022409,0.08888888888888889,1.0,0.08888888888888889,1.0,1.0,0.07142857142857142,0.1568890056022409,0.08,1.0,0.08,1.0,1.0,0.07142857142857142,0.1568890056022409,webtable-la2m_default-v=7-distilroberta-dj_adpt~kalm_instruct_v2_5-dj_adpt,omnimatch_city_test,7
civil_service_titles2_noisy_1.pq::Union Code,0.0,0.0,1.0,0.125,0.0,0.0,0.0,0.0,0.0,1.0,0.625,0.0,0.0,0.0,0.0,0.0,0.8,1.0,0.0,0.0,0.0,0.0,0.0,0.5333333333333333,1.0,0.0,0.0,0.0,0.0,0.0,0.4,1.0,0.0,0.0,0.0,0.0,0.0,0.32,1.0,0.0,0.0,0.0,0.0,0.0,0.26666666666666666,1.0,0.0,0.0,0.0,0.0,0.0,0.22857142857142856,1.0,0.0,0.0,0.0,0.0,0.0,0.2,1.0,0.0,0.0,0.0,0.0,0.0,0.17777777777777778,1.0,0.0,0.0,0.0,0.0,0.0,0.16,1.0,0.0,0.0,0.0,webtable-la2m_default-v=7-distilroberta-dj_adpt~kalm_instruct_v2_5-dj_adpt,omnimatch_city_test,7
civil_service_titles2_noisy_2.pq::Union Code,0.0,0.0,1.0,0.14285714285714285,0.0,0.0,0.0,0.0,0.0,1.0,0.7142857142857143,0.0,0.0,0.0,0.0,0.0,0.7,1.0,0.0,0.0,0.0,0.0,0.0,0.4666666666666667,1.0,0.0,0.0,0.0,0.0,0.0,0.35,1.0,0.0,0.0,0.0,0.0,0.0,0.28,1.0,0.0,0.0,0.0,0.0,0.0,0.23333333333333334,1.0,0.0,0.0,0.0,0.0,0.0,0.2,1.0,0.0,0.0,0.0,0.0,0.0,0.175,1.0,0.0,0.0,0.0,0.0,0.0,0.15555555555555556,1.0,0.0,0.0,0.0,0.0,0.0,0.14,1.0,0.0,0.0,0.0,webtable-la2m_default-v=7-distilroberta-dj_adpt~kalm_instruct_v2_5-dj_adpt,omnimatch_city_test,7
civil_service_titles2_noisy_2.pq::Union Description,0.0,0.0,1.0,0.3333333333333333,0.0,0.0,0.0,0.0,0.0,0.6,1.0,0.0,0.0,0.0,0.0,0.0,0.3,1.0,0.0,0.0,0.0,0.06666666666666667,0.3333333333333333,0.2,1.0,1.0,0.09090909090909091,0.030303030303030304,0.05,0.3333333333333333,0.15,1.0,1.0,0.09090909090909091,0.030303030303030304,0.04,0.3333333333333333,0.12,1.0,1.0,0.09090909090909091,0.030303030303030304,0.03333333333333333,0.3333333333333333,0.1,1.0,1.0,0.09090909090909091,0.030303030303030304,0.08571428571428572,1.0,0.08571428571428572,1.0,1.0,0.09090909090909091,0.07848230201171379,0.075,1.0,0.075,1.0,1.0,0.09090909090909091,0.07848230201171379,0.06666666666666667,1.0,0.06666666666666667,1.0,1.0,0.09090909090909091,0.07848230201171379,0.06,1.0,0.06,1.0,1.0,0.09090909090909091,0.07848230201171379,webtable-la2m_default-v=7-distilroberta-dj_adpt~kalm_instruct_v2_5-dj_adpt,omnimatch_city_test,7
civil_service_titles2_noisy_3.pq::Bargaining Unit Description,0.0,0.0,1.0,0.3333333333333333,0.0,0.0,0.0,0.0,0.0,0.6,1.0,0.0,0.0,0.0,0.0,0.0,0.3,1.0,0.0,0.0,0.0,0.0,0.0,0.2,1.0,0.0,0.0,0.0,0.0,0.0,0.15,1.0,0.0,0.0,0.0,0.0,0.0,0.12,1.0,0.0,0.0,0.0,0.0,0.0,0.1,1.0,0.0,0.0,0.0,0.0,0.0,0.08571428571428572,1.0,0.0,0.0,0.0,0.075,1.0,0.075,1.0,1.0,0.02631578947368421,0.05086594691857849,0.06666666666666667,1.0,0.06666666666666667,1.0,1.0,0.02631578947368421,0.05086594691857849,0.06,1.0,0.06,1.0,1.0,0.02631578947368421,0.05086594691857849,webtable-la2m_default-v=7-distilroberta-dj_adpt~kalm_instruct_v2_5-dj_adpt,omnimatch_city_test,7
civil_service_titles2_noisy_3.pq::Union Code,0.0,0.0,1.0,0.2,0.0,0.0,0.0,0.0,0.0,1.0,1.0,0.0,0.0,0.0,0.0,0.0,0.5,1.0,0.0,0.0,0.0,0.06666666666666667,0.2,0.3333333333333333,1.0,1.0,0.07692307692307693,0.015384615384615385,0.05,0.2,0.25,1.0,1.0,0.07692307692307693,0.015384615384615385,0.16,0.8,0.2,1.0,1.0,0.07692307692307693,0.09503829503829504,0.16666666666666666,1.0,0.16666666666666666,1.0,1.0,0.07692307692307693,0.13075258075258075,0.14285714285714285,1.0,0.14285714285714285,1.0,1.0,0.07692307692307693,0.13075258075258075,0.125,1.0,0.125,1.0,1.0,0.07692307692307693,0.13075258075258075,0.1111111111111111,1.0,0.1111111111111111,1.0,1.0,0.07692307692307693,0.13075258075258075,0.1,1.0,0.1,1.0,1.0,0.07692307692307693,0.13075258075258075,webtable-la2m_default-v=7-distilroberta-dj_adpt~kalm_instruct_v2_5-dj_adpt,omnimatch_city_test,7
civil_service_titles2_noisy_4.pq::Union Code,0.0,0.0,1.0,0.5,0.0,0.0,0.0,0.0,0.0,0.4,1.0,0.0,0.0,0.0,0.0,0.0,0.2,1.0,0.0,0.0,0.0,0.0,0.0,0.13333333333333333,1.0,0.0,0.0,0.0,0.0,0.0,0.1,1.0,0.0,0.0,0.0,0.0,0.0,0.08,1.0,0.0,0.0,0.0,0.0,0.0,0.06666666666666667,1.0,0.0,0.0,0.0,0.0,0.0,0.05714285714285714,1.0,0.0,0.0,0.0,0.0,0.0,0.05,1.0,0.0,0.0,0.0,0.0,0.0,0.044444444444444446,1.0,0.0,0.0,0.0,0.0,0.0,0.04,1.0,0.0,0.0,0.0,webtable-la2m_default-v=7-distilroberta-dj_adpt~kalm_instruct_v2_5-dj_adpt,omnimatch_city_test,7
civil_service_titles2_noisy_4.pq::Union Description,0.0,0.0,1.0,1.0,0.0,0.0,0.0,0.0,0.0,0.2,1.0,0.0,0.0,0.0,0.0,0.0,0.1,1.0,0.0,0.0,0.0,0.0,0.0,0.06666666666666667,1.0,0.0,0.0,0.0,0.0,0.0,0.05,1.0,0.0,0.0,0.0,0.0,0.0,0.04,1.0,0.0,0.0,0.0,0.0,0.0,0.03333333333333333,1.0,0.0,0.0,0.0,0.0,0.0,0.02857142857142857,1.0,0.0,0.0,0.0,0.0,0.0,0.025,1.0,0.0,0.0,0.0,0.0,0.0,0.022222222222222223,1.0,0.0,0.0,0.0,0.0,0.0,0.02,1.0,0.0,0.0,0.0,webtable-la2m_default-v=7-distilroberta-dj_adpt~kalm_instruct_v2_5-dj_adpt,omnimatch_city_test,7
civil_service_titles2_noisy_5.pq::Bargaining Unit Description,0.0,0.0,1.0,1.0,0.0,0.0,0.0,0.0,0.0,0.2,1.0,0.0,0.0,0.0,0.0,0.0,0.1,1.0,0.0,0.0,0.0,0.0,0.0,0.06666666666666667,1.0,0.0,0.0,0.0,0.0,0.0,0.05,1.0,0.0,0.0,0.0,0.0,0.0,0.04,1.0,0.0,0.0,0.0,0.03333333333333333,1.0,0.03333333333333333,1.0,1.0,0.037037037037037035,0.037037037037037035,0.02857142857142857,1.0,0.02857142857142857,1.0,1.0,0.037037037037037035,0.037037037037037035,0.025,1.0,0.025,1.0,1.0,0.037037037037037035,0.037037037037037035,0.022222222222222223,1.0,0.022222222222222223,1.0,1.0,0.037037037037037035,0.037037037037037035,0.02,1.0,0.02,1.0,1.0,0.037037037037037035,0.037037037037037035,webtable-la2m_default-v=7-distilroberta-dj_adpt~kalm_instruct_v2_5-dj_adpt,omnimatch_city_test,7
civil_service_titles2_noisy_5.pq::Union Code,0.0,0.0,1.0,0.3333333333333333,0.0,0.0,0.0,0.0,0.0,0.6,1.0,0.0,0.0,0.0,0.0,0.0,0.3,1.0,0.0,0.0,0.0,0.0,0.0,0.2,1.0,0.0,0.0,0.0,0.0,0.0,0.15,1.0,0.0,0.0,0.0,0.0,0.0,0.12,1.0,0.0,0.0,0.0,0.0,0.0,0.1,1.0,0.0,0.0,0.0,0.0,0.0,0.08571428571428572,1.0,0.0,0.0,0.0,0.0,0.0,0.075,1.0,0.0,0.0,0.0,0.0,0.0,0.06666666666666667,1.0,0.0,0.0,0.0,0.0,0.0,0.06,1.0,0.0,0.0,0.0,webtable-la2m_default-v=7-distilroberta-dj_adpt~kalm_instruct_v2_5-dj_adpt,omnimatch_city_test,7
civil_service_titles2_noisy_6.pq::Union Code,0.0,0.0,1.0,0.1111111111111111,0.0,0.0,0.0,0.6,0.3333333333333333,1.0,0.5555555555555556,1.0,0.3333333333333333,0.15925925925925927,0.5,0.5555555555555556,0.9,1.0,1.0,0.3333333333333333,0.27654320987654324,0.6,1.0,0.6,1.0,1.0,0.3333333333333333,0.5417687251020584,0.45,1.0,0.45,1.0,1.0,0.3333333333333333,0.5417687251020584,0.36,1.0,0.36,1.0,1.0,0.3333333333333333,0.5417687251020584,0.3,1.0,0.3,1.0,1.0,0.3333333333333333,0.5417687251020584,0.2571428571428571,1.0,0.2571428571428571,1.0,1.0,0.3333333333333333,0.5417687251020584,0.225,1.0,0.225,1.0,1.0,0.3333333333333333,0.5417687251020584,0.2,1.0,0.2,1.0,1.0,0.3333333333333333,0.5417687251020584,0.18,1.0,0.18,1.0,1.0,0.3333333333333333,0.5417687251020584,webtable-la2m_default-v=7-distilroberta-dj_adpt~kalm_instruct_v2_5-dj_adpt,omnimatch_city_test,7
civil_service_titles2_noisy_6.pq::Union Description,0.0,0.0,1.0,0.25,0.0,0.0,0.0,0.0,0.0,0.8,1.0,0.0,0.0,0.0,0.0,0.0,0.4,1.0,0.0,0.0,0.0,0.0,0.0,0.26666666666666666,1.0,0.0,0.0,0.0,0.0,0.0,0.2,1.0,0.0,0.0,0.0,0.0,0.0,0.16,1.0,0.0,0.0,0.0,0.0,0.0,0.13333333333333333,1.0,0.0,0.0,0.0,0.0,0.0,0.11428571428571428,1.0,0.0,0.0,0.0,0.0,0.0,0.1,1.0,0.0,0.0,0.0,0.0,0.0,0.08888888888888889,1.0,0.0,0.0,0.0,0.0,0.0,0.08,1.0,0.0,0.0,0.0,webtable-la2m_default-v=7-distilroberta-dj_adpt~kalm_instruct_v2_5-dj_adpt,omnimatch_city_test,7
civil_service_titles2_noisy_8.pq::Union Code,0.0,0.0,1.0,1.0,0.0,0.0,0.0,0.0,0.0,0.2,1.0,0.0,0.0,0.0,0.0,0.0,0.1,1.0,0.0,0.0,0.0,0.0,0.0,0.06666666666666667,1.0,0.0,0.0,0.0,0.0,0.0,0.05,1.0,0.0,0.0,0.0,0.04,1.0,0.04,1.0,1.0,0.041666666666666664,0.041666666666666664,0.03333333333333333,1.0,0.03333333333333333,1.0,1.0,0.041666666666666664,0.041666666666666664,0.02857142857142857,1.0,0.02857142857142857,1.0,1.0,0.041666666666666664,0.041666666666666664,0.025,1.0,0.025,1.0,1.0,0.041666666666666664,0.041666666666666664,0.022222222222222223,1.0,0.022222222222222223,1.0,1.0,0.041666666666666664,0.041666666666666664,0.02,1.0,0.02,1.0,1.0,0.041666666666666664,0.041666666666666664,webtable-la2m_default-v=7-distilroberta-dj_adpt~kalm_instruct_v2_5-dj_adpt,omnimatch_city_test,7
civil_service_titles2_noisy_9.pq::Bargaining Unit Description,0.0,0.0,1.0,0.5,0.0,0.0,0.0,0.0,0.0,0.4,1.0,0.0,0.0,0.0,0.0,0.0,0.2,1.0,0.0,0.0,0.0,0.13333333333333333,1.0,0.13333333333333333,1.0,1.0,0.07692307692307693,0.10989010989010989,0.1,1.0,0.1,1.0,1.0,0.07692307692307693,0.10989010989010989,0.08,1.0,0.08,1.0,1.0,0.07692307692307693,0.10989010989010989,0.06666666666666667,1.0,0.06666666666666667,1.0,1.0,0.07692307692307693,0.10989010989010989,0.05714285714285714,1.0,0.05714285714285714,1.0,1.0,0.07692307692307693,0.10989010989010989,0.05,1.0,0.05,1.0,1.0,0.07692307692307693,0.10989010989010989,0.044444444444444446,1.0,0.044444444444444446,1.0,1.0,0.07692307692307693,0.10989010989010989,0.04,1.0,0.04,1.0,1.0,0.07692307692307693,0.10989010989010989,webtable-la2m_default-v=7-distilroberta-dj_adpt~kalm_instruct_v2_5-dj_adpt,omnimatch_city_test,7
civil_service_titles2_noisy_9.pq::Union Code,0.0,0.0,1.0,0.25,0.0,0.0,0.0,0.6,0.75,0.8,1.0,1.0,0.5,0.44166666666666665,0.3,0.75,0.4,1.0,1.0,0.5,0.44166666666666665,0.26666666666666666,1.0,0.26666666666666666,1.0,1.0,0.5,0.5083333333333333,0.2,1.0,0.2,1.0,1.0,0.5,0.5083333333333333,0.16,1.0,0.16,1.0,1.0,0.5,0.5083333333333333,0.13333333333333333,1.0,0.13333333333333333,1.0,1.0,0.5,0.5083333333333333,0.11428571428571428,1.0,0.11428571428571428,1.0,1.0,0.5,0.5083333333333333,0.1,1.0,0.1,1.0,1.0,0.5,0.5083333333333333,0.08888888888888889,1.0,0.08888888888888889,1.0,1.0,0.5,0.5083333333333333,0.08,1.0,0.08,1.0,1.0,0.5,0.5083333333333333,webtable-la2m_default-v=7-distilroberta-dj_adpt~kalm_instruct_v2_5-dj_adpt,omnimatch_city_test,7
evictions_noisy_0.pq::Court Index Number,0.0,0.0,1.0,0.16666666666666666,0.0,0.0,0.0,0.8,0.6666666666666666,1.0,0.8333333333333334,1.0,0.5,0.4527777777777778,0.5,0.8333333333333334,0.6,1.0,1.0,0.5,0.5718253968253969,0.3333333333333333,0.8333333333333334,0.4,1.0,1.0,0.5,0.5718253968253969,0.25,0.8333333333333334,0.3,1.0,1.0,0.5,0.5718253968253969,0.2,0.8333333333333334,0.24,1.0,1.0,0.5,0.5718253968253969,0.16666666666666666,0.8333333333333334,0.2,1.0,1.0,0.5,0.5718253968253969,0.14285714285714285,0.8333333333333334,0.17142857142857143,1.0,1.0,0.5,0.5718253968253969,0.125,0.8333333333333334,0.15,1.0,1.0,0.5,0.5718253968253969,0.1111111111111111,0.8333333333333334,0.13333333333333333,1.0,1.0,0.5,0.5718253968253969,0.1,0.8333333333333334,0.12,1.0,1.0,0.5,0.5718253968253969,webtable-la2m_default-v=7-distilroberta-dj_adpt~kalm_instruct_v2_5-dj_adpt,omnimatch_city_test,7
evictions_noisy_0.pq::Eviction Address,0.0,0.0,1.0,0.3333333333333333,0.0,0.0,0.0,0.0,0.0,0.6,1.0,0.0,0.0,0.0,0.1,0.3333333333333333,0.3,1.0,1.0,0.1,0.03333333333333333,0.2,1.0,0.2,1.0,1.0,0.1,0.17086247086247086,0.15,1.0,0.15,1.0,1.0,0.1,0.17086247086247086,0.12,1.0,0.12,1.0,1.0,0.1,0.17086247086247086,0.1,1.0,0.1,1.0,1.0,0.1,0.17086247086247086,0.08571428571428572,1.0,0.08571428571428572,1.0,1.0,0.1,0.17086247086247086,0.075,1.0,0.075,1.0,1.0,0.1,0.17086247086247086,0.06666666666666667,1.0,0.06666666666666667,1.0,1.0,0.1,0.17086247086247086,0.06,1.0,0.06,1.0,1.0,0.1,0.17086247086247086,webtable-la2m_default-v=7-distilroberta-dj_adpt~kalm_instruct_v2_5-dj_adpt,omnimatch_city_test,7
evictions_noisy_0.pq::Eviction Apartment Number,0.0,0.0,1.0,0.5,0.0,0.0,0.0,0.0,0.0,0.4,1.0,0.0,0.0,0.0,0.0,0.0,0.2,1.0,0.0,0.0,0.0,0.0,0.0,0.13333333333333333,1.0,0.0,0.0,0.0,0.0,0.0,0.1,1.0,0.0,0.0,0.0,0.0,0.0,0.08,1.0,0.0,0.0,0.0,0.0,0.0,0.06666666666666667,1.0,0.0,0.0,0.0,0.0,0.0,0.05714285714285714,1.0,0.0,0.0,0.0,0.0,0.0,0.05,1.0,0.0,0.0,0.0,0.0,0.0,0.044444444444444446,1.0,0.0,0.0,0.0,0.0,0.0,0.04,1.0,0.0,0.0,0.0,webtable-la2m_default-v=7-distilroberta-dj_adpt~kalm_instruct_v2_5-dj_adpt,omnimatch_city_test,7
evictions_noisy_0.pq::Executed Date,0.0,0.0,1.0,0.5,0.0,0.0,0.0,0.0,0.0,0.4,1.0,0.0,0.0,0.0,0.0,0.0,0.2,1.0,0.0,0.0,0.0,0.0,0.0,0.13333333333333333,1.0,0.0,0.0,0.0,0.0,0.0,0.1,1.0,0.0,0.0,0.0,0.0,0.0,0.08,1.0,0.0,0.0,0.0,0.06666666666666667,1.0,0.06666666666666667,1.0,1.0,0.038461538461538464,0.05626780626780627,0.05714285714285714,1.0,0.05714285714285714,1.0,1.0,0.038461538461538464,0.05626780626780627,0.05,1.0,0.05,1.0,1.0,0.038461538461538464,0.05626780626780627,0.044444444444444446,1.0,0.044444444444444446,1.0,1.0,0.038461538461538464,0.05626780626780627,0.04,1.0,0.04,1.0,1.0,0.038461538461538464,0.05626780626780627,webtable-la2m_default-v=7-distilroberta-dj_adpt~kalm_instruct_v2_5-dj_adpt,omnimatch_city_test,7
evictions_noisy_0.pq::Marshal First Name,1.0,0.5,1.0,0.5,1.0,1.0,0.5,0.4,1.0,0.4,1.0,1.0,1.0,1.0,0.2,1.0,0.2,1.0,1.0,1.0,1.0,0.13333333333333333,1.0,0.13333333333333333,1.0,1.0,1.0,1.0,0.1,1.0,0.1,1.0,1.0,1.0,1.0,0.08,1.0,0.08,1.0,1.0,1.0,1.0,0.06666666666666667,1.0,0.06666666666666667,1.0,1.0,1.0,1.0,0.05714285714285714,1.0,0.05714285714285714,1.0,1.0,1.0,1.0,0.05,1.0,0.05,1.0,1.0,1.0,1.0,0.044444444444444446,1.0,0.044444444444444446,1.0,1.0,1.0,1.0,0.04,1.0,0.04,1.0,1.0,1.0,1.0,webtable-la2m_default-v=7-distilroberta-dj_adpt~kalm_instruct_v2_5-dj_adpt,omnimatch_city_test,7
evictions_noisy_0.pq::Marshal Last Name,0.0,0.0,1.0,0.5,0.0,0.0,0.0,0.0,0.0,0.4,1.0,0.0,0.0,0.0,0.0,0.0,0.2,1.0,0.0,0.0,0.0,0.0,0.0,0.13333333333333333,1.0,0.0,0.0,0.0,0.0,0.0,0.1,1.0,0.0,0.0,0.0,0.0,0.0,0.08,1.0,0.0,0.0,0.0,0.0,0.0,0.06666666666666667,1.0,0.0,0.0,0.0,0.05714285714285714,1.0,0.05714285714285714,1.0,1.0,0.03225806451612903,0.047379032258064516,0.05,1.0,0.05,1.0,1.0,0.03225806451612903,0.047379032258064516,0.044444444444444446,1.0,0.044444444444444446,1.0,1.0,0.03225806451612903,0.047379032258064516,0.04,1.0,0.04,1.0,1.0,0.03225806451612903,0.047379032258064516,webtable-la2m_default-v=7-distilroberta-dj_adpt~kalm_instruct_v2_5-dj_adpt,omnimatch_city_test,7
evictions_noisy_2.pq::Court Index Number,0.0,0.0,1.0,0.14285714285714285,0.0,0.0,0.0,0.8,0.5714285714285714,1.0,0.7142857142857143,1.0,0.5,0.3880952380952381,0.5,0.7142857142857143,0.7,1.0,1.0,0.5,0.4901360544217687,0.3333333333333333,0.7142857142857143,0.4666666666666667,1.0,1.0,0.5,0.4901360544217687,0.25,0.7142857142857143,0.35,1.0,1.0,0.5,0.4901360544217687,0.2,0.7142857142857143,0.28,1.0,1.0,0.5,0.4901360544217687,0.16666666666666666,0.7142857142857143,0.23333333333333334,1.0,1.0,0.5,0.4901360544217687,0.14285714285714285,0.7142857142857143,0.2,1.0,1.0,0.5,0.4901360544217687,0.125,0.7142857142857143,0.175,1.0,1.0,0.5,0.4901360544217687,0.1111111111111111,0.7142857142857143,0.15555555555555556,1.0,1.0,0.5,0.4901360544217687,0.1,0.7142857142857143,0.14,1.0,1.0,0.5,0.4901360544217687,webtable-la2m_default-v=7-distilroberta-dj_adpt~kalm_instruct_v2_5-dj_adpt,omnimatch_city_test,7
evictions_noisy_2.pq::Eviction Address,0.0,0.0,1.0,0.25,0.0,0.0,0.0,0.0,0.0,0.8,1.0,0.0,0.0,0.0,0.1,0.25,0.4,1.0,1.0,0.125,0.03125,0.26666666666666666,1.0,0.26666666666666666,1.0,1.0,0.125,0.2161276223776224,0.2,1.0,0.2,1.0,1.0,0.125,0.2161276223776224,0.16,1.0,0.16,1.0,1.0,0.125,0.2161276223776224,0.13333333333333333,1.0,0.13333333333333333,1.0,1.0,0.125,0.2161276223776224,0.11428571428571428,1.0,0.11428571428571428,1.0,1.0,0.125,0.2161276223776224,0.1,1.0,0.1,1.0,1.0,0.125,0.2161276223776224,0.08888888888888889,1.0,0.08888888888888889,1.0,1.0,0.125,0.2161276223776224,0.08,1.0,0.08,1.0,1.0,0.125,0.2161276223776224,webtable-la2m_default-v=7-distilroberta-dj_adpt~kalm_instruct_v2_5-dj_adpt,omnimatch_city_test,7
evictions_noisy_2.pq::Eviction Apartment Number,0.0,0.0,1.0,0.3333333333333333,0.0,0.0,0.0,0.0,0.0,0.6,1.0,0.0,0.0,0.0,0.0,0.0,0.3,1.0,0.0,0.0,0.0,0.0,0.0,0.2,1.0,0.0,0.0,0.0,0.0,0.0,0.15,1.0,0.0,0.0,0.0,0.0,0.0,0.12,1.0,0.0,0.0,0.0,0.0,0.0,0.1,1.0,0.0,0.0,0.0,0.0,0.0,0.08571428571428572,1.0,0.0,0.0,0.0,0.0,0.0,0.075,1.0,0.0,0.0,0.0,0.0,0.0,0.06666666666666667,1.0,0.0,0.0,0.0,0.0,0.0,0.06,1.0,0.0,0.0,0.0,webtable-la2m_default-v=7-distilroberta-dj_adpt~kalm_instruct_v2_5-dj_adpt,omnimatch_city_test,7
evictions_noisy_2.pq::Executed Date,0.0,0.0,1.0,0.3333333333333333,0.0,0.0,0.0,0.0,0.0,0.6,1.0,0.0,0.0,0.0,0.0,0.0,0.3,1.0,0.0,0.0,0.0,0.06666666666666667,0.3333333333333333,0.2,1.0,1.0,0.06666666666666667,0.022222222222222223,0.05,0.3333333333333333,0.15,1.0,1.0,0.06666666666666667,0.022222222222222223,0.04,0.3333333333333333,0.12,1.0,1.0,0.06666666666666667,0.022222222222222223,0.1,1.0,0.1,1.0,1.0,0.06666666666666667,0.0849002849002849,0.08571428571428572,1.0,0.08571428571428572,1.0,1.0,0.06666666666666667,0.0849002849002849,0.075,1.0,0.075,1.0,1.0,0.06666666666666667,0.0849002849002849,0.06666666666666667,1.0,0.06666666666666667,1.0,1.0,0.06666666666666667,0.0849002849002849,0.06,1.0,0.06,1.0,1.0,0.06666666666666667,0.0849002849002849,webtable-la2m_default-v=7-distilroberta-dj_adpt~kalm_instruct_v2_5-dj_adpt,omnimatch_city_test,7
evictions_noisy_2.pq::Marshal First Name,1.0,0.3333333333333333,1.0,0.3333333333333333,1.0,1.0,0.3333333333333333,0.6,1.0,0.6,1.0,1.0,1.0,0.9166666666666666,0.3,1.0,0.3,1.0,1.0,1.0,0.9166666666666666,0.2,1.0,0.2,1.0,1.0,1.0,0.9166666666666666,0.15,1.0,0.15,1.0,1.0,1.0,0.9166666666666666,0.12,1.0,0.12,1.0,1.0,1.0,0.9166666666666666,0.1,1.0,0.1,1.0,1.0,1.0,0.9166666666666666,0.08571428571428572,1.0,0.08571428571428572,1.0,1.0,1.0,0.9166666666666666,0.075,1.0,0.075,1.0,1.0,1.0,0.9166666666666666,0.06666666666666667,1.0,0.06666666666666667,1.0,1.0,1.0,0.9166666666666666,0.06,1.0,0.06,1.0,1.0,1.0,0.9166666666666666,webtable-la2m_default-v=7-distilroberta-dj_adpt~kalm_instruct_v2_5-dj_adpt,omnimatch_city_test,7
evictions_noisy_2.pq::Marshal Last Name,1.0,0.3333333333333333,1.0,0.3333333333333333,1.0,1.0,0.3333333333333333,0.2,0.3333333333333333,0.6,1.0,1.0,1.0,0.3333333333333333,0.1,0.3333333333333333,0.3,1.0,1.0,1.0,0.3333333333333333,0.06666666666666667,0.3333333333333333,0.2,1.0,1.0,1.0,0.3333333333333333,0.05,0.3333333333333333,0.15,1.0,1.0,1.0,0.3333333333333333,0.04,0.3333333333333333,0.12,1.0,1.0,1.0,0.3333333333333333,0.03333333333333333,0.3333333333333333,0.1,1.0,1.0,1.0,0.3333333333333333,0.08571428571428572,1.0,0.08571428571428572,1.0,1.0,1.0,0.3815126050420168,0.075,1.0,0.075,1.0,1.0,1.0,0.3815126050420168,0.06666666666666667,1.0,0.06666666666666667,1.0,1.0,1.0,0.3815126050420168,0.06,1.0,0.06,1.0,1.0,1.0,0.3815126050420168,webtable-la2m_default-v=7-distilroberta-dj_adpt~kalm_instruct_v2_5-dj_adpt,omnimatch_city_test,7
evictions_noisy_3.pq::BOROUGH,1.0,0.25,1.0,0.25,1.0,1.0,0.25,0.6,0.75,0.8,1.0,1.0,1.0,0.75,0.3,0.75,0.4,1.0,1.0,1.0,0.75,0.2,0.75,0.26666666666666666,1.0,1.0,1.0,0.75,0.2,1.0,0.2,1.0,1.0,1.0,0.8088235294117647,0.16,1.0,0.16,1.0,1.0,1.0,0.8088235294117647,0.13333333333333333,1.0,0.13333333333333333,1.0,1.0,1.0,0.8088235294117647,0.11428571428571428,1.0,0.11428571428571428,1.0,1.0,1.0,0.8088235294117647,0.1,1.0,0.1,1.0,1.0,1.0,0.8088235294117647,0.08888888888888889,1.0,0.08888888888888889,1.0,1.0,1.0,0.8088235294117647,0.08,1.0,0.08,1.0,1.0,1.0,0.8088235294117647,webtable-la2m_default-v=7-distilroberta-dj_adpt~kalm_instruct_v2_5-dj_adpt,omnimatch_city_test,7
evictions_noisy_3.pq::Court Index Number,0.0,0.0,1.0,0.125,0.0,0.0,0.0,0.0,0.0,1.0,0.625,0.0,0.0,0.0,0.0,0.0,0.8,1.0,0.0,0.0,0.0,0.0,0.0,0.5333333333333333,1.0,0.0,0.0,0.0,0.0,0.0,0.4,1.0,0.0,0.0,0.0,0.0,0.0,0.32,1.0,0.0,0.0,0.0,0.0,0.0,0.26666666666666666,1.0,0.0,0.0,0.0,0.0,0.0,0.22857142857142856,1.0,0.0,0.0,0.0,0.0,0.0,0.2,1.0,0.0,0.0,0.0,0.0,0.0,0.17777777777777778,1.0,0.0,0.0,0.0,0.0,0.0,0.16,1.0,0.0,0.0,0.0,webtable-la2m_default-v=7-distilroberta-dj_adpt~kalm_instruct_v2_5-dj_adpt,omnimatch_city_test,7
evictions_noisy_3.pq::Ejectment,0.0,0.0,1.0,0.25,0.0,0.0,0.0,0.0,0.0,0.8,1.0,0.0,0.0,0.0,0.3,0.75,0.4,1.0,1.0,0.16666666666666666,0.17222222222222222,0.26666666666666666,1.0,0.26666666666666666,1.0,1.0,0.16666666666666666,0.24365079365079365,0.2,1.0,0.2,1.0,1.0,0.16666666666666666,0.24365079365079365,0.16,1.0,0.16,1.0,1.0,0.16666666666666666,0.24365079365079365,0.13333333333333333,1.0,0.13333333333333333,1.0,1.0,0.16666666666666666,0.24365079365079365,0.11428571428571428,1.0,0.11428571428571428,1.0,1.0,0.16666666666666666,0.24365079365079365,0.1,1.0,0.1,1.0,1.0,0.16666666666666666,0.24365079365079365,0.08888888888888889,1.0,0.08888888888888889,1.0,1.0,0.16666666666666666,0.24365079365079365,0.08,1.0,0.08,1.0,1.0,0.16666666666666666,0.24365079365079365,webtable-la2m_default-v=7-distilroberta-dj_adpt~kalm_instruct_v2_5-dj_adpt,omnimatch_city_test,7
evictions_noisy_3.pq::Eviction Postcode,0.0,0.0,1.0,0.25,0.0,0.0,0.0,0.0,0.0,0.8,1.0,0.0,0.0,0.0,0.0,0.0,0.4,1.0,0.0,0.0,0.0,0.0,0.0,0.26666666666666666,1.0,0.0,0.0,0.0,0.0,0.0,0.2,1.0,0.0,0.0,0.0,0.0,0.0,0.16,1.0,0.0,0.0,0.0,0.0,0.0,0.13333333333333333,1.0,0.0,0.0,0.0,0.0,0.0,0.11428571428571428,1.0,0.0,0.0,0.0,0.0,0.0,0.1,1.0,0.0,0.0,0.0,0.0,0.0,0.08888888888888889,1.0,0.0,0.0,0.0,0.0,0.0,0.08,1.0,0.0,0.0,0.0,webtable-la2m_default-v=7-distilroberta-dj_adpt~kalm_instruct_v2_5-dj_adpt,omnimatch_city_test,7
evictions_noisy_3.pq::Eviction/Legal Possession,0.0,0.0,1.0,0.25,0.0,0.0,0.0,0.0,0.0,0.8,1.0,0.0,0.0,0.0,0.0,0.0,0.4,1.0,0.0,0.0,0.0,0.06666666666666667,0.25,0.26666666666666666,1.0,1.0,0.09090909090909091,0.022727272727272728,0.05,0.25,0.2,1.0,1.0,0.09090909090909091,0.022727272727272728,0.04,0.25,0.16,1.0,1.0,0.09090909090909091,0.022727272727272728,0.03333333333333333,0.25,0.13333333333333333,1.0,1.0,0.09090909090909091,0.022727272727272728,0.02857142857142857,0.25,0.11428571428571428,1.0,1.0,0.09090909090909091,0.022727272727272728,0.025,0.25,0.1,1.0,1.0,0.09090909090909091,0.022727272727272728,0.022222222222222223,0.25,0.08888888888888889,1.0,1.0,0.09090909090909091,0.022727272727272728,0.02,0.25,0.08,1.0,1.0,0.09090909090909091,0.022727272727272728,webtable-la2m_default-v=7-distilroberta-dj_adpt~kalm_instruct_v2_5-dj_adpt,omnimatch_city_test,7
evictions_noisy_3.pq::NTA,1.0,0.25,1.0,0.25,1.0,1.0,0.25,0.2,0.25,0.8,1.0,1.0,1.0,0.25,0.1,0.25,0.4,1.0,1.0,1.0,0.25,0.06666666666666667,0.25,0.26666666666666666,1.0,1.0,1.0,0.25,0.05,0.25,0.2,1.0,1.0,1.0,0.25,0.04,0.25,0.16,1.0,1.0,1.0,0.25,0.13333333333333333,1.0,0.13333333333333333,1.0,1.0,1.0,0.32978699142492246,0.11428571428571428,1.0,0.11428571428571428,1.0,1.0,1.0,0.32978699142492246,0.1,1.0,0.1,1.0,1.0,1.0,0.32978699142492246,0.08888888888888889,1.0,0.08888888888888889,1.0,1.0,1.0,0.32978699142492246,0.08,1.0,0.08,1.0,1.0,1.0,0.32978699142492246,webtable-la2m_default-v=7-distilroberta-dj_adpt~kalm_instruct_v2_5-dj_adpt,omnimatch_city_test,7
evictions_noisy_3.pq::Residential/Commercial,0.0,0.0,1.0,0.3333333333333333,0.0,0.0,0.0,0.0,0.0,0.6,1.0,0.0,0.0,0.0,0.1,0.3333333333333333,0.3,1.0,1.0,0.1,0.03333333333333333,0.13333333333333333,0.6666666666666666,0.2,1.0,1.0,0.1,0.09393939393939395,0.1,0.6666666666666666,0.15,1.0,1.0,0.1,0.09393939393939395,0.08,0.6666666666666666,0.12,1.0,1.0,0.1,0.09393939393939395,0.06666666666666667,0.6666666666666666,0.1,1.0,1.0,0.1,0.09393939393939395,0.05714285714285714,0.6666666666666666,0.08571428571428572,1.0,1.0,0.1,0.09393939393939395,0.05,0.6666666666666666,0.075,1.0,1.0,0.1,0.09393939393939395,0.044444444444444446,0.6666666666666666,0.06666666666666667,1.0,1.0,0.1,0.09393939393939395,0.04,0.6666666666666666,0.06,1.0,1.0,0.1,0.09393939393939395,webtable-la2m_default-v=7-distilroberta-dj_adpt~kalm_instruct_v2_5-dj_adpt,omnimatch_city_test,7
evictions_noisy_4.pq::Court Index Number,0.0,0.0,1.0,0.1111111111111111,0.0,0.0,0.0,0.0,0.0,1.0,0.5555555555555556,0.0,0.0,0.0,0.0,0.0,0.9,1.0,0.0,0.0,0.0,0.0,0.0,0.6,1.0,0.0,0.0,0.0,0.0,0.0,0.45,1.0,0.0,0.0,0.0,0.0,0.0,0.36,1.0,0.0,0.0,0.0,0.0,0.0,0.3,1.0,0.0,0.0,0.0,0.0,0.0,0.2571428571428571,1.0,0.0,0.0,0.0,0.0,0.0,0.225,1.0,0.0,0.0,0.0,0.0,0.0,0.2,1.0,0.0,0.0,0.0,0.0,0.0,0.18,1.0,0.0,0.0,0.0,webtable-la2m_default-v=7-distilroberta-dj_adpt~kalm_instruct_v2_5-dj_adpt,omnimatch_city_test,7
evictions_noisy_4.pq::Eviction Address,0.0,0.0,1.0,0.2,0.0,0.0,0.0,0.0,0.0,1.0,1.0,0.0,0.0,0.0,0.2,0.4,0.5,1.0,1.0,0.1111111111111111,0.06222222222222222,0.3333333333333333,1.0,0.3333333333333333,1.0,1.0,0.1111111111111111,0.2603574203574204,0.25,1.0,0.25,1.0,1.0,0.1111111111111111,0.2603574203574204,0.2,1.0,0.2,1.0,1.0,0.1111111111111111,0.2603574203574204,0.16666666666666666,1.0,0.16666666666666666,1.0,1.0,0.1111111111111111,0.2603574203574204,0.14285714285714285,1.0,0.14285714285714285,1.0,1.0,0.1111111111111111,0.2603574203574204,0.125,1.0,0.125,1.0,1.0,0.1111111111111111,0.2603574203574204,0.1111111111111111,1.0,0.1111111111111111,1.0,1.0,0.1111111111111111,0.2603574203574204,0.1,1.0,0.1,1.0,1.0,0.1111111111111111,0.2603574203574204,webtable-la2m_default-v=7-distilroberta-dj_adpt~kalm_instruct_v2_5-dj_adpt,omnimatch_city_test,7
evictions_noisy_4.pq::Eviction Apartment Number,1.0,0.25,1.0,0.25,1.0,1.0,0.25,0.2,0.25,0.8,1.0,1.0,1.0,0.25,0.1,0.25,0.4,1.0,1.0,1.0,0.25,0.06666666666666667,0.25,0.26666666666666666,1.0,1.0,1.0,0.25,0.05,0.25,0.2,1.0,1.0,1.0,0.25,0.04,0.25,0.16,1.0,1.0,1.0,0.25,0.03333333333333333,0.25,0.13333333333333333,1.0,1.0,1.0,0.25,0.02857142857142857,0.25,0.11428571428571428,1.0,1.0,1.0,0.25,0.025,0.25,0.1,1.0,1.0,1.0,0.25,0.022222222222222223,0.25,0.08888888888888889,1.0,1.0,1.0,0.25,0.02,0.25,0.08,1.0,1.0,1.0,0.25,webtable-la2m_default-v=7-distilroberta-dj_adpt~kalm_instruct_v2_5-dj_adpt,omnimatch_city_test,7
evictions_noisy_4.pq::Executed Date,0.0,0.0,1.0,0.25,0.0,0.0,0.0,0.0,0.0,0.8,1.0,0.0,0.0,0.0,0.3,0.75,0.4,1.0,1.0,0.14285714285714285,0.1732142857142857,0.26666666666666666,1.0,0.26666666666666666,1.0,1.0,0.14285714285714285,0.2641233766233766,0.2,1.0,0.2,1.0,1.0,0.14285714285714285,0.2641233766233766,0.16,1.0,0.16,1.0,1.0,0.14285714285714285,0.2641233766233766,0.13333333333333333,1.0,0.13333333333333333,1.0,1.0,0.14285714285714285,0.2641233766233766,0.11428571428571428,1.0,0.11428571428571428,1.0,1.0,0.14285714285714285,0.2641233766233766,0.1,1.0,0.1,1.0,1.0,0.14285714285714285,0.2641233766233766,0.08888888888888889,1.0,0.08888888888888889,1.0,1.0,0.14285714285714285,0.2641233766233766,0.08,1.0,0.08,1.0,1.0,0.14285714285714285,0.2641233766233766,webtable-la2m_default-v=7-distilroberta-dj_adpt~kalm_instruct_v2_5-dj_adpt,omnimatch_city_test,7
evictions_noisy_4.pq::Marshal First Name,1.0,0.25,1.0,0.25,1.0,1.0,0.25,0.8,1.0,0.8,1.0,1.0,1.0,0.8041666666666667,0.4,1.0,0.4,1.0,1.0,1.0,0.8041666666666667,0.26666666666666666,1.0,0.26666666666666666,1.0,1.0,1.0,0.8041666666666667,0.2,1.0,0.2,1.0,1.0,1.0,0.8041666666666667,0.16,1.0,0.16,1.0,1.0,1.0,0.8041666666666667,0.13333333333333333,1.0,0.13333333333333333,1.0,1.0,1.0,0.8041666666666667,0.11428571428571428,1.0,0.11428571428571428,1.0,1.0,1.0,0.8041666666666667,0.1,1.0,0.1,1.0,1.0,1.0,0.8041666666666667,0.08888888888888889,1.0,0.08888888888888889,1.0,1.0,1.0,0.8041666666666667,0.08,1.0,0.08,1.0,1.0,1.0,0.8041666666666667,webtable-la2m_default-v=7-distilroberta-dj_adpt~kalm_instruct_v2_5-dj_adpt,omnimatch_city_test,7
evictions_noisy_4.pq::Marshal Last Name,1.0,0.25,1.0,0.25,1.0,1.0,0.25,0.6,0.75,0.8,1.0,1.0,1.0,0.75,0.4,1.0,0.4,1.0,1.0,1.0,0.8928571428571428,0.26666666666666666,1.0,0.26666666666666666,1.0,1.0,1.0,0.8928571428571428,0.2,1.0,0.2,1.0,1.0,1.0,0.8928571428571428,0.16,1.0,0.16,1.0,1.0,1.0,0.8928571428571428,0.13333333333333333,1.0,0.13333333333333333,1.0,1.0,1.0,0.8928571428571428,0.11428571428571428,1.0,0.11428571428571428,1.0,1.0,1.0,0.8928571428571428,0.1,1.0,0.1,1.0,1.0,1.0,0.8928571428571428,0.08888888888888889,1.0,0.08888888888888889,1.0,1.0,1.0,0.8928571428571428,0.08,1.0,0.08,1.0,1.0,1.0,0.8928571428571428,webtable-la2m_default-v=7-distilroberta-dj_adpt~kalm_instruct_v2_5-dj_adpt,omnimatch_city_test,7
evictions_noisy_4.pq::Residential/Commercial,0.0,0.0,1.0,0.25,0.0,0.0,0.0,0.0,0.0,0.8,1.0,0.0,0.0,0.0,0.0,0.0,0.4,1.0,0.0,0.0,0.0,0.0,0.0,0.26666666666666666,1.0,0.0,0.0,0.0,0.0,0.0,0.2,1.0,0.0,0.0,0.0,0.0,0.0,0.16,1.0,0.0,0.0,0.0,0.0,0.0,0.13333333333333333,1.0,0.0,0.0,0.0,0.0,0.0,0.11428571428571428,1.0,0.0,0.0,0.0,0.0,0.0,0.1,1.0,0.0,0.0,0.0,0.0,0.0,0.08888888888888889,1.0,0.0,0.0,0.0,0.0,0.0,0.08,1.0,0.0,0.0,0.0,webtable-la2m_default-v=7-distilroberta-dj_adpt~kalm_instruct_v2_5-dj_adpt,omnimatch_city_test,7
evictions_noisy_5.pq::BOROUGH,0.0,0.0,1.0,1.0,0.0,0.0,0.0,0.0,0.0,0.2,1.0,0.0,0.0,0.0,0.0,0.0,0.1,1.0,0.0,0.0,0.0,0.0,0.0,0.06666666666666667,1.0,0.0,0.0,0.0,0.05,1.0,0.05,1.0,1.0,0.0625,0.0625,0.04,1.0,0.04,1.0,1.0,0.0625,0.0625,0.03333333333333333,1.0,0.03333333333333333,1.0,1.0,0.0625,0.0625,0.02857142857142857,1.0,0.02857142857142857,1.0,1.0,0.0625,0.0625,0.025,1.0,0.025,1.0,1.0,0.0625,0.0625,0.022222222222222223,1.0,0.022222222222222223,1.0,1.0,0.0625,0.0625,0.02,1.0,0.02,1.0,1.0,0.0625,0.0625,webtable-la2m_default-v=7-distilroberta-dj_adpt~kalm_instruct_v2_5-dj_adpt,omnimatch_city_test,7
evictions_noisy_5.pq::Court Index Number,0.0,0.0,1.0,1.0,0.0,0.0,0.0,0.0,0.0,0.2,1.0,0.0,0.0,0.0,0.0,0.0,0.1,1.0,0.0,0.0,0.0,0.0,0.0,0.06666666666666667,1.0,0.0,0.0,0.0,0.05,1.0,0.05,1.0,1.0,0.058823529411764705,0.058823529411764705,0.04,1.0,0.04,1.0,1.0,0.058823529411764705,0.058823529411764705,0.03333333333333333,1.0,0.03333333333333333,1.0,1.0,0.058823529411764705,0.058823529411764705,0.02857142857142857,1.0,0.02857142857142857,1.0,1.0,0.058823529411764705,0.058823529411764705,0.025,1.0,0.025,1.0,1.0,0.058823529411764705,0.058823529411764705,0.022222222222222223,1.0,0.022222222222222223,1.0,1.0,0.058823529411764705,0.058823529411764705,0.02,1.0,0.02,1.0,1.0,0.058823529411764705,0.058823529411764705,webtable-la2m_default-v=7-distilroberta-dj_adpt~kalm_instruct_v2_5-dj_adpt,omnimatch_city_test,7
evictions_noisy_5.pq::Ejectment,0.0,0.0,1.0,1.0,0.0,0.0,0.0,0.0,0.0,0.2,1.0,0.0,0.0,0.0,0.1,1.0,0.1,1.0,1.0,0.1111111111111111,0.1111111111111111,0.06666666666666667,1.0,0.06666666666666667,1.0,1.0,0.1111111111111111,0.1111111111111111,0.05,1.0,0.05,1.0,1.0,0.1111111111111111,0.1111111111111111,0.04,1.0,0.04,1.0,1.0,0.1111111111111111,0.1111111111111111,0.03333333333333333,1.0,0.03333333333333333,1.0,1.0,0.1111111111111111,0.1111111111111111,0.02857142857142857,1.0,0.02857142857142857,1.0,1.0,0.1111111111111111,0.1111111111111111,0.025,1.0,0.025,1.0,1.0,0.1111111111111111,0.1111111111111111,0.022222222222222223,1.0,0.022222222222222223,1.0,1.0,0.1111111111111111,0.1111111111111111,0.02,1.0,0.02,1.0,1.0,0.1111111111111111,0.1111111111111111,webtable-la2m_default-v=7-distilroberta-dj_adpt~kalm_instruct_v2_5-dj_adpt,omnimatch_city_test,7
evictions_noisy_5.pq::Eviction Postcode,0.0,0.0,1.0,1.0,0.0,0.0,0.0,0.0,0.0,0.2,1.0,0.0,0.0,0.0,0.0,0.0,0.1,1.0,0.0,0.0,0.0,0.0,0.0,0.06666666666666667,1.0,0.0,0.0,0.0,0.0,0.0,0.05,1.0,0.0,0.0,0.0,0.0,0.0,0.04,1.0,0.0,0.0,0.0,0.0,0.0,0.03333333333333333,1.0,0.0,0.0,0.0,0.0,0.0,0.02857142857142857,1.0,0.0,0.0,0.0,0.0,0.0,0.025,1.0,0.0,0.0,0.0,0.0,0.0,0.022222222222222223,1.0,0.0,0.0,0.0,0.0,0.0,0.02,1.0,0.0,0.0,0.0,webtable-la2m_default-v=7-distilroberta-dj_adpt~kalm_instruct_v2_5-dj_adpt,omnimatch_city_test,7
evictions_noisy_5.pq::Eviction/Legal Possession,1.0,1.0,1.0,1.0,1.0,1.0,1.0,0.2,1.0,0.2,1.0,1.0,1.0,1.0,0.1,1.0,0.1,1.0,1.0,1.0,1.0,0.06666666666666667,1.0,0.06666666666666667,1.0,1.0,1.0,1.0,0.05,1.0,0.05,1.0,1.0,1.0,1.0,0.04,1.0,0.04,1.0,1.0,1.0,1.0,0.03333333333333333,1.0,0.03333333333333333,1.0,1.0,1.0,1.0,0.02857142857142857,1.0,0.02857142857142857,1.0,1.0,1.0,1.0,0.025,1.0,0.025,1.0,1.0,1.0,1.0,0.022222222222222223,1.0,0.022222222222222223,1.0,1.0,1.0,1.0,0.02,1.0,0.02,1.0,1.0,1.0,1.0,webtable-la2m_default-v=7-distilroberta-dj_adpt~kalm_instruct_v2_5-dj_adpt,omnimatch_city_test,7
evictions_noisy_5.pq::NTA,0.0,0.0,1.0,1.0,0.0,0.0,0.0,0.0,0.0,0.2,1.0,0.0,0.0,0.0,0.0,0.0,0.1,1.0,0.0,0.0,0.0,0.0,0.0,0.06666666666666667,1.0,0.0,0.0,0.0,0.0,0.0,0.05,1.0,0.0,0.0,0.0,0.0,0.0,0.04,1.0,0.0,0.0,0.0,0.03333333333333333,1.0,0.03333333333333333,1.0,1.0,0.03333333333333333,0.03333333333333333,0.02857142857142857,1.0,0.02857142857142857,1.0,1.0,0.03333333333333333,0.03333333333333333,0.025,1.0,0.025,1.0,1.0,0.03333333333333333,0.03333333333333333,0.022222222222222223,1.0,0.022222222222222223,1.0,1.0,0.03333333333333333,0.03333333333333333,0.02,1.0,0.02,1.0,1.0,0.03333333333333333,0.03333333333333333,webtable-la2m_default-v=7-distilroberta-dj_adpt~kalm_instruct_v2_5-dj_adpt,omnimatch_city_test,7
evictions_noisy_6.pq::Court Index Number,0.0,0.0,1.0,0.2,0.0,0.0,0.0,0.0,0.0,1.0,1.0,0.0,0.0,0.0,0.0,0.0,0.5,1.0,0.0,0.0,0.0,0.0,0.0,0.3333333333333333,1.0,0.0,0.0,0.0,0.0,0.0,0.25,1.0,0.0,0.0,0.0,0.0,0.0,0.2,1.0,0.0,0.0,0.0,0.0,0.0,0.16666666666666666,1.0,0.0,0.0,0.0,0.0,0.0,0.14285714285714285,1.0,0.0,0.0,0.0,0.0,0.0,0.125,1.0,0.0,0.0,0.0,0.0,0.0,0.1111111111111111,1.0,0.0,0.0,0.0,0.0,0.0,0.1,1.0,0.0,0.0,0.0,webtable-la2m_default-v=7-distilroberta-dj_adpt~kalm_instruct_v2_5-dj_adpt,omnimatch_city_test,7
evictions_noisy_6.pq::Eviction Address,0.0,0.0,1.0,0.5,0.0,0.0,0.0,0.0,0.0,0.4,1.0,0.0,0.0,0.0,0.1,0.5,0.2,1.0,1.0,0.1,0.05,0.13333333333333333,1.0,0.13333333333333333,1.0,1.0,0.1,0.14090909090909093,0.1,1.0,0.1,1.0,1.0,0.1,0.14090909090909093,0.08,1.0,0.08,1.0,1.0,0.1,0.14090909090909093,0.06666666666666667,1.0,0.06666666666666667,1.0,1.0,0.1,0.14090909090909093,0.05714285714285714,1.0,0.05714285714285714,1.0,1.0,0.1,0.14090909090909093,0.05,1.0,0.05,1.0,1.0,0.1,0.14090909090909093,0.044444444444444446,1.0,0.044444444444444446,1.0,1.0,0.1,0.14090909090909093,0.04,1.0,0.04,1.0,1.0,0.1,0.14090909090909093,webtable-la2m_default-v=7-distilroberta-dj_adpt~kalm_instruct_v2_5-dj_adpt,omnimatch_city_test,7
evictions_noisy_6.pq::Eviction Apartment Number,0.0,0.0,1.0,1.0,0.0,0.0,0.0,0.0,0.0,0.2,1.0,0.0,0.0,0.0,0.0,0.0,0.1,1.0,0.0,0.0,0.0,0.0,0.0,0.06666666666666667,1.0,0.0,0.0,0.0,0.0,0.0,0.05,1.0,0.0,0.0,0.0,0.0,0.0,0.04,1.0,0.0,0.0,0.0,0.0,0.0,0.03333333333333333,1.0,0.0,0.0,0.0,0.0,0.0,0.02857142857142857,1.0,0.0,0.0,0.0,0.0,0.0,0.025,1.0,0.0,0.0,0.0,0.0,0.0,0.022222222222222223,1.0,0.0,0.0,0.0,0.0,0.0,0.02,1.0,0.0,0.0,0.0,webtable-la2m_default-v=7-distilroberta-dj_adpt~kalm_instruct_v2_5-dj_adpt,omnimatch_city_test,7
evictions_noisy_6.pq::Executed Date,0.0,0.0,1.0,1.0,0.0,0.0,0.0,0.0,0.0,0.2,1.0,0.0,0.0,0.0,0.1,1.0,0.1,1.0,1.0,0.1,0.1,0.06666666666666667,1.0,0.06666666666666667,1.0,1.0,0.1,0.1,0.05,1.0,0.05,1.0,1.0,0.1,0.1,0.04,1.0,0.04,1.0,1.0,0.1,0.1,0.03333333333333333,1.0,0.03333333333333333,1.0,1.0,0.1,0.1,0.02857142857142857,1.0,0.02857142857142857,1.0,1.0,0.1,0.1,0.025,1.0,0.025,1.0,1.0,0.1,0.1,0.022222222222222223,1.0,0.022222222222222223,1.0,1.0,0.1,0.1,0.02,1.0,0.02,1.0,1.0,0.1,0.1,webtable-la2m_default-v=7-distilroberta-dj_adpt~kalm_instruct_v2_5-dj_adpt,omnimatch_city_test,7
evictions_noisy_6.pq::Marshal First Name,0.0,0.0,1.0,1.0,0.0,0.0,0.0,0.0,0.0,0.2,1.0,0.0,0.0,0.0,0.0,0.0,0.1,1.0,0.0,0.0,0.0,0.0,0.0,0.06666666666666667,1.0,0.0,0.0,0.0,0.0,0.0,0.05,1.0,0.0,0.0,0.0,0.0,0.0,0.04,1.0,0.0,0.0,0.0,0.0,0.0,0.03333333333333333,1.0,0.0,0.0,0.0,0.0,0.0,0.02857142857142857,1.0,0.0,0.0,0.0,0.025,1.0,0.025,1.0,1.0,0.02631578947368421,0.02631578947368421,0.022222222222222223,1.0,0.022222222222222223,1.0,1.0,0.02631578947368421,0.02631578947368421,0.02,1.0,0.02,1.0,1.0,0.02631578947368421,0.02631578947368421,webtable-la2m_default-v=7-distilroberta-dj_adpt~kalm_instruct_v2_5-dj_adpt,omnimatch_city_test,7
evictions_noisy_6.pq::Marshal Last Name,1.0,1.0,1.0,1.0,1.0,1.0,1.0,0.2,1.0,0.2,1.0,1.0,1.0,1.0,0.1,1.0,0.1,1.0,1.0,1.0,1.0,0.06666666666666667,1.0,0.06666666666666667,1.0,1.0,1.0,1.0,0.05,1.0,0.05,1.0,1.0,1.0,1.0,0.04,1.0,0.04,1.0,1.0,1.0,1.0,0.03333333333333333,1.0,0.03333333333333333,1.0,1.0,1.0,1.0,0.02857142857142857,1.0,0.02857142857142857,1.0,1.0,1.0,1.0,0.025,1.0,0.025,1.0,1.0,1.0,1.0,0.022222222222222223,1.0,0.022222222222222223,1.0,1.0,1.0,1.0,0.02,1.0,0.02,1.0,1.0,1.0,1.0,webtable-la2m_default-v=7-distilroberta-dj_adpt~kalm_instruct_v2_5-dj_adpt,omnimatch_city_test,7
evictions_noisy_7.pq::BOROUGH,0.0,0.0,1.0,0.5,0.0,0.0,0.0,0.0,0.0,0.4,1.0,0.0,0.0,0.0,0.0,0.0,0.2,1.0,0.0,0.0,0.0,0.06666666666666667,0.5,0.13333333333333333,1.0,1.0,0.07142857142857142,0.03571428571428571,0.1,1.0,0.1,1.0,1.0,0.07142857142857142,0.09126984126984126,0.08,1.0,0.08,1.0,1.0,0.07142857142857142,0.09126984126984126,0.06666666666666667,1.0,0.06666666666666667,1.0,1.0,0.07142857142857142,0.09126984126984126,0.05714285714285714,1.0,0.05714285714285714,1.0,1.0,0.07142857142857142,0.09126984126984126,0.05,1.0,0.05,1.0,1.0,0.07142857142857142,0.09126984126984126,0.044444444444444446,1.0,0.044444444444444446,1.0,1.0,0.07142857142857142,0.09126984126984126,0.04,1.0,0.04,1.0,1.0,0.07142857142857142,0.09126984126984126,webtable-la2m_default-v=7-distilroberta-dj_adpt~kalm_instruct_v2_5-dj_adpt,omnimatch_city_test,7
evictions_noisy_7.pq::Court Index Number,0.0,0.0,1.0,0.5,0.0,0.0,0.0,0.0,0.0,0.4,1.0,0.0,0.0,0.0,0.0,0.0,0.2,1.0,0.0,0.0,0.0,0.0,0.0,0.13333333333333333,1.0,0.0,0.0,0.0,0.0,0.0,0.1,1.0,0.0,0.0,0.0,0.0,0.0,0.08,1.0,0.0,0.0,0.0,0.03333333333333333,0.5,0.06666666666666667,1.0,1.0,0.03333333333333333,0.016666666666666666,0.02857142857142857,0.5,0.05714285714285714,1.0,1.0,0.03333333333333333,0.016666666666666666,0.025,0.5,0.05,1.0,1.0,0.03333333333333333,0.016666666666666666,0.022222222222222223,0.5,0.044444444444444446,1.0,1.0,0.03333333333333333,0.016666666666666666,0.02,0.5,0.04,1.0,1.0,0.03333333333333333,0.016666666666666666,webtable-la2m_default-v=7-distilroberta-dj_adpt~kalm_instruct_v2_5-dj_adpt,omnimatch_city_test,7
evictions_noisy_7.pq::Ejectment,0.0,0.0,1.0,0.5,0.0,0.0,0.0,0.0,0.0,0.4,1.0,0.0,0.0,0.0,0.2,1.0,0.2,1.0,1.0,0.14285714285714285,0.18253968253968253,0.13333333333333333,1.0,0.13333333333333333,1.0,1.0,0.14285714285714285,0.18253968253968253,0.1,1.0,0.1,1.0,1.0,0.14285714285714285,0.18253968253968253,0.08,1.0,0.08,1.0,1.0,0.14285714285714285,0.18253968253968253,0.06666666666666667,1.0,0.06666666666666667,1.0,1.0,0.14285714285714285,0.18253968253968253,0.05714285714285714,1.0,0.05714285714285714,1.0,1.0,0.14285714285714285,0.18253968253968253,0.05,1.0,0.05,1.0,1.0,0.14285714285714285,0.18253968253968253,0.044444444444444446,1.0,0.044444444444444446,1.0,1.0,0.14285714285714285,0.18253968253968253,0.04,1.0,0.04,1.0,1.0,0.14285714285714285,0.18253968253968253,webtable-la2m_default-v=7-distilroberta-dj_adpt~kalm_instruct_v2_5-dj_adpt,omnimatch_city_test,7
evictions_noisy_7.pq::Eviction Postcode,0.0,0.0,1.0,0.5,0.0,0.0,0.0,0.0,0.0,0.4,1.0,0.0,0.0,0.0,0.0,0.0,0.2,1.0,0.0,0.0,0.0,0.0,0.0,0.13333333333333333,1.0,0.0,0.0,0.0,0.0,0.0,0.1,1.0,0.0,0.0,0.0,0.0,0.0,0.08,1.0,0.0,0.0,0.0,0.0,0.0,0.06666666666666667,1.0,0.0,0.0,0.0,0.0,0.0,0.05714285714285714,1.0,0.0,0.0,0.0,0.0,0.0,0.05,1.0,0.0,0.0,0.0,0.0,0.0,0.044444444444444446,1.0,0.0,0.0,0.0,0.0,0.0,0.04,1.0,0.0,0.0,0.0,webtable-la2m_default-v=7-distilroberta-dj_adpt~kalm_instruct_v2_5-dj_adpt,omnimatch_city_test,7
evictions_noisy_7.pq::Eviction/Legal Possession,0.0,0.0,1.0,0.5,0.0,0.0,0.0,0.0,0.0,0.4,1.0,0.0,0.0,0.0,0.0,0.0,0.2,1.0,0.0,0.0,0.0,0.06666666666666667,0.5,0.13333333333333333,1.0,1.0,0.09090909090909091,0.045454545454545456,0.05,0.5,0.1,1.0,1.0,0.09090909090909091,0.045454545454545456,0.04,0.5,0.08,1.0,1.0,0.09090909090909091,0.045454545454545456,0.03333333333333333,0.5,0.06666666666666667,1.0,1.0,0.09090909090909091,0.045454545454545456,0.02857142857142857,0.5,0.05714285714285714,1.0,1.0,0.09090909090909091,0.045454545454545456,0.025,0.5,0.05,1.0,1.0,0.09090909090909091,0.045454545454545456,0.022222222222222223,0.5,0.044444444444444446,1.0,1.0,0.09090909090909091,0.045454545454545456,0.02,0.5,0.04,1.0,1.0,0.09090909090909091,0.045454545454545456,webtable-la2m_default-v=7-distilroberta-dj_adpt~kalm_instruct_v2_5-dj_adpt,omnimatch_city_test,7
evictions_noisy_7.pq::NTA,1.0,0.5,1.0,0.5,1.0,1.0,0.5,0.2,0.5,0.4,1.0,1.0,1.0,0.5,0.1,0.5,0.2,1.0,1.0,1.0,0.5,0.06666666666666667,0.5,0.13333333333333333,1.0,1.0,1.0,0.5,0.05,0.5,0.1,1.0,1.0,1.0,0.5,0.04,0.5,0.08,1.0,1.0,1.0,0.5,0.06666666666666667,1.0,0.06666666666666667,1.0,1.0,1.0,0.5344827586206896,0.05714285714285714,1.0,0.05714285714285714,1.0,1.0,1.0,0.5344827586206896,0.05,1.0,0.05,1.0,1.0,1.0,0.5344827586206896,0.044444444444444446,1.0,0.044444444444444446,1.0,1.0,1.0,0.5344827586206896,0.04,1.0,0.04,1.0,1.0,1.0,0.5344827586206896,webtable-la2m_default-v=7-distilroberta-dj_adpt~kalm_instruct_v2_5-dj_adpt,omnimatch_city_test,7
evictions_noisy_7.pq::Residential/Commercial,0.0,0.0,1.0,1.0,0.0,0.0,0.0,0.0,0.0,0.2,1.0,0.0,0.0,0.0,0.0,0.0,0.1,1.0,0.0,0.0,0.0,0.0,0.0,0.06666666666666667,1.0,0.0,0.0,0.0,0.0,0.0,0.05,1.0,0.0,0.0,0.0,0.0,0.0,0.04,1.0,0.0,0.0,0.0,0.0,0.0,0.03333333333333333,1.0,0.0,0.0,0.0,0.0,0.0,0.02857142857142857,1.0,0.0,0.0,0.0,0.0,0.0,0.025,1.0,0.0,0.0,0.0,0.0,0.0,0.022222222222222223,1.0,0.0,0.0,0.0,0.0,0.0,0.02,1.0,0.0,0.0,0.0,webtable-la2m_default-v=7-distilroberta-dj_adpt~kalm_instruct_v2_5-dj_adpt,omnimatch_city_test,7
evictions_noisy_8.pq::Court Index Number,0.0,0.0,1.0,0.25,0.0,0.0,0.0,0.0,0.0,0.8,1.0,0.0,0.0,0.0,0.0,0.0,0.4,1.0,0.0,0.0,0.0,0.0,0.0,0.26666666666666666,1.0,0.0,0.0,0.0,0.0,0.0,0.2,1.0,0.0,0.0,0.0,0.0,0.0,0.16,1.0,0.0,0.0,0.0,0.0,0.0,0.13333333333333333,1.0,0.0,0.0,0.0,0.0,0.0,0.11428571428571428,1.0,0.0,0.0,0.0,0.0,0.0,0.1,1.0,0.0,0.0,0.0,0.0,0.0,0.08888888888888889,1.0,0.0,0.0,0.0,0.0,0.0,0.08,1.0,0.0,0.0,0.0,webtable-la2m_default-v=7-distilroberta-dj_adpt~kalm_instruct_v2_5-dj_adpt,omnimatch_city_test,7
evictions_noisy_8.pq::Eviction Address,0.0,0.0,1.0,1.0,0.0,0.0,0.0,0.0,0.0,0.2,1.0,0.0,0.0,0.0,0.0,0.0,0.1,1.0,0.0,0.0,0.0,0.06666666666666667,1.0,0.06666666666666667,1.0,1.0,0.09090909090909091,0.09090909090909091,0.05,1.0,0.05,1.0,1.0,0.09090909090909091,0.09090909090909091,0.04,1.0,0.04,1.0,1.0,0.09090909090909091,0.09090909090909091,0.03333333333333333,1.0,0.03333333333333333,1.0,1.0,0.09090909090909091,0.09090909090909091,0.02857142857142857,1.0,0.02857142857142857,1.0,1.0,0.09090909090909091,0.09090909090909091,0.025,1.0,0.025,1.0,1.0,0.09090909090909091,0.09090909090909091,0.022222222222222223,1.0,0.022222222222222223,1.0,1.0,0.09090909090909091,0.09090909090909091,0.02,1.0,0.02,1.0,1.0,0.09090909090909091,0.09090909090909091,webtable-la2m_default-v=7-distilroberta-dj_adpt~kalm_instruct_v2_5-dj_adpt,omnimatch_city_test,7
evictions_noisy_9.pq::BOROUGH,0.0,0.0,1.0,0.3333333333333333,0.0,0.0,0.0,0.0,0.0,0.6,1.0,0.0,0.0,0.0,0.0,0.0,0.3,1.0,0.0,0.0,0.0,0.06666666666666667,0.3333333333333333,0.2,1.0,1.0,0.08333333333333333,0.027777777777777776,0.15,1.0,0.15,1.0,1.0,0.08333333333333333,0.11481481481481481,0.12,1.0,0.12,1.0,1.0,0.08333333333333333,0.11481481481481481,0.1,1.0,0.1,1.0,1.0,0.08333333333333333,0.11481481481481481,0.08571428571428572,1.0,0.08571428571428572,1.0,1.0,0.08333333333333333,0.11481481481481481,0.075,1.0,0.075,1.0,1.0,0.08333333333333333,0.11481481481481481,0.06666666666666667,1.0,0.06666666666666667,1.0,1.0,0.08333333333333333,0.11481481481481481,0.06,1.0,0.06,1.0,1.0,0.08333333333333333,0.11481481481481481,webtable-la2m_default-v=7-distilroberta-dj_adpt~kalm_instruct_v2_5-dj_adpt,omnimatch_city_test,7
evictions_noisy_9.pq::Court Index Number,0.0,0.0,1.0,0.3333333333333333,0.0,0.0,0.0,0.0,0.0,0.6,1.0,0.0,0.0,0.0,0.0,0.0,0.3,1.0,0.0,0.0,0.0,0.0,0.0,0.2,1.0,0.0,0.0,0.0,0.0,0.0,0.15,1.0,0.0,0.0,0.0,0.0,0.0,0.12,1.0,0.0,0.0,0.0,0.0,0.0,0.1,1.0,0.0,0.0,0.0,0.0,0.0,0.08571428571428572,1.0,0.0,0.0,0.0,0.025,0.3333333333333333,0.075,1.0,1.0,0.02564102564102564,0.008547008547008546,0.044444444444444446,0.6666666666666666,0.06666666666666667,1.0,1.0,0.02564102564102564,0.024807171148634566,0.04,0.6666666666666666,0.06,1.0,1.0,0.02564102564102564,0.024807171148634566,webtable-la2m_default-v=7-distilroberta-dj_adpt~kalm_instruct_v2_5-dj_adpt,omnimatch_city_test,7
evictions_noisy_9.pq::Ejectment,1.0,0.3333333333333333,1.0,0.3333333333333333,1.0,1.0,0.3333333333333333,0.2,0.3333333333333333,0.6,1.0,1.0,1.0,0.3333333333333333,0.1,0.3333333333333333,0.3,1.0,1.0,1.0,0.3333333333333333,0.2,1.0,0.2,1.0,1.0,1.0,0.4772727272727273,0.15,1.0,0.15,1.0,1.0,1.0,0.4772727272727273,0.12,1.0,0.12,1.0,1.0,1.0,0.4772727272727273,0.1,1.0,0.1,1.0,1.0,1.0,0.4772727272727273,0.08571428571428572,1.0,0.08571428571428572,1.0,1.0,1.0,0.4772727272727273,0.075,1.0,0.075,1.0,1.0,1.0,0.4772727272727273,0.06666666666666667,1.0,0.06666666666666667,1.0,1.0,1.0,0.4772727272727273,0.06,1.0,0.06,1.0,1.0,1.0,0.4772727272727273,webtable-la2m_default-v=7-distilroberta-dj_adpt~kalm_instruct_v2_5-dj_adpt,omnimatch_city_test,7
evictions_noisy_9.pq::Eviction Postcode,1.0,0.3333333333333333,1.0,0.3333333333333333,1.0,1.0,0.3333333333333333,0.4,0.6666666666666666,0.6,1.0,1.0,1.0,0.6666666666666666,0.2,0.6666666666666666,0.3,1.0,1.0,1.0,0.6666666666666666,0.13333333333333333,0.6666666666666666,0.2,1.0,1.0,1.0,0.6666666666666666,0.1,0.6666666666666666,0.15,1.0,1.0,1.0,0.6666666666666666,0.08,0.6666666666666666,0.12,1.0,1.0,1.0,0.6666666666666666,0.06666666666666667,0.6666666666666666,0.1,1.0,1.0,1.0,0.6666666666666666,0.05714285714285714,0.6666666666666666,0.08571428571428572,1.0,1.0,1.0,0.6666666666666666,0.05,0.6666666666666666,0.075,1.0,1.0,1.0,0.6666666666666666,0.044444444444444446,0.6666666666666666,0.06666666666666667,1.0,1.0,1.0,0.6666666666666666,0.04,0.6666666666666666,0.06,1.0,1.0,1.0,0.6666666666666666,webtable-la2m_default-v=7-distilroberta-dj_adpt~kalm_instruct_v2_5-dj_adpt,omnimatch_city_test,7
evictions_noisy_9.pq::Eviction/Legal Possession,0.0,0.0,1.0,0.3333333333333333,0.0,0.0,0.0,0.0,0.0,0.6,1.0,0.0,0.0,0.0,0.0,0.0,0.3,1.0,0.0,0.0,0.0,0.0,0.0,0.2,1.0,0.0,0.0,0.0,0.0,0.0,0.15,1.0,0.0,0.0,0.0,0.04,0.3333333333333333,0.12,1.0,1.0,0.04,0.013333333333333334,0.03333333333333333,0.3333333333333333,0.1,1.0,1.0,0.04,0.013333333333333334,0.02857142857142857,0.3333333333333333,0.08571428571428572,1.0,1.0,0.04,0.013333333333333334,0.025,0.3333333333333333,0.075,1.0,1.0,0.04,0.013333333333333334,0.022222222222222223,0.3333333333333333,0.06666666666666667,1.0,1.0,0.04,0.013333333333333334,0.02,0.3333333333333333,0.06,1.0,1.0,0.04,0.013333333333333334,webtable-la2m_default-v=7-distilroberta-dj_adpt~kalm_instruct_v2_5-dj_adpt,omnimatch_city_test,7
evictions_noisy_9.pq::NTA,0.0,0.0,1.0,0.3333333333333333,0.0,0.0,0.0,0.0,0.0,0.6,1.0,0.0,0.0,0.0,0.1,0.3333333333333333,0.3,1.0,1.0,0.125,0.041666666666666664,0.06666666666666667,0.3333333333333333,0.2,1.0,1.0,0.125,0.041666666666666664,0.05,0.3333333333333333,0.15,1.0,1.0,0.125,0.041666666666666664,0.04,0.3333333333333333,0.12,1.0,1.0,0.125,0.041666666666666664,0.1,1.0,0.1,1.0,1.0,0.125,0.10207231040564374,0.08571428571428572,1.0,0.08571428571428572,1.0,1.0,0.125,0.10207231040564374,0.075,1.0,0.075,1.0,1.0,0.125,0.10207231040564374,0.06666666666666667,1.0,0.06666666666666667,1.0,1.0,0.125,0.10207231040564374,0.06,1.0,0.06,1.0,1.0,0.125,0.10207231040564374,webtable-la2m_default-v=7-distilroberta-dj_adpt~kalm_instruct_v2_5-dj_adpt,omnimatch_city_test,7
evictions_noisy_9.pq::Residential/Commercial,0.0,0.0,1.0,0.5,0.0,0.0,0.0,0.2,0.5,0.4,1.0,1.0,0.2,0.1,0.1,0.5,0.2,1.0,1.0,0.2,0.1,0.06666666666666667,0.5,0.13333333333333333,1.0,1.0,0.2,0.1,0.05,0.5,0.1,1.0,1.0,0.2,0.1,0.04,0.5,0.08,1.0,1.0,0.2,0.1,0.03333333333333333,0.5,0.06666666666666667,1.0,1.0,0.2,0.1,0.02857142857142857,0.5,0.05714285714285714,1.0,1.0,0.2,0.1,0.05,1.0,0.05,1.0,1.0,0.2,0.125,0.044444444444444446,1.0,0.044444444444444446,1.0,1.0,0.2,0.125,0.04,1.0,0.04,1.0,1.0,0.2,0.125,webtable-la2m_default-v=7-distilroberta-dj_adpt~kalm_instruct_v2_5-dj_adpt,omnimatch_city_test,7
film_permits_noisy_0.pq::EndDateTime,0.0,0.0,1.0,0.5,0.0,0.0,0.0,0.2,0.5,0.4,1.0,1.0,0.2,0.1,0.1,0.5,0.2,1.0,1.0,0.2,0.1,0.06666666666666667,0.5,0.13333333333333333,1.0,1.0,0.2,0.1,0.05,0.5,0.1,1.0,1.0,0.2,0.1,0.04,0.5,0.08,1.0,1.0,0.2,0.1,0.03333333333333333,0.5,0.06666666666666667,1.0,1.0,0.2,0.1,0.05714285714285714,1.0,0.05714285714285714,1.0,1.0,0.2,0.13125,0.05,1.0,0.05,1.0,1.0,0.2,0.13125,0.044444444444444446,1.0,0.044444444444444446,1.0,1.0,0.2,0.13125,0.04,1.0,0.04,1.0,1.0,0.2,0.13125,webtable-la2m_default-v=7-distilroberta-dj_adpt~kalm_instruct_v2_5-dj_adpt,omnimatch_city_test,7
film_permits_noisy_0.pq::EnteredOn,0.0,0.0,1.0,0.5,0.0,0.0,0.0,0.2,0.5,0.4,1.0,1.0,0.25,0.125,0.1,0.5,0.2,1.0,1.0,0.25,0.125,0.06666666666666667,0.5,0.13333333333333333,1.0,1.0,0.25,0.125,0.05,0.5,0.1,1.0,1.0,0.25,0.125,0.04,0.5,0.08,1.0,1.0,0.25,0.125,0.03333333333333333,0.5,0.06666666666666667,1.0,1.0,0.25,0.125,0.05714285714285714,1.0,0.05714285714285714,1.0,1.0,0.25,0.15441176470588236,0.05,1.0,0.05,1.0,1.0,0.25,0.15441176470588236,0.044444444444444446,1.0,0.044444444444444446,1.0,1.0,0.25,0.15441176470588236,0.04,1.0,0.04,1.0,1.0,0.25,0.15441176470588236,webtable-la2m_default-v=7-distilroberta-dj_adpt~kalm_instruct_v2_5-dj_adpt,omnimatch_city_test,7
film_permits_noisy_0.pq::EventAgency,0.0,0.0,1.0,1.0,0.0,0.0,0.0,0.0,0.0,0.2,1.0,0.0,0.0,0.0,0.0,0.0,0.1,1.0,0.0,0.0,0.0,0.0,0.0,0.06666666666666667,1.0,0.0,0.0,0.0,0.0,0.0,0.05,1.0,0.0,0.0,0.0,0.0,0.0,0.04,1.0,0.0,0.0,0.0,0.0,0.0,0.03333333333333333,1.0,0.0,0.0,0.0,0.0,0.0,0.02857142857142857,1.0,0.0,0.0,0.0,0.0,0.0,0.025,1.0,0.0,0.0,0.0,0.0,0.0,0.022222222222222223,1.0,0.0,0.0,0.0,0.0,0.0,0.02,1.0,0.0,0.0,0.0,webtable-la2m_default-v=7-distilroberta-dj_adpt~kalm_instruct_v2_5-dj_adpt,omnimatch_city_test,7
film_permits_noisy_0.pq::EventID,0.0,0.0,1.0,0.5,0.0,0.0,0.0,0.0,0.0,0.4,1.0,0.0,0.0,0.0,0.0,0.0,0.2,1.0,0.0,0.0,0.0,0.0,0.0,0.13333333333333333,1.0,0.0,0.0,0.0,0.0,0.0,0.1,1.0,0.0,0.0,0.0,0.0,0.0,0.08,1.0,0.0,0.0,0.0,0.0,0.0,0.06666666666666667,1.0,0.0,0.0,0.0,0.0,0.0,0.05714285714285714,1.0,0.0,0.0,0.0,0.0,0.0,0.05,1.0,0.0,0.0,0.0,0.0,0.0,0.044444444444444446,1.0,0.0,0.0,0.0,0.0,0.0,0.04,1.0,0.0,0.0,0.0,webtable-la2m_default-v=7-distilroberta-dj_adpt~kalm_instruct_v2_5-dj_adpt,omnimatch_city_test,7
film_permits_noisy_0.pq::EventType,0.0,0.0,1.0,1.0,0.0,0.0,0.0,0.2,1.0,0.2,1.0,1.0,0.5,0.5,0.1,1.0,0.1,1.0,1.0,0.5,0.5,0.06666666666666667,1.0,0.06666666666666667,1.0,1.0,0.5,0.5,0.05,1.0,0.05,1.0,1.0,0.5,0.5,0.04,1.0,0.04,1.0,1.0,0.5,0.5,0.03333333333333333,1.0,0.03333333333333333,1.0,1.0,0.5,0.5,0.02857142857142857,1.0,0.02857142857142857,1.0,1.0,0.5,0.5,0.025,1.0,0.025,1.0,1.0,0.5,0.5,0.022222222222222223,1.0,0.022222222222222223,1.0,1.0,0.5,0.5,0.02,1.0,0.02,1.0,1.0,0.5,0.5,webtable-la2m_default-v=7-distilroberta-dj_adpt~kalm_instruct_v2_5-dj_adpt,omnimatch_city_test,7
film_permits_noisy_0.pq::StartDateTime,0.0,0.0,1.0,1.0,0.0,0.0,0.0,0.0,0.0,0.2,1.0,0.0,0.0,0.0,0.0,0.0,0.1,1.0,0.0,0.0,0.0,0.0,0.0,0.06666666666666667,1.0,0.0,0.0,0.0,0.0,0.0,0.05,1.0,0.0,0.0,0.0,0.0,0.0,0.04,1.0,0.0,0.0,0.0,0.0,0.0,0.03333333333333333,1.0,0.0,0.0,0.0,0.0,0.0,0.02857142857142857,1.0,0.0,0.0,0.0,0.0,0.0,0.025,1.0,0.0,0.0,0.0,0.0,0.0,0.022222222222222223,1.0,0.0,0.0,0.0,0.02,1.0,0.02,1.0,1.0,0.02,0.02,webtable-la2m_default-v=7-distilroberta-dj_adpt~kalm_instruct_v2_5-dj_adpt,omnimatch_city_test,7
film_permits_noisy_1.pq::Borough,0.0,0.0,1.0,0.25,0.0,0.0,0.0,0.0,0.0,0.8,1.0,0.0,0.0,0.0,0.3,0.75,0.4,1.0,1.0,0.16666666666666666,0.20684523809523808,0.26666666666666666,1.0,0.26666666666666666,1.0,1.0,0.16666666666666666,0.27351190476190473,0.2,1.0,0.2,1.0,1.0,0.16666666666666666,0.27351190476190473,0.16,1.0,0.16,1.0,1.0,0.16666666666666666,0.27351190476190473,0.13333333333333333,1.0,0.13333333333333333,1.0,1.0,0.16666666666666666,0.27351190476190473,0.11428571428571428,1.0,0.11428571428571428,1.0,1.0,0.16666666666666666,0.27351190476190473,0.1,1.0,0.1,1.0,1.0,0.16666666666666666,0.27351190476190473,0.08888888888888889,1.0,0.08888888888888889,1.0,1.0,0.16666666666666666,0.27351190476190473,0.08,1.0,0.08,1.0,1.0,0.16666666666666666,0.27351190476190473,webtable-la2m_default-v=7-distilroberta-dj_adpt~kalm_instruct_v2_5-dj_adpt,omnimatch_city_test,7
film_permits_noisy_1.pq::Category,1.0,0.25,1.0,0.25,1.0,1.0,0.25,0.6,0.75,0.8,1.0,1.0,1.0,0.75,0.3,0.75,0.4,1.0,1.0,1.0,0.75,0.2,0.75,0.26666666666666666,1.0,1.0,1.0,0.75,0.15,0.75,0.2,1.0,1.0,1.0,0.75,0.12,0.75,0.16,1.0,1.0,1.0,0.75,0.13333333333333333,1.0,0.13333333333333333,1.0,1.0,1.0,0.787037037037037,0.11428571428571428,1.0,0.11428571428571428,1.0,1.0,1.0,0.787037037037037,0.1,1.0,0.1,1.0,1.0,1.0,0.787037037037037,0.08888888888888889,1.0,0.08888888888888889,1.0,1.0,1.0,0.787037037037037,0.08,1.0,0.08,1.0,1.0,1.0,0.787037037037037,webtable-la2m_default-v=7-distilroberta-dj_adpt~kalm_instruct_v2_5-dj_adpt,omnimatch_city_test,7
film_permits_noisy_1.pq::Country,1.0,0.25,1.0,0.25,1.0,1.0,0.25,0.8,1.0,0.8,1.0,1.0,1.0,1.0,0.4,1.0,0.4,1.0,1.0,1.0,1.0,0.26666666666666666,1.0,0.26666666666666666,1.0,1.0,1.0,1.0,0.2,1.0,0.2,1.0,1.0,1.0,1.0,0.16,1.0,0.16,1.0,1.0,1.0,1.0,0.13333333333333333,1.0,0.13333333333333333,1.0,1.0,1.0,1.0,0.11428571428571428,1.0,0.11428571428571428,1.0,1.0,1.0,1.0,0.1,1.0,0.1,1.0,1.0,1.0,1.0,0.08888888888888889,1.0,0.08888888888888889,1.0,1.0,1.0,1.0,0.08,1.0,0.08,1.0,1.0,1.0,1.0,webtable-la2m_default-v=7-distilroberta-dj_adpt~kalm_instruct_v2_5-dj_adpt,omnimatch_city_test,7
film_permits_noisy_1.pq::EventID,0.0,0.0,1.0,0.125,0.0,0.0,0.0,0.0,0.0,1.0,0.625,0.0,0.0,0.0,0.0,0.0,0.8,1.0,0.0,0.0,0.0,0.0,0.0,0.5333333333333333,1.0,0.0,0.0,0.0,0.0,0.0,0.4,1.0,0.0,0.0,0.0,0.0,0.0,0.32,1.0,0.0,0.0,0.0,0.0,0.0,0.26666666666666666,1.0,0.0,0.0,0.0,0.0,0.0,0.22857142857142856,1.0,0.0,0.0,0.0,0.0,0.0,0.2,1.0,0.0,0.0,0.0,0.0,0.0,0.17777777777777778,1.0,0.0,0.0,0.0,0.0,0.0,0.16,1.0,0.0,0.0,0.0,webtable-la2m_default-v=7-distilroberta-dj_adpt~kalm_instruct_v2_5-dj_adpt,omnimatch_city_test,7
film_permits_noisy_1.pq::ParkingHeld,1.0,0.25,1.0,0.25,1.0,1.0,0.25,0.2,0.25,0.8,1.0,1.0,1.0,0.25,0.1,0.25,0.4,1.0,1.0,1.0,0.25,0.13333333333333333,0.5,0.26666666666666666,1.0,1.0,1.0,0.2833333333333333,0.2,1.0,0.2,1.0,1.0,1.0,0.3830065359477124,0.16,1.0,0.16,1.0,1.0,1.0,0.3830065359477124,0.13333333333333333,1.0,0.13333333333333333,1.0,1.0,1.0,0.3830065359477124,0.11428571428571428,1.0,0.11428571428571428,1.0,1.0,1.0,0.3830065359477124,0.1,1.0,0.1,1.0,1.0,1.0,0.3830065359477124,0.08888888888888889,1.0,0.08888888888888889,1.0,1.0,1.0,0.3830065359477124,0.08,1.0,0.08,1.0,1.0,1.0,0.3830065359477124,webtable-la2m_default-v=7-distilroberta-dj_adpt~kalm_instruct_v2_5-dj_adpt,omnimatch_city_test,7
film_permits_noisy_1.pq::SubCategoryName,1.0,0.25,1.0,0.25,1.0,1.0,0.25,0.6,0.75,0.8,1.0,1.0,1.0,0.75,0.3,0.75,0.4,1.0,1.0,1.0,0.75,0.2,0.75,0.26666666666666666,1.0,1.0,1.0,0.75,0.15,0.75,0.2,1.0,1.0,1.0,0.75,0.12,0.75,0.16,1.0,1.0,1.0,0.75,0.1,0.75,0.13333333333333333,1.0,1.0,1.0,0.75,0.08571428571428572,0.75,0.11428571428571428,1.0,1.0,1.0,0.75,0.075,0.75,0.1,1.0,1.0,1.0,0.75,0.06666666666666667,0.75,0.08888888888888889,1.0,1.0,1.0,0.75,0.06,0.75,0.08,1.0,1.0,1.0,0.75,webtable-la2m_default-v=7-distilroberta-dj_adpt~kalm_instruct_v2_5-dj_adpt,omnimatch_city_test,7
film_permits_noisy_1.pq::ZipCode(s),0.0,0.0,1.0,0.25,0.0,0.0,0.0,0.0,0.0,0.8,1.0,0.0,0.0,0.0,0.0,0.0,0.4,1.0,0.0,0.0,0.0,0.0,0.0,0.26666666666666666,1.0,0.0,0.0,0.0,0.0,0.0,0.2,1.0,0.0,0.0,0.0,0.0,0.0,0.16,1.0,0.0,0.0,0.0,0.03333333333333333,0.25,0.13333333333333333,1.0,1.0,0.03571428571428571,0.008928571428571428,0.02857142857142857,0.25,0.11428571428571428,1.0,1.0,0.03571428571428571,0.008928571428571428,0.025,0.25,0.1,1.0,1.0,0.03571428571428571,0.008928571428571428,0.022222222222222223,0.25,0.08888888888888889,1.0,1.0,0.03571428571428571,0.008928571428571428,0.06,0.75,0.08,1.0,1.0,0.03571428571428571,0.034651360544217684,webtable-la2m_default-v=7-distilroberta-dj_adpt~kalm_instruct_v2_5-dj_adpt,omnimatch_city_test,7
film_permits_noisy_2.pq::EndDateTime,0.0,0.0,1.0,0.3333333333333333,0.0,0.0,0.0,0.2,0.3333333333333333,0.6,1.0,1.0,0.3333333333333333,0.1111111111111111,0.1,0.3333333333333333,0.3,1.0,1.0,0.3333333333333333,0.1111111111111111,0.06666666666666667,0.3333333333333333,0.2,1.0,1.0,0.3333333333333333,0.1111111111111111,0.1,0.6666666666666666,0.15,1.0,1.0,0.3333333333333333,0.14814814814814814,0.08,0.6666666666666666,0.12,1.0,1.0,0.3333333333333333,0.14814814814814814,0.06666666666666667,0.6666666666666666,0.1,1.0,1.0,0.3333333333333333,0.14814814814814814,0.08571428571428572,1.0,0.08571428571428572,1.0,1.0,0.3333333333333333,0.17845117845117844,0.075,1.0,0.075,1.0,1.0,0.3333333333333333,0.17845117845117844,0.06666666666666667,1.0,0.06666666666666667,1.0,1.0,0.3333333333333333,0.17845117845117844,0.06,1.0,0.06,1.0,1.0,0.3333333333333333,0.17845117845117844,webtable-la2m_default-v=7-distilroberta-dj_adpt~kalm_instruct_v2_5-dj_adpt,omnimatch_city_test,7
film_permits_noisy_2.pq::EnteredOn,0.0,0.0,1.0,0.3333333333333333,0.0,0.0,0.0,0.0,0.0,0.6,1.0,0.0,0.0,0.0,0.0,0.0,0.3,1.0,0.0,0.0,0.0,0.0,0.0,0.2,1.0,0.0,0.0,0.0,0.0,0.0,0.15,1.0,0.0,0.0,0.0,0.0,0.0,0.12,1.0,0.0,0.0,0.0,0.03333333333333333,0.3333333333333333,0.1,1.0,1.0,0.03571428571428571,0.011904761904761904,0.02857142857142857,0.3333333333333333,0.08571428571428572,1.0,1.0,0.03571428571428571,0.011904761904761904,0.025,0.3333333333333333,0.075,1.0,1.0,0.03571428571428571,0.011904761904761904,0.044444444444444446,0.6666666666666666,0.06666666666666667,1.0,1.0,0.03571428571428571,0.026719576719576716,0.04,0.6666666666666666,0.06,1.0,1.0,0.03571428571428571,0.026719576719576716,webtable-la2m_default-v=7-distilroberta-dj_adpt~kalm_instruct_v2_5-dj_adpt,omnimatch_city_test,7
film_permits_noisy_2.pq::EventAgency,1.0,0.5,1.0,0.5,1.0,1.0,0.5,0.2,0.5,0.4,1.0,1.0,1.0,0.5,0.2,1.0,0.2,1.0,1.0,1.0,0.6666666666666666,0.13333333333333333,1.0,0.13333333333333333,1.0,1.0,1.0,0.6666666666666666,0.1,1.0,0.1,1.0,1.0,1.0,0.6666666666666666,0.08,1.0,0.08,1.0,1.0,1.0,0.6666666666666666,0.06666666666666667,1.0,0.06666666666666667,1.0,1.0,1.0,0.6666666666666666,0.05714285714285714,1.0,0.05714285714285714,1.0,1.0,1.0,0.6666666666666666,0.05,1.0,0.05,1.0,1.0,1.0,0.6666666666666666,0.044444444444444446,1.0,0.044444444444444446,1.0,1.0,1.0,0.6666666666666666,0.04,1.0,0.04,1.0,1.0,1.0,0.6666666666666666,webtable-la2m_default-v=7-distilroberta-dj_adpt~kalm_instruct_v2_5-dj_adpt,omnimatch_city_test,7
film_permits_noisy_2.pq::EventID,0.0,0.0,1.0,0.3333333333333333,0.0,0.0,0.0,0.0,0.0,0.6,1.0,0.0,0.0,0.0,0.0,0.0,0.3,1.0,0.0,0.0,0.0,0.0,0.0,0.2,1.0,0.0,0.0,0.0,0.0,0.0,0.15,1.0,0.0,0.0,0.0,0.0,0.0,0.12,1.0,0.0,0.0,0.0,0.0,0.0,0.1,1.0,0.0,0.0,0.0,0.0,0.0,0.08571428571428572,1.0,0.0,0.0,0.0,0.0,0.0,0.075,1.0,0.0,0.0,0.0,0.0,0.0,0.06666666666666667,1.0,0.0,0.0,0.0,0.0,0.0,0.06,1.0,0.0,0.0,0.0,webtable-la2m_default-v=7-distilroberta-dj_adpt~kalm_instruct_v2_5-dj_adpt,omnimatch_city_test,7
film_permits_noisy_2.pq::EventType,1.0,0.5,1.0,0.5,1.0,1.0,0.5,0.2,0.5,0.4,1.0,1.0,1.0,0.5,0.2,1.0,0.2,1.0,1.0,1.0,0.6111111111111112,0.13333333333333333,1.0,0.13333333333333333,1.0,1.0,1.0,0.6111111111111112,0.1,1.0,0.1,1.0,1.0,1.0,0.6111111111111112,0.08,1.0,0.08,1.0,1.0,1.0,0.6111111111111112,0.06666666666666667,1.0,0.06666666666666667,1.0,1.0,1.0,0.6111111111111112,0.05714285714285714,1.0,0.05714285714285714,1.0,1.0,1.0,0.6111111111111112,0.05,1.0,0.05,1.0,1.0,1.0,0.6111111111111112,0.044444444444444446,1.0,0.044444444444444446,1.0,1.0,1.0,0.6111111111111112,0.04,1.0,0.04,1.0,1.0,1.0,0.6111111111111112,webtable-la2m_default-v=7-distilroberta-dj_adpt~kalm_instruct_v2_5-dj_adpt,omnimatch_city_test,7
film_permits_noisy_2.pq::StartDateTime,0.0,0.0,1.0,0.5,0.0,0.0,0.0,0.2,0.5,0.4,1.0,1.0,0.3333333333333333,0.16666666666666666,0.1,0.5,0.2,1.0,1.0,0.3333333333333333,0.16666666666666666,0.13333333333333333,1.0,0.13333333333333333,1.0,1.0,0.3333333333333333,0.25757575757575757,0.1,1.0,0.1,1.0,1.0,0.3333333333333333,0.25757575757575757,0.08,1.0,0.08,1.0,1.0,0.3333333333333333,0.25757575757575757,0.06666666666666667,1.0,0.06666666666666667,1.0,1.0,0.3333333333333333,0.25757575757575757,0.05714285714285714,1.0,0.05714285714285714,1.0,1.0,0.3333333333333333,0.25757575757575757,0.05,1.0,0.05,1.0,1.0,0.3333333333333333,0.25757575757575757,0.044444444444444446,1.0,0.044444444444444446,1.0,1.0,0.3333333333333333,0.25757575757575757,0.04,1.0,0.04,1.0,1.0,0.3333333333333333,0.25757575757575757,webtable-la2m_default-v=7-distilroberta-dj_adpt~kalm_instruct_v2_5-dj_adpt,omnimatch_city_test,7
film_permits_noisy_3.pq::Borough,0.0,0.0,1.0,0.5,0.0,0.0,0.0,0.2,0.5,0.4,1.0,1.0,0.3333333333333333,0.16666666666666666,0.2,1.0,0.2,1.0,1.0,0.3333333333333333,0.30952380952380953,0.13333333333333333,1.0,0.13333333333333333,1.0,1.0,0.3333333333333333,0.30952380952380953,0.1,1.0,0.1,1.0,1.0,0.3333333333333333,0.30952380952380953,0.08,1.0,0.08,1.0,1.0,0.3333333333333333,0.30952380952380953,0.06666666666666667,1.0,0.06666666666666667,1.0,1.0,0.3333333333333333,0.30952380952380953,0.05714285714285714,1.0,0.05714285714285714,1.0,1.0,0.3333333333333333,0.30952380952380953,0.05,1.0,0.05,1.0,1.0,0.3333333333333333,0.30952380952380953,0.044444444444444446,1.0,0.044444444444444446,1.0,1.0,0.3333333333333333,0.30952380952380953,0.04,1.0,0.04,1.0,1.0,0.3333333333333333,0.30952380952380953,webtable-la2m_default-v=7-distilroberta-dj_adpt~kalm_instruct_v2_5-dj_adpt,omnimatch_city_test,7
film_permits_noisy_3.pq::Category,0.0,0.0,1.0,0.5,0.0,0.0,0.0,0.2,0.5,0.4,1.0,1.0,0.2,0.1,0.2,1.0,0.2,1.0,1.0,0.2,0.26666666666666666,0.13333333333333333,1.0,0.13333333333333333,1.0,1.0,0.2,0.26666666666666666,0.1,1.0,0.1,1.0,1.0,0.2,0.26666666666666666,0.08,1.0,0.08,1.0,1.0,0.2,0.26666666666666666,0.06666666666666667,1.0,0.06666666666666667,1.0,1.0,0.2,0.26666666666666666,0.05714285714285714,1.0,0.05714285714285714,1.0,1.0,0.2,0.26666666666666666,0.05,1.0,0.05,1.0,1.0,0.2,0.26666666666666666,0.044444444444444446,1.0,0.044444444444444446,1.0,1.0,0.2,0.26666666666666666,0.04,1.0,0.04,1.0,1.0,0.2,0.26666666666666666,webtable-la2m_default-v=7-distilroberta-dj_adpt~kalm_instruct_v2_5-dj_adpt,omnimatch_city_test,7
film_permits_noisy_3.pq::Country,0.0,0.0,1.0,0.5,0.0,0.0,0.0,0.4,1.0,0.4,1.0,1.0,0.5,0.5833333333333333,0.2,1.0,0.2,1.0,1.0,0.5,0.5833333333333333,0.13333333333333333,1.0,0.13333333333333333,1.0,1.0,0.5,0.5833333333333333,0.1,1.0,0.1,1.0,1.0,0.5,0.5833333333333333,0.08,1.0,0.08,1.0,1.0,0.5,0.5833333333333333,0.06666666666666667,1.0,0.06666666666666667,1.0,1.0,0.5,0.5833333333333333,0.05714285714285714,1.0,0.05714285714285714,1.0,1.0,0.5,0.5833333333333333,0.05,1.0,0.05,1.0,1.0,0.5,0.5833333333333333,0.044444444444444446,1.0,0.044444444444444446,1.0,1.0,0.5,0.5833333333333333,0.04,1.0,0.04,1.0,1.0,0.5,0.5833333333333333,webtable-la2m_default-v=7-distilroberta-dj_adpt~kalm_instruct_v2_5-dj_adpt,omnimatch_city_test,7
film_permits_noisy_3.pq::EndDateTime,0.0,0.0,1.0,0.25,0.0,0.0,0.0,0.0,0.0,0.8,1.0,0.0,0.0,0.0,0.0,0.0,0.4,1.0,0.0,0.0,0.0,0.0,0.0,0.26666666666666666,1.0,0.0,0.0,0.0,0.1,0.5,0.2,1.0,1.0,0.058823529411764705,0.04102167182662539,0.08,0.5,0.16,1.0,1.0,0.058823529411764705,0.04102167182662539,0.06666666666666667,0.5,0.13333333333333333,1.0,1.0,0.058823529411764705,0.04102167182662539,0.05714285714285714,0.5,0.11428571428571428,1.0,1.0,0.058823529411764705,0.04102167182662539,0.05,0.5,0.1,1.0,1.0,0.058823529411764705,0.04102167182662539,0.044444444444444446,0.5,0.08888888888888889,1.0,1.0,0.058823529411764705,0.04102167182662539,0.06,0.75,0.08,1.0,1.0,0.058823529411764705,0.05697911863513602,webtable-la2m_default-v=7-distilroberta-dj_adpt~kalm_instruct_v2_5-dj_adpt,omnimatch_city_test,7
film_permits_noisy_3.pq::EnteredOn,0.0,0.0,1.0,0.25,0.0,0.0,0.0,0.0,0.0,0.8,1.0,0.0,0.0,0.0,0.0,0.0,0.4,1.0,0.0,0.0,0.0,0.0,0.0,0.26666666666666666,1.0,0.0,0.0,0.0,0.0,0.0,0.2,1.0,0.0,0.0,0.0,0.04,0.25,0.16,1.0,1.0,0.043478260869565216,0.010869565217391304,0.03333333333333333,0.25,0.13333333333333333,1.0,1.0,0.043478260869565216,0.010869565217391304,0.02857142857142857,0.25,0.11428571428571428,1.0,1.0,0.043478260869565216,0.010869565217391304,0.025,0.25,0.1,1.0,1.0,0.043478260869565216,0.010869565217391304,0.022222222222222223,0.25,0.08888888888888889,1.0,1.0,0.043478260869565216,0.010869565217391304,0.02,0.25,0.08,1.0,1.0,0.043478260869565216,0.010869565217391304,webtable-la2m_default-v=7-distilroberta-dj_adpt~kalm_instruct_v2_5-dj_adpt,omnimatch_city_test,7
film_permits_noisy_3.pq::EventID,1.0,0.2,1.0,0.2,1.0,1.0,0.2,0.4,0.4,1.0,1.0,1.0,1.0,0.3333333333333333,0.2,0.4,0.5,1.0,1.0,1.0,0.3333333333333333,0.13333333333333333,0.4,0.3333333333333333,1.0,1.0,1.0,0.3333333333333333,0.1,0.4,0.25,1.0,1.0,1.0,0.3333333333333333,0.08,0.4,0.2,1.0,1.0,1.0,0.3333333333333333,0.06666666666666667,0.4,0.16666666666666666,1.0,1.0,1.0,0.3333333333333333,0.05714285714285714,0.4,0.14285714285714285,1.0,1.0,1.0,0.3333333333333333,0.05,0.4,0.125,1.0,1.0,1.0,0.3333333333333333,0.044444444444444446,0.4,0.1111111111111111,1.0,1.0,1.0,0.3333333333333333,0.04,0.4,0.1,1.0,1.0,1.0,0.3333333333333333,webtable-la2m_default-v=7-distilroberta-dj_adpt~kalm_instruct_v2_5-dj_adpt,omnimatch_city_test,7
film_permits_noisy_3.pq::SubCategoryName,0.0,0.0,1.0,0.5,0.0,0.0,0.0,0.4,1.0,0.4,1.0,1.0,0.5,0.5833333333333333,0.2,1.0,0.2,1.0,1.0,0.5,0.5833333333333333,0.13333333333333333,1.0,0.13333333333333333,1.0,1.0,0.5,0.5833333333333333,0.1,1.0,0.1,1.0,1.0,0.5,0.5833333333333333,0.08,1.0,0.08,1.0,1.0,0.5,0.5833333333333333,0.06666666666666667,1.0,0.06666666666666667,1.0,1.0,0.5,0.5833333333333333,0.05714285714285714,1.0,0.05714285714285714,1.0,1.0,0.5,0.5833333333333333,0.05,1.0,0.05,1.0,1.0,0.5,0.5833333333333333,0.044444444444444446,1.0,0.044444444444444446,1.0,1.0,0.5,0.5833333333333333,0.04,1.0,0.04,1.0,1.0,0.5,0.5833333333333333,webtable-la2m_default-v=7-distilroberta-dj_adpt~kalm_instruct_v2_5-dj_adpt,omnimatch_city_test,7
film_permits_noisy_3.pq::ZipCode(s),0.0,0.0,1.0,0.5,0.0,0.0,0.0,0.0,0.0,0.4,1.0,0.0,0.0,0.0,0.0,0.0,0.2,1.0,0.0,0.0,0.0,0.0,0.0,0.13333333333333333,1.0,0.0,0.0,0.0,0.0,0.0,0.1,1.0,0.0,0.0,0.0,0.0,0.0,0.08,1.0,0.0,0.0,0.0,0.0,0.0,0.06666666666666667,1.0,0.0,0.0,0.0,0.0,0.0,0.05714285714285714,1.0,0.0,0.0,0.0,0.0,0.0,0.05,1.0,0.0,0.0,0.0,0.0,0.0,0.044444444444444446,1.0,0.0,0.0,0.0,0.02,0.5,0.04,1.0,1.0,0.02040816326530612,0.01020408163265306,webtable-la2m_default-v=7-distilroberta-dj_adpt~kalm_instruct_v2_5-dj_adpt,omnimatch_city_test,7
film_permits_noisy_4.pq::EndDateTime,1.0,0.16666666666666666,1.0,0.16666666666666666,1.0,1.0,0.16666666666666666,0.4,0.3333333333333333,1.0,0.8333333333333334,1.0,1.0,0.3333333333333333,0.2,0.3333333333333333,0.6,1.0,1.0,1.0,0.3333333333333333,0.13333333333333333,0.3333333333333333,0.4,1.0,1.0,1.0,0.3333333333333333,0.2,0.6666666666666666,0.3,1.0,1.0,1.0,0.39298245614035093,0.16,0.6666666666666666,0.24,1.0,1.0,1.0,0.39298245614035093,0.13333333333333333,0.6666666666666666,0.2,1.0,1.0,1.0,0.39298245614035093,0.14285714285714285,0.8333333333333334,0.17142857142857143,1.0,1.0,1.0,0.41749226006191953,0.125,0.8333333333333334,0.15,1.0,1.0,1.0,0.41749226006191953,0.1111111111111111,0.8333333333333334,0.13333333333333333,1.0,1.0,1.0,0.41749226006191953,0.1,0.8333333333333334,0.12,1.0,1.0,1.0,0.41749226006191953,webtable-la2m_default-v=7-distilroberta-dj_adpt~kalm_instruct_v2_5-dj_adpt,omnimatch_city_test,7
film_permits_noisy_4.pq::EnteredOn,0.0,0.0,1.0,0.16666666666666666,0.0,0.0,0.0,0.0,0.0,1.0,0.8333333333333334,0.0,0.0,0.0,0.0,0.0,0.6,1.0,0.0,0.0,0.0,0.0,0.0,0.4,1.0,0.0,0.0,0.0,0.0,0.0,0.3,1.0,0.0,0.0,0.0,0.0,0.0,0.24,1.0,0.0,0.0,0.0,0.03333333333333333,0.16666666666666666,0.2,1.0,1.0,0.03571428571428571,0.005952380952380952,0.02857142857142857,0.16666666666666666,0.17142857142857143,1.0,1.0,0.03571428571428571,0.005952380952380952,0.025,0.16666666666666666,0.15,1.0,1.0,0.03571428571428571,0.005952380952380952,0.044444444444444446,0.3333333333333333,0.13333333333333333,1.0,1.0,0.03571428571428571,0.013359788359788358,0.06,0.5,0.12,1.0,1.0,0.03571428571428571,0.024229353577179664,webtable-la2m_default-v=7-distilroberta-dj_adpt~kalm_instruct_v2_5-dj_adpt,omnimatch_city_test,7
film_permits_noisy_4.pq::EventAgency,1.0,0.25,1.0,0.25,1.0,1.0,0.25,0.6,0.75,0.8,1.0,1.0,1.0,0.5666666666666667,0.4,1.0,0.4,1.0,1.0,1.0,0.7333333333333333,0.26666666666666666,1.0,0.26666666666666666,1.0,1.0,1.0,0.7333333333333333,0.2,1.0,0.2,1.0,1.0,1.0,0.7333333333333333,0.16,1.0,0.16,1.0,1.0,1.0,0.7333333333333333,0.13333333333333333,1.0,0.13333333333333333,1.0,1.0,1.0,0.7333333333333333,0.11428571428571428,1.0,0.11428571428571428,1.0,1.0,1.0,0.7333333333333333,0.1,1.0,0.1,1.0,1.0,1.0,0.7333333333333333,0.08888888888888889,1.0,0.08888888888888889,1.0,1.0,1.0,0.7333333333333333,0.08,1.0,0.08,1.0,1.0,1.0,0.7333333333333333,webtable-la2m_default-v=7-distilroberta-dj_adpt~kalm_instruct_v2_5-dj_adpt,omnimatch_city_test,7
film_permits_noisy_4.pq::EventID,0.0,0.0,1.0,0.1111111111111111,0.0,0.0,0.0,0.0,0.0,1.0,0.5555555555555556,0.0,0.0,0.0,0.0,0.0,0.9,1.0,0.0,0.0,0.0,0.0,0.0,0.6,1.0,0.0,0.0,0.0,0.0,0.0,0.45,1.0,0.0,0.0,0.0,0.0,0.0,0.36,1.0,0.0,0.0,0.0,0.0,0.0,0.3,1.0,0.0,0.0,0.0,0.0,0.0,0.2571428571428571,1.0,0.0,0.0,0.0,0.0,0.0,0.225,1.0,0.0,0.0,0.0,0.0,0.0,0.2,1.0,0.0,0.0,0.0,0.0,0.0,0.18,1.0,0.0,0.0,0.0,webtable-la2m_default-v=7-distilroberta-dj_adpt~kalm_instruct_v2_5-dj_adpt,omnimatch_city_test,7
film_permits_noisy_4.pq::EventType,1.0,0.25,1.0,0.25,1.0,1.0,0.25,0.4,0.5,0.8,1.0,1.0,1.0,0.5,0.4,1.0,0.4,1.0,1.0,1.0,0.6833333333333333,0.26666666666666666,1.0,0.26666666666666666,1.0,1.0,1.0,0.6833333333333333,0.2,1.0,0.2,1.0,1.0,1.0,0.6833333333333333,0.16,1.0,0.16,1.0,1.0,1.0,0.6833333333333333,0.13333333333333333,1.0,0.13333333333333333,1.0,1.0,1.0,0.6833333333333333,0.11428571428571428,1.0,0.11428571428571428,1.0,1.0,1.0,0.6833333333333333,0.1,1.0,0.1,1.0,1.0,1.0,0.6833333333333333,0.08888888888888889,1.0,0.08888888888888889,1.0,1.0,1.0,0.6833333333333333,0.08,1.0,0.08,1.0,1.0,1.0,0.6833333333333333,webtable-la2m_default-v=7-distilroberta-dj_adpt~kalm_instruct_v2_5-dj_adpt,omnimatch_city_test,7
film_permits_noisy_4.pq::StartDateTime,1.0,0.25,1.0,0.25,1.0,1.0,0.25,0.4,0.5,0.8,1.0,1.0,1.0,0.5,0.3,0.75,0.4,1.0,1.0,1.0,0.575,0.26666666666666666,1.0,0.26666666666666666,1.0,1.0,1.0,0.6659090909090909,0.2,1.0,0.2,1.0,1.0,1.0,0.6659090909090909,0.16,1.0,0.16,1.0,1.0,1.0,0.6659090909090909,0.13333333333333333,1.0,0.13333333333333333,1.0,1.0,1.0,0.6659090909090909,0.11428571428571428,1.0,0.11428571428571428,1.0,1.0,1.0,0.6659090909090909,0.1,1.0,0.1,1.0,1.0,1.0,0.6659090909090909,0.08888888888888889,1.0,0.08888888888888889,1.0,1.0,1.0,0.6659090909090909,0.08,1.0,0.08,1.0,1.0,1.0,0.6659090909090909,webtable-la2m_default-v=7-distilroberta-dj_adpt~kalm_instruct_v2_5-dj_adpt,omnimatch_city_test,7
film_permits_noisy_5.pq::Borough,0.0,0.0,1.0,0.3333333333333333,0.0,0.0,0.0,0.2,0.3333333333333333,0.6,1.0,1.0,0.3333333333333333,0.1111111111111111,0.2,0.6666666666666666,0.3,1.0,1.0,0.3333333333333333,0.20634920634920637,0.2,1.0,0.2,1.0,1.0,0.3333333333333333,0.2972582972582973,0.15,1.0,0.15,1.0,1.0,0.3333333333333333,0.2972582972582973,0.12,1.0,0.12,1.0,1.0,0.3333333333333333,0.2972582972582973,0.1,1.0,0.1,1.0,1.0,0.3333333333333333,0.2972582972582973,0.08571428571428572,1.0,0.08571428571428572,1.0,1.0,0.3333333333333333,0.2972582972582973,0.075,1.0,0.075,1.0,1.0,0.3333333333333333,0.2972582972582973,0.06666666666666667,1.0,0.06666666666666667,1.0,1.0,0.3333333333333333,0.2972582972582973,0.06,1.0,0.06,1.0,1.0,0.3333333333333333,0.2972582972582973,webtable-la2m_default-v=7-distilroberta-dj_adpt~kalm_instruct_v2_5-dj_adpt,omnimatch_city_test,7
film_permits_noisy_5.pq::Category,0.0,0.0,1.0,0.3333333333333333,0.0,0.0,0.0,0.4,0.6666666666666666,0.6,1.0,1.0,0.3333333333333333,0.27777777777777773,0.2,0.6666666666666666,0.3,1.0,1.0,0.3333333333333333,0.27777777777777773,0.13333333333333333,0.6666666666666666,0.2,1.0,1.0,0.3333333333333333,0.27777777777777773,0.15,1.0,0.15,1.0,1.0,0.3333333333333333,0.3333333333333333,0.12,1.0,0.12,1.0,1.0,0.3333333333333333,0.3333333333333333,0.1,1.0,0.1,1.0,1.0,0.3333333333333333,0.3333333333333333,0.08571428571428572,1.0,0.08571428571428572,1.0,1.0,0.3333333333333333,0.3333333333333333,0.075,1.0,0.075,1.0,1.0,0.3333333333333333,0.3333333333333333,0.06666666666666667,1.0,0.06666666666666667,1.0,1.0,0.3333333333333333,0.3333333333333333,0.06,1.0,0.06,1.0,1.0,0.3333333333333333,0.3333333333333333,webtable-la2m_default-v=7-distilroberta-dj_adpt~kalm_instruct_v2_5-dj_adpt,omnimatch_city_test,7
film_permits_noisy_5.pq::Country,1.0,0.3333333333333333,1.0,0.3333333333333333,1.0,1.0,0.3333333333333333,0.6,1.0,0.6,1.0,1.0,1.0,1.0,0.3,1.0,0.3,1.0,1.0,1.0,1.0,0.2,1.0,0.2,1.0,1.0,1.0,1.0,0.15,1.0,0.15,1.0,1.0,1.0,1.0,0.12,1.0,0.12,1.0,1.0,1.0,1.0,0.1,1.0,0.1,1.0,1.0,1.0,1.0,0.08571428571428572,1.0,0.08571428571428572,1.0,1.0,1.0,1.0,0.075,1.0,0.075,1.0,1.0,1.0,1.0,0.06666666666666667,1.0,0.06666666666666667,1.0,1.0,1.0,1.0,0.06,1.0,0.06,1.0,1.0,1.0,1.0,webtable-la2m_default-v=7-distilroberta-dj_adpt~kalm_instruct_v2_5-dj_adpt,omnimatch_city_test,7
film_permits_noisy_5.pq::EventID,0.0,0.0,1.0,0.16666666666666666,0.0,0.0,0.0,0.0,0.0,1.0,0.8333333333333334,0.0,0.0,0.0,0.0,0.0,0.6,1.0,0.0,0.0,0.0,0.0,0.0,0.4,1.0,0.0,0.0,0.0,0.0,0.0,0.3,1.0,0.0,0.0,0.0,0.0,0.0,0.24,1.0,0.0,0.0,0.0,0.0,0.0,0.2,1.0,0.0,0.0,0.0,0.08571428571428572,0.5,0.17142857142857143,1.0,1.0,0.030303030303030304,0.02914014090484679,0.075,0.5,0.15,1.0,1.0,0.030303030303030304,0.02914014090484679,0.06666666666666667,0.5,0.13333333333333333,1.0,1.0,0.030303030303030304,0.02914014090484679,0.06,0.5,0.12,1.0,1.0,0.030303030303030304,0.02914014090484679,webtable-la2m_default-v=7-distilroberta-dj_adpt~kalm_instruct_v2_5-dj_adpt,omnimatch_city_test,7
film_permits_noisy_5.pq::ParkingHeld,0.0,0.0,1.0,0.5,0.0,0.0,0.0,0.0,0.0,0.4,1.0,0.0,0.0,0.0,0.1,0.5,0.2,1.0,1.0,0.1,0.05,0.13333333333333333,1.0,0.13333333333333333,1.0,1.0,0.1,0.12142857142857143,0.1,1.0,0.1,1.0,1.0,0.1,0.12142857142857143,0.08,1.0,0.08,1.0,1.0,0.1,0.12142857142857143,0.06666666666666667,1.0,0.06666666666666667,1.0,1.0,0.1,0.12142857142857143,0.05714285714285714,1.0,0.05714285714285714,1.0,1.0,0.1,0.12142857142857143,0.05,1.0,0.05,1.0,1.0,0.1,0.12142857142857143,0.044444444444444446,1.0,0.044444444444444446,1.0,1.0,0.1,0.12142857142857143,0.04,1.0,0.04,1.0,1.0,0.1,0.12142857142857143,webtable-la2m_default-v=7-distilroberta-dj_adpt~kalm_instruct_v2_5-dj_adpt,omnimatch_city_test,7
film_permits_noisy_5.pq::SubCategoryName,0.0,0.0,1.0,0.3333333333333333,0.0,0.0,0.0,0.0,0.0,0.6,1.0,0.0,0.0,0.0,0.0,0.0,0.3,1.0,0.0,0.0,0.0,0.0,0.0,0.2,1.0,0.0,0.0,0.0,0.05,0.3333333333333333,0.15,1.0,1.0,0.058823529411764705,0.0196078431372549,0.04,0.3333333333333333,0.12,1.0,1.0,0.058823529411764705,0.0196078431372549,0.03333333333333333,0.3333333333333333,0.1,1.0,1.0,0.058823529411764705,0.0196078431372549,0.02857142857142857,0.3333333333333333,0.08571428571428572,1.0,1.0,0.058823529411764705,0.0196078431372549,0.025,0.3333333333333333,0.075,1.0,1.0,0.058823529411764705,0.0196078431372549,0.022222222222222223,0.3333333333333333,0.06666666666666667,1.0,1.0,0.058823529411764705,0.0196078431372549,0.02,0.3333333333333333,0.06,1.0,1.0,0.058823529411764705,0.0196078431372549,webtable-la2m_default-v=7-distilroberta-dj_adpt~kalm_instruct_v2_5-dj_adpt,omnimatch_city_test,7
film_permits_noisy_5.pq::ZipCode(s),1.0,0.3333333333333333,1.0,0.3333333333333333,1.0,1.0,0.3333333333333333,0.4,0.6666666666666666,0.6,1.0,1.0,1.0,0.6666666666666666,0.2,0.6666666666666666,0.3,1.0,1.0,1.0,0.6666666666666666,0.13333333333333333,0.6666666666666666,0.2,1.0,1.0,1.0,0.6666666666666666,0.1,0.6666666666666666,0.15,1.0,1.0,1.0,0.6666666666666666,0.08,0.6666666666666666,0.12,1.0,1.0,1.0,0.6666666666666666,0.06666666666666667,0.6666666666666666,0.1,1.0,1.0,1.0,0.6666666666666666,0.05714285714285714,0.6666666666666666,0.08571428571428572,1.0,1.0,1.0,0.6666666666666666,0.05,0.6666666666666666,0.075,1.0,1.0,1.0,0.6666666666666666,0.06666666666666667,1.0,0.06666666666666667,1.0,1.0,1.0,0.688888888888889,0.06,1.0,0.06,1.0,1.0,1.0,0.688888888888889,webtable-la2m_default-v=7-distilroberta-dj_adpt~kalm_instruct_v2_5-dj_adpt,omnimatch_city_test,7
film_permits_noisy_6.pq::EndDateTime,0.0,0.0,1.0,0.2,0.0,0.0,0.0,0.0,0.0,1.0,1.0,0.0,0.0,0.0,0.0,0.0,0.5,1.0,0.0,0.0,0.0,0.0,0.0,0.3333333333333333,1.0,0.0,0.0,0.0,0.0,0.0,0.25,1.0,0.0,0.0,0.0,0.04,0.2,0.2,1.0,1.0,0.045454545454545456,0.00909090909090909,0.06666666666666667,0.4,0.16666666666666666,1.0,1.0,0.045454545454545456,0.022884012539184952,0.08571428571428572,0.6,0.14285714285714285,1.0,1.0,0.045454545454545456,0.042238851248862376,0.075,0.6,0.125,1.0,1.0,0.045454545454545456,0.042238851248862376,0.06666666666666667,0.6,0.1111111111111111,1.0,1.0,0.045454545454545456,0.042238851248862376,0.06,0.6,0.1,1.0,1.0,0.045454545454545456,0.042238851248862376,webtable-la2m_default-v=7-distilroberta-dj_adpt~kalm_instruct_v2_5-dj_adpt,omnimatch_city_test,7
film_permits_noisy_6.pq::EnteredOn,0.0,0.0,1.0,0.2,0.0,0.0,0.0,0.0,0.0,1.0,1.0,0.0,0.0,0.0,0.1,0.2,0.5,1.0,1.0,0.125,0.025,0.06666666666666667,0.2,0.3333333333333333,1.0,1.0,0.125,0.025,0.05,0.2,0.25,1.0,1.0,0.125,0.025,0.08,0.4,0.2,1.0,1.0,0.125,0.042391304347826085,0.06666666666666667,0.4,0.16666666666666666,1.0,1.0,0.125,0.042391304347826085,0.08571428571428572,0.6,0.14285714285714285,1.0,1.0,0.125,0.059534161490683225,0.075,0.6,0.125,1.0,1.0,0.125,0.059534161490683225,0.06666666666666667,0.6,0.1111111111111111,1.0,1.0,0.125,0.059534161490683225,0.06,0.6,0.1,1.0,1.0,0.125,0.059534161490683225,webtable-la2m_default-v=7-distilroberta-dj_adpt~kalm_instruct_v2_5-dj_adpt,omnimatch_city_test,7
film_permits_noisy_6.pq::EventAgency,1.0,0.3333333333333333,1.0,0.3333333333333333,1.0,1.0,0.3333333333333333,0.6,1.0,0.6,1.0,1.0,1.0,0.9166666666666666,0.3,1.0,0.3,1.0,1.0,1.0,0.9166666666666666,0.2,1.0,0.2,1.0,1.0,1.0,0.9166666666666666,0.15,1.0,0.15,1.0,1.0,1.0,0.9166666666666666,0.12,1.0,0.12,1.0,1.0,1.0,0.9166666666666666,0.1,1.0,0.1,1.0,1.0,1.0,0.9166666666666666,0.08571428571428572,1.0,0.08571428571428572,1.0,1.0,1.0,0.9166666666666666,0.075,1.0,0.075,1.0,1.0,1.0,0.9166666666666666,0.06666666666666667,1.0,0.06666666666666667,1.0,1.0,1.0,0.9166666666666666,0.06,1.0,0.06,1.0,1.0,1.0,0.9166666666666666,webtable-la2m_default-v=7-distilroberta-dj_adpt~kalm_instruct_v2_5-dj_adpt,omnimatch_city_test,7
film_permits_noisy_6.pq::EventID,0.0,0.0,1.0,0.14285714285714285,0.0,0.0,0.0,0.0,0.0,1.0,0.7142857142857143,0.0,0.0,0.0,0.0,0.0,0.7,1.0,0.0,0.0,0.0,0.0,0.0,0.4666666666666667,1.0,0.0,0.0,0.0,0.0,0.0,0.35,1.0,0.0,0.0,0.0,0.0,0.0,0.28,1.0,0.0,0.0,0.0,0.0,0.0,0.23333333333333334,1.0,0.0,0.0,0.0,0.08571428571428572,0.42857142857142855,0.2,1.0,1.0,0.030303030303030304,0.02497726363272582,0.075,0.42857142857142855,0.175,1.0,1.0,0.030303030303030304,0.02497726363272582,0.06666666666666667,0.42857142857142855,0.15555555555555556,1.0,1.0,0.030303030303030304,0.02497726363272582,0.08,0.5714285714285714,0.14,1.0,1.0,0.030303030303030304,0.03663907121290074,webtable-la2m_default-v=7-distilroberta-dj_adpt~kalm_instruct_v2_5-dj_adpt,omnimatch_city_test,7
film_permits_noisy_6.pq::EventType,0.0,0.0,1.0,0.3333333333333333,0.0,0.0,0.0,0.2,0.3333333333333333,0.6,1.0,1.0,0.5,0.16666666666666666,0.1,0.3333333333333333,0.3,1.0,1.0,0.5,0.16666666666666666,0.06666666666666667,0.3333333333333333,0.2,1.0,1.0,0.5,0.16666666666666666,0.05,0.3333333333333333,0.15,1.0,1.0,0.5,0.16666666666666666,0.04,0.3333333333333333,0.12,1.0,1.0,0.5,0.16666666666666666,0.06666666666666667,0.6666666666666666,0.1,1.0,1.0,0.5,0.19047619047619047,0.05714285714285714,0.6666666666666666,0.08571428571428572,1.0,1.0,0.5,0.19047619047619047,0.075,1.0,0.075,1.0,1.0,0.5,0.21679197994987467,0.06666666666666667,1.0,0.06666666666666667,1.0,1.0,0.5,0.21679197994987467,0.06,1.0,0.06,1.0,1.0,0.5,0.21679197994987467,webtable-la2m_default-v=7-distilroberta-dj_adpt~kalm_instruct_v2_5-dj_adpt,omnimatch_city_test,7
film_permits_noisy_6.pq::ParkingHeld,0.0,0.0,1.0,0.3333333333333333,0.0,0.0,0.0,0.2,0.3333333333333333,0.6,1.0,1.0,0.5,0.16666666666666666,0.1,0.3333333333333333,0.3,1.0,1.0,0.5,0.16666666666666666,0.06666666666666667,0.3333333333333333,0.2,1.0,1.0,0.5,0.16666666666666666,0.15,1.0,0.15,1.0,1.0,0.5,0.2517543859649123,0.12,1.0,0.12,1.0,1.0,0.5,0.2517543859649123,0.1,1.0,0.1,1.0,1.0,0.5,0.2517543859649123,0.08571428571428572,1.0,0.08571428571428572,1.0,1.0,0.5,0.2517543859649123,0.075,1.0,0.075,1.0,1.0,0.5,0.2517543859649123,0.06666666666666667,1.0,0.06666666666666667,1.0,1.0,0.5,0.2517543859649123,0.06,1.0,0.06,1.0,1.0,0.5,0.2517543859649123,webtable-la2m_default-v=7-distilroberta-dj_adpt~kalm_instruct_v2_5-dj_adpt,omnimatch_city_test,7
film_permits_noisy_6.pq::StartDateTime,0.0,0.0,1.0,0.3333333333333333,0.0,0.0,0.0,0.2,0.3333333333333333,0.6,1.0,1.0,0.5,0.16666666666666666,0.3,1.0,0.3,1.0,1.0,0.5,0.3611111111111111,0.2,1.0,0.2,1.0,1.0,0.5,0.3611111111111111,0.15,1.0,0.15,1.0,1.0,0.5,0.3611111111111111,0.12,1.0,0.12,1.0,1.0,0.5,0.3611111111111111,0.1,1.0,0.1,1.0,1.0,0.5,0.3611111111111111,0.08571428571428572,1.0,0.08571428571428572,1.0,1.0,0.5,0.3611111111111111,0.075,1.0,0.075,1.0,1.0,0.5,0.3611111111111111,0.06666666666666667,1.0,0.06666666666666667,1.0,1.0,0.5,0.3611111111111111,0.06,1.0,0.06,1.0,1.0,0.5,0.3611111111111111,webtable-la2m_default-v=7-distilroberta-dj_adpt~kalm_instruct_v2_5-dj_adpt,omnimatch_city_test,7
film_permits_noisy_8.pq::EndDateTime,0.0,0.0,1.0,1.0,0.0,0.0,0.0,0.0,0.0,0.2,1.0,0.0,0.0,0.0,0.0,0.0,0.1,1.0,0.0,0.0,0.0,0.0,0.0,0.06666666666666667,1.0,0.0,0.0,0.0,0.0,0.0,0.05,1.0,0.0,0.0,0.0,0.0,0.0,0.04,1.0,0.0,0.0,0.0,0.0,0.0,0.03333333333333333,1.0,0.0,0.0,0.0,0.0,0.0,0.02857142857142857,1.0,0.0,0.0,0.0,0.0,0.0,0.025,1.0,0.0,0.0,0.0,0.0,0.0,0.022222222222222223,1.0,0.0,0.0,0.0,0.0,0.0,0.02,1.0,0.0,0.0,0.0,webtable-la2m_default-v=7-distilroberta-dj_adpt~kalm_instruct_v2_5-dj_adpt,omnimatch_city_test,7
film_permits_noisy_8.pq::EnteredOn,0.0,0.0,1.0,1.0,0.0,0.0,0.0,0.0,0.0,0.2,1.0,0.0,0.0,0.0,0.0,0.0,0.1,1.0,0.0,0.0,0.0,0.0,0.0,0.06666666666666667,1.0,0.0,0.0,0.0,0.0,0.0,0.05,1.0,0.0,0.0,0.0,0.04,1.0,0.04,1.0,1.0,0.043478260869565216,0.043478260869565216,0.03333333333333333,1.0,0.03333333333333333,1.0,1.0,0.043478260869565216,0.043478260869565216,0.02857142857142857,1.0,0.02857142857142857,1.0,1.0,0.043478260869565216,0.043478260869565216,0.025,1.0,0.025,1.0,1.0,0.043478260869565216,0.043478260869565216,0.022222222222222223,1.0,0.022222222222222223,1.0,1.0,0.043478260869565216,0.043478260869565216,0.02,1.0,0.02,1.0,1.0,0.043478260869565216,0.043478260869565216,webtable-la2m_default-v=7-distilroberta-dj_adpt~kalm_instruct_v2_5-dj_adpt,omnimatch_city_test,7
film_permits_noisy_8.pq::EventID,0.0,0.0,1.0,1.0,0.0,0.0,0.0,0.0,0.0,0.2,1.0,0.0,0.0,0.0,0.0,0.0,0.1,1.0,0.0,0.0,0.0,0.0,0.0,0.06666666666666667,1.0,0.0,0.0,0.0,0.0,0.0,0.05,1.0,0.0,0.0,0.0,0.0,0.0,0.04,1.0,0.0,0.0,0.0,0.0,0.0,0.03333333333333333,1.0,0.0,0.0,0.0,0.0,0.0,0.02857142857142857,1.0,0.0,0.0,0.0,0.0,0.0,0.025,1.0,0.0,0.0,0.0,0.0,0.0,0.022222222222222223,1.0,0.0,0.0,0.0,0.0,0.0,0.02,1.0,0.0,0.0,0.0,webtable-la2m_default-v=7-distilroberta-dj_adpt~kalm_instruct_v2_5-dj_adpt,omnimatch_city_test,7
film_permits_noisy_9.pq::Borough,1.0,1.0,1.0,1.0,1.0,1.0,1.0,0.2,1.0,0.2,1.0,1.0,1.0,1.0,0.1,1.0,0.1,1.0,1.0,1.0,1.0,0.06666666666666667,1.0,0.06666666666666667,1.0,1.0,1.0,1.0,0.05,1.0,0.05,1.0,1.0,1.0,1.0,0.04,1.0,0.04,1.0,1.0,1.0,1.0,0.03333333333333333,1.0,0.03333333333333333,1.0,1.0,1.0,1.0,0.02857142857142857,1.0,0.02857142857142857,1.0,1.0,1.0,1.0,0.025,1.0,0.025,1.0,1.0,1.0,1.0,0.022222222222222223,1.0,0.022222222222222223,1.0,1.0,1.0,1.0,0.02,1.0,0.02,1.0,1.0,1.0,1.0,webtable-la2m_default-v=7-distilroberta-dj_adpt~kalm_instruct_v2_5-dj_adpt,omnimatch_city_test,7
film_permits_noisy_9.pq::Category,0.0,0.0,1.0,1.0,0.0,0.0,0.0,0.0,0.0,0.2,1.0,0.0,0.0,0.0,0.0,0.0,0.1,1.0,0.0,0.0,0.0,0.06666666666666667,1.0,0.06666666666666667,1.0,1.0,0.07142857142857142,0.07142857142857142,0.05,1.0,0.05,1.0,1.0,0.07142857142857142,0.07142857142857142,0.04,1.0,0.04,1.0,1.0,0.07142857142857142,0.07142857142857142,0.03333333333333333,1.0,0.03333333333333333,1.0,1.0,0.07142857142857142,0.07142857142857142,0.02857142857142857,1.0,0.02857142857142857,1.0,1.0,0.07142857142857142,0.07142857142857142,0.025,1.0,0.025,1.0,1.0,0.07142857142857142,0.07142857142857142,0.022222222222222223,1.0,0.022222222222222223,1.0,1.0,0.07142857142857142,0.07142857142857142,0.02,1.0,0.02,1.0,1.0,0.07142857142857142,0.07142857142857142,webtable-la2m_default-v=7-distilroberta-dj_adpt~kalm_instruct_v2_5-dj_adpt,omnimatch_city_test,7
film_permits_noisy_9.pq::Country,0.0,0.0,1.0,1.0,0.0,0.0,0.0,0.2,1.0,0.2,1.0,1.0,0.25,0.25,0.1,1.0,0.1,1.0,1.0,0.25,0.25,0.06666666666666667,1.0,0.06666666666666667,1.0,1.0,0.25,0.25,0.05,1.0,0.05,1.0,1.0,0.25,0.25,0.04,1.0,0.04,1.0,1.0,0.25,0.25,0.03333333333333333,1.0,0.03333333333333333,1.0,1.0,0.25,0.25,0.02857142857142857,1.0,0.02857142857142857,1.0,1.0,0.25,0.25,0.025,1.0,0.025,1.0,1.0,0.25,0.25,0.022222222222222223,1.0,0.022222222222222223,1.0,1.0,0.25,0.25,0.02,1.0,0.02,1.0,1.0,0.25,0.25,webtable-la2m_default-v=7-distilroberta-dj_adpt~kalm_instruct_v2_5-dj_adpt,omnimatch_city_test,7
film_permits_noisy_9.pq::EventID,0.0,0.0,1.0,0.25,0.0,0.0,0.0,0.4,0.5,0.8,1.0,1.0,0.3333333333333333,0.18333333333333335,0.2,0.5,0.4,1.0,1.0,0.3333333333333333,0.18333333333333335,0.13333333333333333,0.5,0.26666666666666666,1.0,1.0,0.3333333333333333,0.18333333333333335,0.1,0.5,0.2,1.0,1.0,0.3333333333333333,0.18333333333333335,0.08,0.5,0.16,1.0,1.0,0.3333333333333333,0.18333333333333335,0.06666666666666667,0.5,0.13333333333333333,1.0,1.0,0.3333333333333333,0.18333333333333335,0.05714285714285714,0.5,0.11428571428571428,1.0,1.0,0.3333333333333333,0.18333333333333335,0.05,0.5,0.1,1.0,1.0,0.3333333333333333,0.18333333333333335,0.06666666666666667,0.75,0.08888888888888889,1.0,1.0,0.3333333333333333,0.2,0.08,1.0,0.08,1.0,1.0,0.3333333333333333,0.22127659574468084,webtable-la2m_default-v=7-distilroberta-dj_adpt~kalm_instruct_v2_5-dj_adpt,omnimatch_city_test,7
film_permits_noisy_9.pq::ParkingHeld,0.0,0.0,1.0,1.0,0.0,0.0,0.0,0.0,0.0,0.2,1.0,0.0,0.0,0.0,0.0,0.0,0.1,1.0,0.0,0.0,0.0,0.06666666666666667,1.0,0.06666666666666667,1.0,1.0,0.07142857142857142,0.07142857142857142,0.05,1.0,0.05,1.0,1.0,0.07142857142857142,0.07142857142857142,0.04,1.0,0.04,1.0,1.0,0.07142857142857142,0.07142857142857142,0.03333333333333333,1.0,0.03333333333333333,1.0,1.0,0.07142857142857142,0.07142857142857142,0.02857142857142857,1.0,0.02857142857142857,1.0,1.0,0.07142857142857142,0.07142857142857142,0.025,1.0,0.025,1.0,1.0,0.07142857142857142,0.07142857142857142,0.022222222222222223,1.0,0.022222222222222223,1.0,1.0,0.07142857142857142,0.07142857142857142,0.02,1.0,0.02,1.0,1.0,0.07142857142857142,0.07142857142857142,webtable-la2m_default-v=7-distilroberta-dj_adpt~kalm_instruct_v2_5-dj_adpt,omnimatch_city_test,7
film_permits_noisy_9.pq::SubCategoryName,0.0,0.0,1.0,1.0,0.0,0.0,0.0,0.2,1.0,0.2,1.0,1.0,0.5,0.5,0.1,1.0,0.1,1.0,1.0,0.5,0.5,0.06666666666666667,1.0,0.06666666666666667,1.0,1.0,0.5,0.5,0.05,1.0,0.05,1.0,1.0,0.5,0.5,0.04,1.0,0.04,1.0,1.0,0.5,0.5,0.03333333333333333,1.0,0.03333333333333333,1.0,1.0,0.5,0.5,0.02857142857142857,1.0,0.02857142857142857,1.0,1.0,0.5,0.5,0.025,1.0,0.025,1.0,1.0,0.5,0.5,0.022222222222222223,1.0,0.022222222222222223,1.0,1.0,0.5,0.5,0.02,1.0,0.02,1.0,1.0,0.5,0.5,webtable-la2m_default-v=7-distilroberta-dj_adpt~kalm_instruct_v2_5-dj_adpt,omnimatch_city_test,7
film_permits_noisy_9.pq::ZipCode(s),0.0,0.0,1.0,1.0,0.0,0.0,0.0,0.0,0.0,0.2,1.0,0.0,0.0,0.0,0.0,0.0,0.1,1.0,0.0,0.0,0.0,0.0,0.0,0.06666666666666667,1.0,0.0,0.0,0.0,0.0,0.0,0.05,1.0,0.0,0.0,0.0,0.0,0.0,0.04,1.0,0.0,0.0,0.0,0.0,0.0,0.03333333333333333,1.0,0.0,0.0,0.0,0.0,0.0,0.02857142857142857,1.0,0.0,0.0,0.0,0.0,0.0,0.025,1.0,0.0,0.0,0.0,0.0,0.0,0.022222222222222223,1.0,0.0,0.0,0.0,0.0,0.0,0.02,1.0,0.0,0.0,0.0,webtable-la2m_default-v=7-distilroberta-dj_adpt~kalm_instruct_v2_5-dj_adpt,omnimatch_city_test,7
housing_noisy_1.pq::Building ID,0.0,0.0,1.0,0.3333333333333333,0.0,0.0,0.0,0.0,0.0,0.6,1.0,0.0,0.0,0.0,0.0,0.0,0.3,1.0,0.0,0.0,0.0,0.06666666666666667,0.3333333333333333,0.2,1.0,1.0,0.06666666666666667,0.022222222222222223,0.1,0.6666666666666666,0.15,1.0,1.0,0.06666666666666667,0.06388888888888888,0.08,0.6666666666666666,0.12,1.0,1.0,0.06666666666666667,0.06388888888888888,0.06666666666666667,0.6666666666666666,0.1,1.0,1.0,0.06666666666666667,0.06388888888888888,0.05714285714285714,0.6666666666666666,0.08571428571428572,1.0,1.0,0.06666666666666667,0.06388888888888888,0.05,0.6666666666666666,0.075,1.0,1.0,0.06666666666666667,0.06388888888888888,0.044444444444444446,0.6666666666666666,0.06666666666666667,1.0,1.0,0.06666666666666667,0.06388888888888888,0.04,0.6666666666666666,0.06,1.0,1.0,0.06666666666666667,0.06388888888888888,webtable-la2m_default-v=7-distilroberta-dj_adpt~kalm_instruct_v2_5-dj_adpt,omnimatch_city_test,7
housing_noisy_1.pq::Community Board,0.0,0.0,1.0,0.5,0.0,0.0,0.0,0.0,0.0,0.4,1.0,0.0,0.0,0.0,0.0,0.0,0.2,1.0,0.0,0.0,0.0,0.0,0.0,0.13333333333333333,1.0,0.0,0.0,0.0,0.05,0.5,0.1,1.0,1.0,0.05555555555555555,0.027777777777777776,0.04,0.5,0.08,1.0,1.0,0.05555555555555555,0.027777777777777776,0.03333333333333333,0.5,0.06666666666666667,1.0,1.0,0.05555555555555555,0.027777777777777776,0.02857142857142857,0.5,0.05714285714285714,1.0,1.0,0.05555555555555555,0.027777777777777776,0.025,0.5,0.05,1.0,1.0,0.05555555555555555,0.027777777777777776,0.022222222222222223,0.5,0.044444444444444446,1.0,1.0,0.05555555555555555,0.027777777777777776,0.02,0.5,0.04,1.0,1.0,0.05555555555555555,0.027777777777777776,webtable-la2m_default-v=7-distilroberta-dj_adpt~kalm_instruct_v2_5-dj_adpt,omnimatch_city_test,7
housing_noisy_1.pq::NTA - Neighborhood Tabulation Area,0.0,0.0,1.0,0.5,0.0,0.0,0.0,0.0,0.0,0.4,1.0,0.0,0.0,0.0,0.0,0.0,0.2,1.0,0.0,0.0,0.0,0.0,0.0,0.13333333333333333,1.0,0.0,0.0,0.0,0.0,0.0,0.1,1.0,0.0,0.0,0.0,0.0,0.0,0.08,1.0,0.0,0.0,0.0,0.03333333333333333,0.5,0.06666666666666667,1.0,1.0,0.03333333333333333,0.016666666666666666,0.02857142857142857,0.5,0.05714285714285714,1.0,1.0,0.03333333333333333,0.016666666666666666,0.025,0.5,0.05,1.0,1.0,0.03333333333333333,0.016666666666666666,0.022222222222222223,0.5,0.044444444444444446,1.0,1.0,0.03333333333333333,0.016666666666666666,0.02,0.5,0.04,1.0,1.0,0.03333333333333333,0.016666666666666666,webtable-la2m_default-v=7-distilroberta-dj_adpt~kalm_instruct_v2_5-dj_adpt,omnimatch_city_test,7
housing_noisy_1.pq::Number,0.0,0.0,1.0,1.0,0.0,0.0,0.0,0.2,1.0,0.2,1.0,1.0,0.2,0.2,0.1,1.0,0.1,1.0,1.0,0.2,0.2,0.06666666666666667,1.0,0.06666666666666667,1.0,1.0,0.2,0.2,0.05,1.0,0.05,1.0,1.0,0.2,0.2,0.04,1.0,0.04,1.0,1.0,0.2,0.2,0.03333333333333333,1.0,0.03333333333333333,1.0,1.0,0.2,0.2,0.02857142857142857,1.0,0.02857142857142857,1.0,1.0,0.2,0.2,0.025,1.0,0.025,1.0,1.0,0.2,0.2,0.022222222222222223,1.0,0.022222222222222223,1.0,1.0,0.2,0.2,0.02,1.0,0.02,1.0,1.0,0.2,0.2,webtable-la2m_default-v=7-distilroberta-dj_adpt~kalm_instruct_v2_5-dj_adpt,omnimatch_city_test,7
housing_noisy_1.pq::Postcode,0.0,0.0,1.0,0.5,0.0,0.0,0.0,0.2,0.5,0.4,1.0,1.0,0.5,0.25,0.1,0.5,0.2,1.0,1.0,0.5,0.25,0.06666666666666667,0.5,0.13333333333333333,1.0,1.0,0.5,0.25,0.05,0.5,0.1,1.0,1.0,0.5,0.25,0.04,0.5,0.08,1.0,1.0,0.5,0.25,0.03333333333333333,0.5,0.06666666666666667,1.0,1.0,0.5,0.25,0.02857142857142857,0.5,0.05714285714285714,1.0,1.0,0.5,0.25,0.025,0.5,0.05,1.0,1.0,0.5,0.25,0.022222222222222223,0.5,0.044444444444444446,1.0,1.0,0.5,0.25,0.04,1.0,0.04,1.0,1.0,0.5,0.27040816326530615,webtable-la2m_default-v=7-distilroberta-dj_adpt~kalm_instruct_v2_5-dj_adpt,omnimatch_city_test,7
housing_noisy_1.pq::Prevailing Wage Status,1.0,0.5,1.0,0.5,1.0,1.0,0.5,0.4,1.0,0.4,1.0,1.0,1.0,0.8333333333333333,0.2,1.0,0.2,1.0,1.0,1.0,0.8333333333333333,0.13333333333333333,1.0,0.13333333333333333,1.0,1.0,1.0,0.8333333333333333,0.1,1.0,0.1,1.0,1.0,1.0,0.8333333333333333,0.08,1.0,0.08,1.0,1.0,1.0,0.8333333333333333,0.06666666666666667,1.0,0.06666666666666667,1.0,1.0,1.0,0.8333333333333333,0.05714285714285714,1.0,0.05714285714285714,1.0,1.0,1.0,0.8333333333333333,0.05,1.0,0.05,1.0,1.0,1.0,0.8333333333333333,0.044444444444444446,1.0,0.044444444444444446,1.0,1.0,1.0,0.8333333333333333,0.04,1.0,0.04,1.0,1.0,1.0,0.8333333333333333,webtable-la2m_default-v=7-distilroberta-dj_adpt~kalm_instruct_v2_5-dj_adpt,omnimatch_city_test,7
housing_noisy_1.pq::Project ID,0.0,0.0,1.0,1.0,0.0,0.0,0.0,0.0,0.0,0.2,1.0,0.0,0.0,0.0,0.0,0.0,0.1,1.0,0.0,0.0,0.0,0.0,0.0,0.06666666666666667,1.0,0.0,0.0,0.0,0.0,0.0,0.05,1.0,0.0,0.0,0.0,0.0,0.0,0.04,1.0,0.0,0.0,0.0,0.0,0.0,0.03333333333333333,1.0,0.0,0.0,0.0,0.0,0.0,0.02857142857142857,1.0,0.0,0.0,0.0,0.0,0.0,0.025,1.0,0.0,0.0,0.0,0.0,0.0,0.022222222222222223,1.0,0.0,0.0,0.0,0.0,0.0,0.02,1.0,0.0,0.0,0.0,webtable-la2m_default-v=7-distilroberta-dj_adpt~kalm_instruct_v2_5-dj_adpt,omnimatch_city_test,7
housing_noisy_1.pq::Reporting Construction Type,0.0,0.0,1.0,0.5,0.0,0.0,0.0,0.0,0.0,0.4,1.0,0.0,0.0,0.0,0.0,0.0,0.2,1.0,0.0,0.0,0.0,0.0,0.0,0.13333333333333333,1.0,0.0,0.0,0.0,0.05,0.5,0.1,1.0,1.0,0.05555555555555555,0.027777777777777776,0.08,1.0,0.08,1.0,1.0,0.05555555555555555,0.07125603864734299,0.06666666666666667,1.0,0.06666666666666667,1.0,1.0,0.05555555555555555,0.07125603864734299,0.05714285714285714,1.0,0.05714285714285714,1.0,1.0,0.05555555555555555,0.07125603864734299,0.05,1.0,0.05,1.0,1.0,0.05555555555555555,0.07125603864734299,0.044444444444444446,1.0,0.044444444444444446,1.0,1.0,0.05555555555555555,0.07125603864734299,0.04,1.0,0.04,1.0,1.0,0.05555555555555555,0.07125603864734299,webtable-la2m_default-v=7-distilroberta-dj_adpt~kalm_instruct_v2_5-dj_adpt,omnimatch_city_test,7
housing_noisy_2.pq::Borough,0.0,0.0,1.0,0.25,0.0,0.0,0.0,0.0,0.0,0.8,1.0,0.0,0.0,0.0,0.3,0.75,0.4,1.0,1.0,0.16666666666666666,0.17222222222222222,0.26666666666666666,1.0,0.26666666666666666,1.0,1.0,0.16666666666666666,0.2631313131313131,0.2,1.0,0.2,1.0,1.0,0.16666666666666666,0.2631313131313131,0.16,1.0,0.16,1.0,1.0,0.16666666666666666,0.2631313131313131,0.13333333333333333,1.0,0.13333333333333333,1.0,1.0,0.16666666666666666,0.2631313131313131,0.11428571428571428,1.0,0.11428571428571428,1.0,1.0,0.16666666666666666,0.2631313131313131,0.1,1.0,0.1,1.0,1.0,0.16666666666666666,0.2631313131313131,0.08888888888888889,1.0,0.08888888888888889,1.0,1.0,0.16666666666666666,0.2631313131313131,0.08,1.0,0.08,1.0,1.0,0.16666666666666666,0.2631313131313131,webtable-la2m_default-v=7-distilroberta-dj_adpt~kalm_instruct_v2_5-dj_adpt,omnimatch_city_test,7
housing_noisy_2.pq::Building ID,0.0,0.0,1.0,0.1111111111111111,0.0,0.0,0.0,0.0,0.0,1.0,0.5555555555555556,0.0,0.0,0.0,0.0,0.0,0.9,1.0,0.0,0.0,0.0,0.0,0.0,0.6,1.0,0.0,0.0,0.0,0.0,0.0,0.45,1.0,0.0,0.0,0.0,0.0,0.0,0.36,1.0,0.0,0.0,0.0,0.0,0.0,0.3,1.0,0.0,0.0,0.0,0.0,0.0,0.2571428571428571,1.0,0.0,0.0,0.0,0.0,0.0,0.225,1.0,0.0,0.0,0.0,0.0,0.0,0.2,1.0,0.0,0.0,0.0,0.0,0.0,0.18,1.0,0.0,0.0,0.0,webtable-la2m_default-v=7-distilroberta-dj_adpt~kalm_instruct_v2_5-dj_adpt,omnimatch_city_test,7
housing_noisy_2.pq::Number,1.0,0.16666666666666666,1.0,0.16666666666666666,1.0,1.0,0.16666666666666666,1.0,0.8333333333333334,1.0,0.8333333333333334,1.0,1.0,0.8333333333333334,0.5,0.8333333333333334,0.6,1.0,1.0,1.0,0.8333333333333334,0.3333333333333333,0.8333333333333334,0.4,1.0,1.0,1.0,0.8333333333333334,0.25,0.8333333333333334,0.3,1.0,1.0,1.0,0.8333333333333334,0.2,0.8333333333333334,0.24,1.0,1.0,1.0,0.8333333333333334,0.16666666666666666,0.8333333333333334,0.2,1.0,1.0,1.0,0.8333333333333334,0.14285714285714285,0.8333333333333334,0.17142857142857143,1.0,1.0,1.0,0.8333333333333334,0.125,0.8333333333333334,0.15,1.0,1.0,1.0,0.8333333333333334,0.1111111111111111,0.8333333333333334,0.13333333333333333,1.0,1.0,1.0,0.8333333333333334,0.1,0.8333333333333334,0.12,1.0,1.0,1.0,0.8333333333333334,webtable-la2m_default-v=7-distilroberta-dj_adpt~kalm_instruct_v2_5-dj_adpt,omnimatch_city_test,7
housing_noisy_2.pq::Project ID,1.0,0.16666666666666666,1.0,0.16666666666666666,1.0,1.0,0.16666666666666666,0.2,0.16666666666666666,1.0,0.8333333333333334,1.0,1.0,0.16666666666666666,0.1,0.16666666666666666,0.6,1.0,1.0,1.0,0.16666666666666666,0.06666666666666667,0.16666666666666666,0.4,1.0,1.0,1.0,0.16666666666666666,0.05,0.16666666666666666,0.3,1.0,1.0,1.0,0.16666666666666666,0.04,0.16666666666666666,0.24,1.0,1.0,1.0,0.16666666666666666,0.03333333333333333,0.16666666666666666,0.2,1.0,1.0,1.0,0.16666666666666666,0.02857142857142857,0.16666666666666666,0.17142857142857143,1.0,1.0,1.0,0.16666666666666666,0.025,0.16666666666666666,0.15,1.0,1.0,1.0,0.16666666666666666,0.022222222222222223,0.16666666666666666,0.13333333333333333,1.0,1.0,1.0,0.16666666666666666,0.04,0.3333333333333333,0.12,1.0,1.0,1.0,0.17391304347826086,webtable-la2m_default-v=7-distilroberta-dj_adpt~kalm_instruct_v2_5-dj_adpt,omnimatch_city_test,7
housing_noisy_2.pq::Project Name,1.0,0.25,1.0,0.25,1.0,1.0,0.25,0.2,0.25,0.8,1.0,1.0,1.0,0.25,0.4,1.0,0.4,1.0,1.0,1.0,0.5151785714285715,0.26666666666666666,1.0,0.26666666666666666,1.0,1.0,1.0,0.5151785714285715,0.2,1.0,0.2,1.0,1.0,1.0,0.5151785714285715,0.16,1.0,0.16,1.0,1.0,1.0,0.5151785714285715,0.13333333333333333,1.0,0.13333333333333333,1.0,1.0,1.0,0.5151785714285715,0.11428571428571428,1.0,0.11428571428571428,1.0,1.0,1.0,0.5151785714285715,0.1,1.0,0.1,1.0,1.0,1.0,0.5151785714285715,0.08888888888888889,1.0,0.08888888888888889,1.0,1.0,1.0,0.5151785714285715,0.08,1.0,0.08,1.0,1.0,1.0,0.5151785714285715,webtable-la2m_default-v=7-distilroberta-dj_adpt~kalm_instruct_v2_5-dj_adpt,omnimatch_city_test,7
housing_noisy_2.pq::Project Start Date,0.0,0.0,1.0,0.25,0.0,0.0,0.0,0.0,0.0,0.8,1.0,0.0,0.0,0.0,0.0,0.0,0.4,1.0,0.0,0.0,0.0,0.0,0.0,0.26666666666666666,1.0,0.0,0.0,0.0,0.05,0.25,0.2,1.0,1.0,0.05,0.0125,0.08,0.5,0.16,1.0,1.0,0.05,0.036309523809523805,0.1,0.75,0.13333333333333333,1.0,1.0,0.05,0.06408730158730158,0.08571428571428572,0.75,0.11428571428571428,1.0,1.0,0.05,0.06408730158730158,0.075,0.75,0.1,1.0,1.0,0.05,0.06408730158730158,0.08888888888888889,1.0,0.08888888888888889,1.0,1.0,0.05,0.08789682539682539,0.08,1.0,0.08,1.0,1.0,0.05,0.08789682539682539,webtable-la2m_default-v=7-distilroberta-dj_adpt~kalm_instruct_v2_5-dj_adpt,omnimatch_city_test,7
housing_noisy_2.pq::Street,0.0,0.0,1.0,0.25,0.0,0.0,0.0,0.4,0.5,0.8,1.0,1.0,0.25,0.1625,0.4,1.0,0.4,1.0,1.0,0.25,0.3875,0.26666666666666666,1.0,0.26666666666666666,1.0,1.0,0.25,0.3875,0.2,1.0,0.2,1.0,1.0,0.25,0.3875,0.16,1.0,0.16,1.0,1.0,0.25,0.3875,0.13333333333333333,1.0,0.13333333333333333,1.0,1.0,0.25,0.3875,0.11428571428571428,1.0,0.11428571428571428,1.0,1.0,0.25,0.3875,0.1,1.0,0.1,1.0,1.0,0.25,0.3875,0.08888888888888889,1.0,0.08888888888888889,1.0,1.0,0.25,0.3875,0.08,1.0,0.08,1.0,1.0,0.25,0.3875,webtable-la2m_default-v=7-distilroberta-dj_adpt~kalm_instruct_v2_5-dj_adpt,omnimatch_city_test,7
housing_noisy_3.pq::Building ID,0.0,0.0,1.0,0.25,0.0,0.0,0.0,0.0,0.0,0.8,1.0,0.0,0.0,0.0,0.0,0.0,0.4,1.0,0.0,0.0,0.0,0.06666666666666667,0.25,0.26666666666666666,1.0,1.0,0.07142857142857142,0.017857142857142856,0.15,0.75,0.2,1.0,1.0,0.07142857142857142,0.09077380952380952,0.12,0.75,0.16,1.0,1.0,0.07142857142857142,0.09077380952380952,0.1,0.75,0.13333333333333333,1.0,1.0,0.07142857142857142,0.09077380952380952,0.08571428571428572,0.75,0.11428571428571428,1.0,1.0,0.07142857142857142,0.09077380952380952,0.075,0.75,0.1,1.0,1.0,0.07142857142857142,0.09077380952380952,0.06666666666666667,0.75,0.08888888888888889,1.0,1.0,0.07142857142857142,0.09077380952380952,0.06,0.75,0.08,1.0,1.0,0.07142857142857142,0.09077380952380952,webtable-la2m_default-v=7-distilroberta-dj_adpt~kalm_instruct_v2_5-dj_adpt,omnimatch_city_test,7
housing_noisy_3.pq::Community Board,0.0,0.0,1.0,0.3333333333333333,0.0,0.0,0.0,0.0,0.0,0.6,1.0,0.0,0.0,0.0,0.0,0.0,0.3,1.0,0.0,0.0,0.0,0.0,0.0,0.2,1.0,0.0,0.0,0.0,0.0,0.0,0.15,1.0,0.0,0.0,0.0,0.0,0.0,0.12,1.0,0.0,0.0,0.0,0.0,0.0,0.1,1.0,0.0,0.0,0.0,0.0,0.0,0.08571428571428572,1.0,0.0,0.0,0.0,0.0,0.0,0.075,1.0,0.0,0.0,0.0,0.0,0.0,0.06666666666666667,1.0,0.0,0.0,0.0,0.0,0.0,0.06,1.0,0.0,0.0,0.0,webtable-la2m_default-v=7-distilroberta-dj_adpt~kalm_instruct_v2_5-dj_adpt,omnimatch_city_test,7
housing_noisy_3.pq::NTA - Neighborhood Tabulation Area,1.0,0.3333333333333333,1.0,0.3333333333333333,1.0,1.0,0.3333333333333333,0.4,0.6666666666666666,0.6,1.0,1.0,1.0,0.6666666666666666,0.2,0.6666666666666666,0.3,1.0,1.0,1.0,0.6666666666666666,0.13333333333333333,0.6666666666666666,0.2,1.0,1.0,1.0,0.6666666666666666,0.1,0.6666666666666666,0.15,1.0,1.0,1.0,0.6666666666666666,0.08,0.6666666666666666,0.12,1.0,1.0,1.0,0.6666666666666666,0.06666666666666667,0.6666666666666666,0.1,1.0,1.0,1.0,0.6666666666666666,0.05714285714285714,0.6666666666666666,0.08571428571428572,1.0,1.0,1.0,0.6666666666666666,0.05,0.6666666666666666,0.075,1.0,1.0,1.0,0.6666666666666666,0.044444444444444446,0.6666666666666666,0.06666666666666667,1.0,1.0,1.0,0.6666666666666666,0.04,0.6666666666666666,0.06,1.0,1.0,1.0,0.6666666666666666,webtable-la2m_default-v=7-distilroberta-dj_adpt~kalm_instruct_v2_5-dj_adpt,omnimatch_city_test,7
housing_noisy_3.pq::Number,0.0,0.0,1.0,0.5,0.0,0.0,0.0,0.0,0.0,0.4,1.0,0.0,0.0,0.0,0.0,0.0,0.2,1.0,0.0,0.0,0.0,0.0,0.0,0.13333333333333333,1.0,0.0,0.0,0.0,0.0,0.0,0.1,1.0,0.0,0.0,0.0,0.0,0.0,0.08,1.0,0.0,0.0,0.0,0.0,0.0,0.06666666666666667,1.0,0.0,0.0,0.0,0.0,0.0,0.05714285714285714,1.0,0.0,0.0,0.0,0.0,0.0,0.05,1.0,0.0,0.0,0.0,0.0,0.0,0.044444444444444446,1.0,0.0,0.0,0.0,0.0,0.0,0.04,1.0,0.0,0.0,0.0,webtable-la2m_default-v=7-distilroberta-dj_adpt~kalm_instruct_v2_5-dj_adpt,omnimatch_city_test,7
housing_noisy_3.pq::Postcode,0.0,0.0,1.0,0.3333333333333333,0.0,0.0,0.0,0.4,0.6666666666666666,0.6,1.0,1.0,0.3333333333333333,0.27777777777777773,0.2,0.6666666666666666,0.3,1.0,1.0,0.3333333333333333,0.27777777777777773,0.2,1.0,0.2,1.0,1.0,0.3333333333333333,0.3611111111111111,0.15,1.0,0.15,1.0,1.0,0.3333333333333333,0.3611111111111111,0.12,1.0,0.12,1.0,1.0,0.3333333333333333,0.3611111111111111,0.1,1.0,0.1,1.0,1.0,0.3333333333333333,0.3611111111111111,0.08571428571428572,1.0,0.08571428571428572,1.0,1.0,0.3333333333333333,0.3611111111111111,0.075,1.0,0.075,1.0,1.0,0.3333333333333333,0.3611111111111111,0.06666666666666667,1.0,0.06666666666666667,1.0,1.0,0.3333333333333333,0.3611111111111111,0.06,1.0,0.06,1.0,1.0,0.3333333333333333,0.3611111111111111,webtable-la2m_default-v=7-distilroberta-dj_adpt~kalm_instruct_v2_5-dj_adpt,omnimatch_city_test,7
housing_noisy_3.pq::Prevailing Wage Status,0.0,0.0,1.0,0.3333333333333333,0.0,0.0,0.0,0.2,0.3333333333333333,0.6,1.0,1.0,0.2,0.06666666666666667,0.3,1.0,0.3,1.0,1.0,0.2,0.28690476190476194,0.2,1.0,0.2,1.0,1.0,0.2,0.28690476190476194,0.15,1.0,0.15,1.0,1.0,0.2,0.28690476190476194,0.12,1.0,0.12,1.0,1.0,0.2,0.28690476190476194,0.1,1.0,0.1,1.0,1.0,0.2,0.28690476190476194,0.08571428571428572,1.0,0.08571428571428572,1.0,1.0,0.2,0.28690476190476194,0.075,1.0,0.075,1.0,1.0,0.2,0.28690476190476194,0.06666666666666667,1.0,0.06666666666666667,1.0,1.0,0.2,0.28690476190476194,0.06,1.0,0.06,1.0,1.0,0.2,0.28690476190476194,webtable-la2m_default-v=7-distilroberta-dj_adpt~kalm_instruct_v2_5-dj_adpt,omnimatch_city_test,7
housing_noisy_3.pq::Project ID,0.0,0.0,1.0,0.5,0.0,0.0,0.0,0.0,0.0,0.4,1.0,0.0,0.0,0.0,0.0,0.0,0.2,1.0,0.0,0.0,0.0,0.0,0.0,0.13333333333333333,1.0,0.0,0.0,0.0,0.0,0.0,0.1,1.0,0.0,0.0,0.0,0.0,0.0,0.08,1.0,0.0,0.0,0.0,0.0,0.0,0.06666666666666667,1.0,0.0,0.0,0.0,0.0,0.0,0.05714285714285714,1.0,0.0,0.0,0.0,0.0,0.0,0.05,1.0,0.0,0.0,0.0,0.0,0.0,0.044444444444444446,1.0,0.0,0.0,0.0,0.02,0.5,0.04,1.0,1.0,0.021739130434782608,0.010869565217391304,webtable-la2m_default-v=7-distilroberta-dj_adpt~kalm_instruct_v2_5-dj_adpt,omnimatch_city_test,7
housing_noisy_3.pq::Reporting Construction Type,0.0,0.0,1.0,0.3333333333333333,0.0,0.0,0.0,0.0,0.0,0.6,1.0,0.0,0.0,0.0,0.0,0.0,0.3,1.0,0.0,0.0,0.0,0.0,0.0,0.2,1.0,0.0,0.0,0.0,0.0,0.0,0.15,1.0,0.0,0.0,0.0,0.04,0.3333333333333333,0.12,1.0,1.0,0.047619047619047616,0.015873015873015872,0.03333333333333333,0.3333333333333333,0.1,1.0,1.0,0.047619047619047616,0.015873015873015872,0.02857142857142857,0.3333333333333333,0.08571428571428572,1.0,1.0,0.047619047619047616,0.015873015873015872,0.025,0.3333333333333333,0.075,1.0,1.0,0.047619047619047616,0.015873015873015872,0.044444444444444446,0.6666666666666666,0.06666666666666667,1.0,1.0,0.047619047619047616,0.03068783068783069,0.06,1.0,0.06,1.0,1.0,0.047619047619047616,0.052426961122613296,webtable-la2m_default-v=7-distilroberta-dj_adpt~kalm_instruct_v2_5-dj_adpt,omnimatch_city_test,7
housing_noisy_4.pq::Building ID,0.0,0.0,1.0,0.125,0.0,0.0,0.0,0.0,0.0,1.0,0.625,0.0,0.0,0.0,0.0,0.0,0.8,1.0,0.0,0.0,0.0,0.0,0.0,0.5333333333333333,1.0,0.0,0.0,0.0,0.0,0.0,0.4,1.0,0.0,0.0,0.0,0.0,0.0,0.32,1.0,0.0,0.0,0.0,0.0,0.0,0.26666666666666666,1.0,0.0,0.0,0.0,0.0,0.0,0.22857142857142856,1.0,0.0,0.0,0.0,0.0,0.0,0.2,1.0,0.0,0.0,0.0,0.0,0.0,0.17777777777777778,1.0,0.0,0.0,0.0,0.0,0.0,0.16,1.0,0.0,0.0,0.0,webtable-la2m_default-v=7-distilroberta-dj_adpt~kalm_instruct_v2_5-dj_adpt,omnimatch_city_test,7
housing_noisy_4.pq::Number,0.0,0.0,1.0,0.2,0.0,0.0,0.0,0.8,0.8,1.0,1.0,1.0,0.5,0.5433333333333333,0.4,0.8,0.5,1.0,1.0,0.5,0.5433333333333333,0.26666666666666666,0.8,0.3333333333333333,1.0,1.0,0.5,0.5433333333333333,0.2,0.8,0.25,1.0,1.0,0.5,0.5433333333333333,0.16,0.8,0.2,1.0,1.0,0.5,0.5433333333333333,0.13333333333333333,0.8,0.16666666666666666,1.0,1.0,0.5,0.5433333333333333,0.11428571428571428,0.8,0.14285714285714285,1.0,1.0,0.5,0.5433333333333333,0.1,0.8,0.125,1.0,1.0,0.5,0.5433333333333333,0.08888888888888889,0.8,0.1111111111111111,1.0,1.0,0.5,0.5433333333333333,0.08,0.8,0.1,1.0,1.0,0.5,0.5433333333333333,webtable-la2m_default-v=7-distilroberta-dj_adpt~kalm_instruct_v2_5-dj_adpt,omnimatch_city_test,7
housing_noisy_4.pq::Project ID,1.0,0.2,1.0,0.2,1.0,1.0,0.2,0.2,0.2,1.0,1.0,1.0,1.0,0.2,0.1,0.2,0.5,1.0,1.0,1.0,0.2,0.06666666666666667,0.2,0.3333333333333333,1.0,1.0,1.0,0.2,0.05,0.2,0.25,1.0,1.0,1.0,0.2,0.04,0.2,0.2,1.0,1.0,1.0,0.2,0.03333333333333333,0.2,0.16666666666666666,1.0,1.0,1.0,0.2,0.02857142857142857,0.2,0.14285714285714285,1.0,1.0,1.0,0.2,0.025,0.2,0.125,1.0,1.0,1.0,0.2,0.022222222222222223,0.2,0.1111111111111111,1.0,1.0,1.0,0.2,0.04,0.4,0.1,1.0,1.0,1.0,0.20869565217391303,webtable-la2m_default-v=7-distilroberta-dj_adpt~kalm_instruct_v2_5-dj_adpt,omnimatch_city_test,7
housing_noisy_4.pq::Project Name,1.0,0.3333333333333333,1.0,0.3333333333333333,1.0,1.0,0.3333333333333333,0.4,0.6666666666666666,0.6,1.0,1.0,1.0,0.5555555555555555,0.3,1.0,0.3,1.0,1.0,1.0,0.6666666666666666,0.2,1.0,0.2,1.0,1.0,1.0,0.6666666666666666,0.15,1.0,0.15,1.0,1.0,1.0,0.6666666666666666,0.12,1.0,0.12,1.0,1.0,1.0,0.6666666666666666,0.1,1.0,0.1,1.0,1.0,1.0,0.6666666666666666,0.08571428571428572,1.0,0.08571428571428572,1.0,1.0,1.0,0.6666666666666666,0.075,1.0,0.075,1.0,1.0,1.0,0.6666666666666666,0.06666666666666667,1.0,0.06666666666666667,1.0,1.0,1.0,0.6666666666666666,0.06,1.0,0.06,1.0,1.0,1.0,0.6666666666666666,webtable-la2m_default-v=7-distilroberta-dj_adpt~kalm_instruct_v2_5-dj_adpt,omnimatch_city_test,7
housing_noisy_4.pq::Project Start Date,0.0,0.0,1.0,0.3333333333333333,0.0,0.0,0.0,0.0,0.0,0.6,1.0,0.0,0.0,0.0,0.0,0.0,0.3,1.0,0.0,0.0,0.0,0.0,0.0,0.2,1.0,0.0,0.0,0.0,0.0,0.0,0.15,1.0,0.0,0.0,0.0,0.04,0.3333333333333333,0.12,1.0,1.0,0.045454545454545456,0.015151515151515152,0.06666666666666667,0.6666666666666666,0.1,1.0,1.0,0.045454545454545456,0.03814002089864159,0.05714285714285714,0.6666666666666666,0.08571428571428572,1.0,1.0,0.045454545454545456,0.03814002089864159,0.05,0.6666666666666666,0.075,1.0,1.0,0.045454545454545456,0.03814002089864159,0.06666666666666667,1.0,0.06666666666666667,1.0,1.0,0.045454545454545456,0.0625302648010806,0.06,1.0,0.06,1.0,1.0,0.045454545454545456,0.0625302648010806,webtable-la2m_default-v=7-distilroberta-dj_adpt~kalm_instruct_v2_5-dj_adpt,omnimatch_city_test,7
housing_noisy_4.pq::Street,0.0,0.0,1.0,0.3333333333333333,0.0,0.0,0.0,0.2,0.3333333333333333,0.6,1.0,1.0,0.2,0.06666666666666667,0.3,1.0,0.3,1.0,1.0,0.2,0.3206349206349206,0.2,1.0,0.2,1.0,1.0,0.2,0.3206349206349206,0.15,1.0,0.15,1.0,1.0,0.2,0.3206349206349206,0.12,1.0,0.12,1.0,1.0,0.2,0.3206349206349206,0.1,1.0,0.1,1.0,1.0,0.2,0.3206349206349206,0.08571428571428572,1.0,0.08571428571428572,1.0,1.0,0.2,0.3206349206349206,0.075,1.0,0.075,1.0,1.0,0.2,0.3206349206349206,0.06666666666666667,1.0,0.06666666666666667,1.0,1.0,0.2,0.3206349206349206,0.06,1.0,0.06,1.0,1.0,0.2,0.3206349206349206,webtable-la2m_default-v=7-distilroberta-dj_adpt~kalm_instruct_v2_5-dj_adpt,omnimatch_city_test,7
housing_noisy_5.pq::Borough,0.0,0.0,1.0,1.0,0.0,0.0,0.0,0.0,0.0,0.2,1.0,0.0,0.0,0.0,0.1,1.0,0.1,1.0,1.0,0.1111111111111111,0.1111111111111111,0.06666666666666667,1.0,0.06666666666666667,1.0,1.0,0.1111111111111111,0.1111111111111111,0.05,1.0,0.05,1.0,1.0,0.1111111111111111,0.1111111111111111,0.04,1.0,0.04,1.0,1.0,0.1111111111111111,0.1111111111111111,0.03333333333333333,1.0,0.03333333333333333,1.0,1.0,0.1111111111111111,0.1111111111111111,0.02857142857142857,1.0,0.02857142857142857,1.0,1.0,0.1111111111111111,0.1111111111111111,0.025,1.0,0.025,1.0,1.0,0.1111111111111111,0.1111111111111111,0.022222222222222223,1.0,0.022222222222222223,1.0,1.0,0.1111111111111111,0.1111111111111111,0.02,1.0,0.02,1.0,1.0,0.1111111111111111,0.1111111111111111,webtable-la2m_default-v=7-distilroberta-dj_adpt~kalm_instruct_v2_5-dj_adpt,omnimatch_city_test,7
housing_noisy_5.pq::Building ID,0.0,0.0,1.0,1.0,0.0,0.0,0.0,0.0,0.0,0.2,1.0,0.0,0.0,0.0,0.0,0.0,0.1,1.0,0.0,0.0,0.0,0.0,0.0,0.06666666666666667,1.0,0.0,0.0,0.0,0.0,0.0,0.05,1.0,0.0,0.0,0.0,0.0,0.0,0.04,1.0,0.0,0.0,0.0,0.0,0.0,0.03333333333333333,1.0,0.0,0.0,0.0,0.0,0.0,0.02857142857142857,1.0,0.0,0.0,0.0,0.0,0.0,0.025,1.0,0.0,0.0,0.0,0.0,0.0,0.022222222222222223,1.0,0.0,0.0,0.0,0.0,0.0,0.02,1.0,0.0,0.0,0.0,webtable-la2m_default-v=7-distilroberta-dj_adpt~kalm_instruct_v2_5-dj_adpt,omnimatch_city_test,7
housing_noisy_6.pq::Building ID,0.0,0.0,1.0,0.2,0.0,0.0,0.0,0.6,0.6,1.0,1.0,1.0,0.5,0.35333333333333333,0.4,0.8,0.5,1.0,1.0,0.5,0.48666666666666664,0.26666666666666666,0.8,0.3333333333333333,1.0,1.0,0.5,0.48666666666666664,0.2,0.8,0.25,1.0,1.0,0.5,0.48666666666666664,0.16,0.8,0.2,1.0,1.0,0.5,0.48666666666666664,0.13333333333333333,0.8,0.16666666666666666,1.0,1.0,0.5,0.48666666666666664,0.11428571428571428,0.8,0.14285714285714285,1.0,1.0,0.5,0.48666666666666664,0.1,0.8,0.125,1.0,1.0,0.5,0.48666666666666664,0.08888888888888889,0.8,0.1111111111111111,1.0,1.0,0.5,0.48666666666666664,0.08,0.8,0.1,1.0,1.0,0.5,0.48666666666666664,webtable-la2m_default-v=7-distilroberta-dj_adpt~kalm_instruct_v2_5-dj_adpt,omnimatch_city_test,7
housing_noisy_6.pq::Number,0.0,0.0,1.0,0.3333333333333333,0.0,0.0,0.0,0.0,0.0,0.6,1.0,0.0,0.0,0.0,0.0,0.0,0.3,1.0,0.0,0.0,0.0,0.0,0.0,0.2,1.0,0.0,0.0,0.0,0.0,0.0,0.15,1.0,0.0,0.0,0.0,0.0,0.0,0.12,1.0,0.0,0.0,0.0,0.0,0.0,0.1,1.0,0.0,0.0,0.0,0.0,0.0,0.08571428571428572,1.0,0.0,0.0,0.0,0.0,0.0,0.075,1.0,0.0,0.0,0.0,0.0,0.0,0.06666666666666667,1.0,0.0,0.0,0.0,0.0,0.0,0.06,1.0,0.0,0.0,0.0,webtable-la2m_default-v=7-distilroberta-dj_adpt~kalm_instruct_v2_5-dj_adpt,omnimatch_city_test,7
housing_noisy_6.pq::Project ID,0.0,0.0,1.0,0.3333333333333333,0.0,0.0,0.0,0.0,0.0,0.6,1.0,0.0,0.0,0.0,0.0,0.0,0.3,1.0,0.0,0.0,0.0,0.0,0.0,0.2,1.0,0.0,0.0,0.0,0.0,0.0,0.15,1.0,0.0,0.0,0.0,0.0,0.0,0.12,1.0,0.0,0.0,0.0,0.0,0.0,0.1,1.0,0.0,0.0,0.0,0.0,0.0,0.08571428571428572,1.0,0.0,0.0,0.0,0.0,0.0,0.075,1.0,0.0,0.0,0.0,0.0,0.0,0.06666666666666667,1.0,0.0,0.0,0.0,0.0,0.0,0.06,1.0,0.0,0.0,0.0,webtable-la2m_default-v=7-distilroberta-dj_adpt~kalm_instruct_v2_5-dj_adpt,omnimatch_city_test,7
housing_noisy_6.pq::Project Name,0.0,0.0,1.0,1.0,0.0,0.0,0.0,0.0,0.0,0.2,1.0,0.0,0.0,0.0,0.0,0.0,0.1,1.0,0.0,0.0,0.0,0.0,0.0,0.06666666666666667,1.0,0.0,0.0,0.0,0.05,1.0,0.05,1.0,1.0,0.05,0.05,0.04,1.0,0.04,1.0,1.0,0.05,0.05,0.03333333333333333,1.0,0.03333333333333333,1.0,1.0,0.05,0.05,0.02857142857142857,1.0,0.02857142857142857,1.0,1.0,0.05,0.05,0.025,1.0,0.025,1.0,1.0,0.05,0.05,0.022222222222222223,1.0,0.022222222222222223,1.0,1.0,0.05,0.05,0.02,1.0,0.02,1.0,1.0,0.05,0.05,webtable-la2m_default-v=7-distilroberta-dj_adpt~kalm_instruct_v2_5-dj_adpt,omnimatch_city_test,7
housing_noisy_6.pq::Project Start Date,0.0,0.0,1.0,1.0,0.0,0.0,0.0,0.0,0.0,0.2,1.0,0.0,0.0,0.0,0.0,0.0,0.1,1.0,0.0,0.0,0.0,0.0,0.0,0.06666666666666667,1.0,0.0,0.0,0.0,0.0,0.0,0.05,1.0,0.0,0.0,0.0,0.04,1.0,0.04,1.0,1.0,0.047619047619047616,0.047619047619047616,0.03333333333333333,1.0,0.03333333333333333,1.0,1.0,0.047619047619047616,0.047619047619047616,0.02857142857142857,1.0,0.02857142857142857,1.0,1.0,0.047619047619047616,0.047619047619047616,0.025,1.0,0.025,1.0,1.0,0.047619047619047616,0.047619047619047616,0.022222222222222223,1.0,0.022222222222222223,1.0,1.0,0.047619047619047616,0.047619047619047616,0.02,1.0,0.02,1.0,1.0,0.047619047619047616,0.047619047619047616,webtable-la2m_default-v=7-distilroberta-dj_adpt~kalm_instruct_v2_5-dj_adpt,omnimatch_city_test,7
housing_noisy_6.pq::Street,0.0,0.0,1.0,1.0,0.0,0.0,0.0,0.0,0.0,0.2,1.0,0.0,0.0,0.0,0.0,0.0,0.1,1.0,0.0,0.0,0.0,0.0,0.0,0.06666666666666667,1.0,0.0,0.0,0.0,0.05,1.0,0.05,1.0,1.0,0.0625,0.0625,0.04,1.0,0.04,1.0,1.0,0.0625,0.0625,0.03333333333333333,1.0,0.03333333333333333,1.0,1.0,0.0625,0.0625,0.02857142857142857,1.0,0.02857142857142857,1.0,1.0,0.0625,0.0625,0.025,1.0,0.025,1.0,1.0,0.0625,0.0625,0.022222222222222223,1.0,0.022222222222222223,1.0,1.0,0.0625,0.0625,0.02,1.0,0.02,1.0,1.0,0.0625,0.0625,webtable-la2m_default-v=7-distilroberta-dj_adpt~kalm_instruct_v2_5-dj_adpt,omnimatch_city_test,7
housing_noisy_7.pq::Borough,0.0,0.0,1.0,0.5,0.0,0.0,0.0,0.2,0.5,0.4,1.0,1.0,0.25,0.125,0.2,1.0,0.2,1.0,1.0,0.25,0.26785714285714285,0.13333333333333333,1.0,0.13333333333333333,1.0,1.0,0.25,0.26785714285714285,0.1,1.0,0.1,1.0,1.0,0.25,0.26785714285714285,0.08,1.0,0.08,1.0,1.0,0.25,0.26785714285714285,0.06666666666666667,1.0,0.06666666666666667,1.0,1.0,0.25,0.26785714285714285,0.05714285714285714,1.0,0.05714285714285714,1.0,1.0,0.25,0.26785714285714285,0.05,1.0,0.05,1.0,1.0,0.25,0.26785714285714285,0.044444444444444446,1.0,0.044444444444444446,1.0,1.0,0.25,0.26785714285714285,0.04,1.0,0.04,1.0,1.0,0.25,0.26785714285714285,webtable-la2m_default-v=7-distilroberta-dj_adpt~kalm_instruct_v2_5-dj_adpt,omnimatch_city_test,7
housing_noisy_7.pq::Building ID,0.0,0.0,1.0,0.5,0.0,0.0,0.0,0.0,0.0,0.4,1.0,0.0,0.0,0.0,0.2,1.0,0.2,1.0,1.0,0.16666666666666666,0.22619047619047616,0.13333333333333333,1.0,0.13333333333333333,1.0,1.0,0.16666666666666666,0.22619047619047616,0.1,1.0,0.1,1.0,1.0,0.16666666666666666,0.22619047619047616,0.08,1.0,0.08,1.0,1.0,0.16666666666666666,0.22619047619047616,0.06666666666666667,1.0,0.06666666666666667,1.0,1.0,0.16666666666666666,0.22619047619047616,0.05714285714285714,1.0,0.05714285714285714,1.0,1.0,0.16666666666666666,0.22619047619047616,0.05,1.0,0.05,1.0,1.0,0.16666666666666666,0.22619047619047616,0.044444444444444446,1.0,0.044444444444444446,1.0,1.0,0.16666666666666666,0.22619047619047616,0.04,1.0,0.04,1.0,1.0,0.16666666666666666,0.22619047619047616,webtable-la2m_default-v=7-distilroberta-dj_adpt~kalm_instruct_v2_5-dj_adpt,omnimatch_city_test,7
housing_noisy_7.pq::Community Board,0.0,0.0,1.0,1.0,0.0,0.0,0.0,0.0,0.0,0.2,1.0,0.0,0.0,0.0,0.0,0.0,0.1,1.0,0.0,0.0,0.0,0.0,0.0,0.06666666666666667,1.0,0.0,0.0,0.0,0.0,0.0,0.05,1.0,0.0,0.0,0.0,0.0,0.0,0.04,1.0,0.0,0.0,0.0,0.0,0.0,0.03333333333333333,1.0,0.0,0.0,0.0,0.0,0.0,0.02857142857142857,1.0,0.0,0.0,0.0,0.0,0.0,0.025,1.0,0.0,0.0,0.0,0.0,0.0,0.022222222222222223,1.0,0.0,0.0,0.0,0.0,0.0,0.02,1.0,0.0,0.0,0.0,webtable-la2m_default-v=7-distilroberta-dj_adpt~kalm_instruct_v2_5-dj_adpt,omnimatch_city_test,7
housing_noisy_7.pq::NTA - Neighborhood Tabulation Area,0.0,0.0,1.0,1.0,0.0,0.0,0.0,0.0,0.0,0.2,1.0,0.0,0.0,0.0,0.0,0.0,0.1,1.0,0.0,0.0,0.0,0.0,0.0,0.06666666666666667,1.0,0.0,0.0,0.0,0.0,0.0,0.05,1.0,0.0,0.0,0.0,0.0,0.0,0.04,1.0,0.0,0.0,0.0,0.0,0.0,0.03333333333333333,1.0,0.0,0.0,0.0,0.0,0.0,0.02857142857142857,1.0,0.0,0.0,0.0,0.0,0.0,0.025,1.0,0.0,0.0,0.0,0.0,0.0,0.022222222222222223,1.0,0.0,0.0,0.0,0.0,0.0,0.02,1.0,0.0,0.0,0.0,webtable-la2m_default-v=7-distilroberta-dj_adpt~kalm_instruct_v2_5-dj_adpt,omnimatch_city_test,7
housing_noisy_7.pq::Postcode,0.0,0.0,1.0,1.0,0.0,0.0,0.0,0.0,0.0,0.2,1.0,0.0,0.0,0.0,0.0,0.0,0.1,1.0,0.0,0.0,0.0,0.0,0.0,0.06666666666666667,1.0,0.0,0.0,0.0,0.0,0.0,0.05,1.0,0.0,0.0,0.0,0.0,0.0,0.04,1.0,0.0,0.0,0.0,0.0,0.0,0.03333333333333333,1.0,0.0,0.0,0.0,0.0,0.0,0.02857142857142857,1.0,0.0,0.0,0.0,0.0,0.0,0.025,1.0,0.0,0.0,0.0,0.0,0.0,0.022222222222222223,1.0,0.0,0.0,0.0,0.0,0.0,0.02,1.0,0.0,0.0,0.0,webtable-la2m_default-v=7-distilroberta-dj_adpt~kalm_instruct_v2_5-dj_adpt,omnimatch_city_test,7
housing_noisy_7.pq::Prevailing Wage Status,0.0,0.0,1.0,1.0,0.0,0.0,0.0,0.0,0.0,0.2,1.0,0.0,0.0,0.0,0.0,0.0,0.1,1.0,0.0,0.0,0.0,0.0,0.0,0.06666666666666667,1.0,0.0,0.0,0.0,0.0,0.0,0.05,1.0,0.0,0.0,0.0,0.0,0.0,0.04,1.0,0.0,0.0,0.0,0.0,0.0,0.03333333333333333,1.0,0.0,0.0,0.0,0.0,0.0,0.02857142857142857,1.0,0.0,0.0,0.0,0.0,0.0,0.025,1.0,0.0,0.0,0.0,0.0,0.0,0.022222222222222223,1.0,0.0,0.0,0.0,0.0,0.0,0.02,1.0,0.0,0.0,0.0,webtable-la2m_default-v=7-distilroberta-dj_adpt~kalm_instruct_v2_5-dj_adpt,omnimatch_city_test,7
housing_noisy_7.pq::Reporting Construction Type,1.0,1.0,1.0,1.0,1.0,1.0,1.0,0.2,1.0,0.2,1.0,1.0,1.0,1.0,0.1,1.0,0.1,1.0,1.0,1.0,1.0,0.06666666666666667,1.0,0.06666666666666667,1.0,1.0,1.0,1.0,0.05,1.0,0.05,1.0,1.0,1.0,1.0,0.04,1.0,0.04,1.0,1.0,1.0,1.0,0.03333333333333333,1.0,0.03333333333333333,1.0,1.0,1.0,1.0,0.02857142857142857,1.0,0.02857142857142857,1.0,1.0,1.0,1.0,0.025,1.0,0.025,1.0,1.0,1.0,1.0,0.022222222222222223,1.0,0.022222222222222223,1.0,1.0,1.0,1.0,0.02,1.0,0.02,1.0,1.0,1.0,1.0,webtable-la2m_default-v=7-distilroberta-dj_adpt~kalm_instruct_v2_5-dj_adpt,omnimatch_city_test,7
housing_noisy_8.pq::Building ID,0.0,0.0,1.0,0.14285714285714285,0.0,0.0,0.0,0.0,0.0,1.0,0.7142857142857143,0.0,0.0,0.0,0.0,0.0,0.7,1.0,0.0,0.0,0.0,0.0,0.0,0.4666666666666667,1.0,0.0,0.0,0.0,0.0,0.0,0.35,1.0,0.0,0.0,0.0,0.0,0.0,0.28,1.0,0.0,0.0,0.0,0.0,0.0,0.23333333333333334,1.0,0.0,0.0,0.0,0.0,0.0,0.2,1.0,0.0,0.0,0.0,0.0,0.0,0.175,1.0,0.0,0.0,0.0,0.0,0.0,0.15555555555555556,1.0,0.0,0.0,0.0,0.0,0.0,0.14,1.0,0.0,0.0,0.0,webtable-la2m_default-v=7-distilroberta-dj_adpt~kalm_instruct_v2_5-dj_adpt,omnimatch_city_test,7
housing_noisy_8.pq::Number,1.0,0.25,1.0,0.25,1.0,1.0,0.25,0.6,0.75,0.8,1.0,1.0,1.0,0.5666666666666667,0.4,1.0,0.4,1.0,1.0,1.0,0.7333333333333333,0.26666666666666666,1.0,0.26666666666666666,1.0,1.0,1.0,0.7333333333333333,0.2,1.0,0.2,1.0,1.0,1.0,0.7333333333333333,0.16,1.0,0.16,1.0,1.0,1.0,0.7333333333333333,0.13333333333333333,1.0,0.13333333333333333,1.0,1.0,1.0,0.7333333333333333,0.11428571428571428,1.0,0.11428571428571428,1.0,1.0,1.0,0.7333333333333333,0.1,1.0,0.1,1.0,1.0,1.0,0.7333333333333333,0.08888888888888889,1.0,0.08888888888888889,1.0,1.0,1.0,0.7333333333333333,0.08,1.0,0.08,1.0,1.0,1.0,0.7333333333333333,webtable-la2m_default-v=7-distilroberta-dj_adpt~kalm_instruct_v2_5-dj_adpt,omnimatch_city_test,7
housing_noisy_8.pq::Project ID,0.0,0.0,1.0,0.25,0.0,0.0,0.0,0.0,0.0,0.8,1.0,0.0,0.0,0.0,0.0,0.0,0.4,1.0,0.0,0.0,0.0,0.0,0.0,0.26666666666666666,1.0,0.0,0.0,0.0,0.0,0.0,0.2,1.0,0.0,0.0,0.0,0.0,0.0,0.16,1.0,0.0,0.0,0.0,0.03333333333333333,0.25,0.13333333333333333,1.0,1.0,0.03333333333333333,0.008333333333333333,0.05714285714285714,0.5,0.11428571428571428,1.0,1.0,0.03333333333333333,0.02261904761904762,0.075,0.75,0.1,1.0,1.0,0.03333333333333333,0.04235588972431077,0.08888888888888889,1.0,0.08888888888888889,1.0,1.0,0.03333333333333333,0.0650831624515835,0.08,1.0,0.08,1.0,1.0,0.03333333333333333,0.0650831624515835,webtable-la2m_default-v=7-distilroberta-dj_adpt~kalm_instruct_v2_5-dj_adpt,omnimatch_city_test,7
housing_noisy_8.pq::Project Name,0.0,0.0,1.0,0.5,0.0,0.0,0.0,0.0,0.0,0.4,1.0,0.0,0.0,0.0,0.0,0.0,0.2,1.0,0.0,0.0,0.0,0.06666666666666667,0.5,0.13333333333333333,1.0,1.0,0.07692307692307693,0.038461538461538464,0.1,1.0,0.1,1.0,1.0,0.07692307692307693,0.09109311740890688,0.08,1.0,0.08,1.0,1.0,0.07692307692307693,0.09109311740890688,0.06666666666666667,1.0,0.06666666666666667,1.0,1.0,0.07692307692307693,0.09109311740890688,0.05714285714285714,1.0,0.05714285714285714,1.0,1.0,0.07692307692307693,0.09109311740890688,0.05,1.0,0.05,1.0,1.0,0.07692307692307693,0.09109311740890688,0.044444444444444446,1.0,0.044444444444444446,1.0,1.0,0.07692307692307693,0.09109311740890688,0.04,1.0,0.04,1.0,1.0,0.07692307692307693,0.09109311740890688,webtable-la2m_default-v=7-distilroberta-dj_adpt~kalm_instruct_v2_5-dj_adpt,omnimatch_city_test,7
housing_noisy_8.pq::Project Start Date,0.0,0.0,1.0,0.5,0.0,0.0,0.0,0.0,0.0,0.4,1.0,0.0,0.0,0.0,0.0,0.0,0.2,1.0,0.0,0.0,0.0,0.0,0.0,0.13333333333333333,1.0,0.0,0.0,0.0,0.0,0.0,0.1,1.0,0.0,0.0,0.0,0.04,0.5,0.08,1.0,1.0,0.045454545454545456,0.022727272727272728,0.06666666666666667,1.0,0.06666666666666667,1.0,1.0,0.045454545454545456,0.05606060606060606,0.05714285714285714,1.0,0.05714285714285714,1.0,1.0,0.045454545454545456,0.05606060606060606,0.05,1.0,0.05,1.0,1.0,0.045454545454545456,0.05606060606060606,0.044444444444444446,1.0,0.044444444444444446,1.0,1.0,0.045454545454545456,0.05606060606060606,0.04,1.0,0.04,1.0,1.0,0.045454545454545456,0.05606060606060606,webtable-la2m_default-v=7-distilroberta-dj_adpt~kalm_instruct_v2_5-dj_adpt,omnimatch_city_test,7
housing_noisy_8.pq::Street,0.0,0.0,1.0,0.5,0.0,0.0,0.0,0.0,0.0,0.4,1.0,0.0,0.0,0.0,0.2,1.0,0.2,1.0,1.0,0.16666666666666666,0.22619047619047616,0.13333333333333333,1.0,0.13333333333333333,1.0,1.0,0.16666666666666666,0.22619047619047616,0.1,1.0,0.1,1.0,1.0,0.16666666666666666,0.22619047619047616,0.08,1.0,0.08,1.0,1.0,0.16666666666666666,0.22619047619047616,0.06666666666666667,1.0,0.06666666666666667,1.0,1.0,0.16666666666666666,0.22619047619047616,0.05714285714285714,1.0,0.05714285714285714,1.0,1.0,0.16666666666666666,0.22619047619047616,0.05,1.0,0.05,1.0,1.0,0.16666666666666666,0.22619047619047616,0.044444444444444446,1.0,0.044444444444444446,1.0,1.0,0.16666666666666666,0.22619047619047616,0.04,1.0,0.04,1.0,1.0,0.16666666666666666,0.22619047619047616,webtable-la2m_default-v=7-distilroberta-dj_adpt~kalm_instruct_v2_5-dj_adpt,omnimatch_city_test,7
housing_noisy_9.pq::Borough,0.0,0.0,1.0,0.3333333333333333,0.0,0.0,0.0,0.0,0.0,0.6,1.0,0.0,0.0,0.0,0.2,0.6666666666666666,0.3,1.0,1.0,0.16666666666666666,0.12222222222222223,0.2,1.0,0.2,1.0,1.0,0.16666666666666666,0.21313131313131314,0.15,1.0,0.15,1.0,1.0,0.16666666666666666,0.21313131313131314,0.12,1.0,0.12,1.0,1.0,0.16666666666666666,0.21313131313131314,0.1,1.0,0.1,1.0,1.0,0.16666666666666666,0.21313131313131314,0.08571428571428572,1.0,0.08571428571428572,1.0,1.0,0.16666666666666666,0.21313131313131314,0.075,1.0,0.075,1.0,1.0,0.16666666666666666,0.21313131313131314,0.06666666666666667,1.0,0.06666666666666667,1.0,1.0,0.16666666666666666,0.21313131313131314,0.06,1.0,0.06,1.0,1.0,0.16666666666666666,0.21313131313131314,webtable-la2m_default-v=7-distilroberta-dj_adpt~kalm_instruct_v2_5-dj_adpt,omnimatch_city_test,7
housing_noisy_9.pq::Building ID,0.0,0.0,1.0,0.16666666666666666,0.0,0.0,0.0,0.0,0.0,1.0,0.8333333333333334,0.0,0.0,0.0,0.0,0.0,0.6,1.0,0.0,0.0,0.0,0.0,0.0,0.4,1.0,0.0,0.0,0.0,0.0,0.0,0.3,1.0,0.0,0.0,0.0,0.0,0.0,0.24,1.0,0.0,0.0,0.0,0.0,0.0,0.2,1.0,0.0,0.0,0.0,0.0,0.0,0.17142857142857143,1.0,0.0,0.0,0.0,0.0,0.0,0.15,1.0,0.0,0.0,0.0,0.0,0.0,0.13333333333333333,1.0,0.0,0.0,0.0,0.0,0.0,0.12,1.0,0.0,0.0,0.0,webtable-la2m_default-v=7-distilroberta-dj_adpt~kalm_instruct_v2_5-dj_adpt,omnimatch_city_test,7
housing_noisy_9.pq::Community Board,1.0,0.25,1.0,0.25,1.0,1.0,0.25,0.6,0.75,0.8,1.0,1.0,1.0,0.75,0.3,0.75,0.4,1.0,1.0,1.0,0.75,0.2,0.75,0.26666666666666666,1.0,1.0,1.0,0.75,0.15,0.75,0.2,1.0,1.0,1.0,0.75,0.12,0.75,0.16,1.0,1.0,1.0,0.75,0.1,0.75,0.13333333333333333,1.0,1.0,1.0,0.75,0.08571428571428572,0.75,0.11428571428571428,1.0,1.0,1.0,0.75,0.075,0.75,0.1,1.0,1.0,1.0,0.75,0.06666666666666667,0.75,0.08888888888888889,1.0,1.0,1.0,0.75,0.06,0.75,0.08,1.0,1.0,1.0,0.75,webtable-la2m_default-v=7-distilroberta-dj_adpt~kalm_instruct_v2_5-dj_adpt,omnimatch_city_test,7
housing_noisy_9.pq::NTA - Neighborhood Tabulation Area,1.0,0.25,1.0,0.25,1.0,1.0,0.25,0.2,0.25,0.8,1.0,1.0,1.0,0.25,0.1,0.25,0.4,1.0,1.0,1.0,0.25,0.06666666666666667,0.25,0.26666666666666666,1.0,1.0,1.0,0.25,0.05,0.25,0.2,1.0,1.0,1.0,0.25,0.04,0.25,0.16,1.0,1.0,1.0,0.25,0.03333333333333333,0.25,0.13333333333333333,1.0,1.0,1.0,0.25,0.02857142857142857,0.25,0.11428571428571428,1.0,1.0,1.0,0.25,0.025,0.25,0.1,1.0,1.0,1.0,0.25,0.044444444444444446,0.5,0.08888888888888889,1.0,1.0,1.0,0.26136363636363635,0.06,0.75,0.08,1.0,1.0,1.0,0.2776679841897233,webtable-la2m_default-v=7-distilroberta-dj_adpt~kalm_instruct_v2_5-dj_adpt,omnimatch_city_test,7
housing_noisy_9.pq::Postcode,1.0,0.25,1.0,0.25,1.0,1.0,0.25,0.6,0.75,0.8,1.0,1.0,1.0,0.75,0.3,0.75,0.4,1.0,1.0,1.0,0.75,0.2,0.75,0.26666666666666666,1.0,1.0,1.0,0.75,0.2,1.0,0.2,1.0,1.0,1.0,0.8026315789473684,0.16,1.0,0.16,1.0,1.0,1.0,0.8026315789473684,0.13333333333333333,1.0,0.13333333333333333,1.0,1.0,1.0,0.8026315789473684,0.11428571428571428,1.0,0.11428571428571428,1.0,1.0,1.0,0.8026315789473684,0.1,1.0,0.1,1.0,1.0,1.0,0.8026315789473684,0.08888888888888889,1.0,0.08888888888888889,1.0,1.0,1.0,0.8026315789473684,0.08,1.0,0.08,1.0,1.0,1.0,0.8026315789473684,webtable-la2m_default-v=7-distilroberta-dj_adpt~kalm_instruct_v2_5-dj_adpt,omnimatch_city_test,7
housing_noisy_9.pq::Prevailing Wage Status,0.0,0.0,1.0,0.25,0.0,0.0,0.0,0.2,0.25,0.8,1.0,1.0,0.2,0.05,0.4,1.0,0.4,1.0,1.0,0.2,0.36547619047619045,0.26666666666666666,1.0,0.26666666666666666,1.0,1.0,0.2,0.36547619047619045,0.2,1.0,0.2,1.0,1.0,0.2,0.36547619047619045,0.16,1.0,0.16,1.0,1.0,0.2,0.36547619047619045,0.13333333333333333,1.0,0.13333333333333333,1.0,1.0,0.2,0.36547619047619045,0.11428571428571428,1.0,0.11428571428571428,1.0,1.0,0.2,0.36547619047619045,0.1,1.0,0.1,1.0,1.0,0.2,0.36547619047619045,0.08888888888888889,1.0,0.08888888888888889,1.0,1.0,0.2,0.36547619047619045,0.08,1.0,0.08,1.0,1.0,0.2,0.36547619047619045,webtable-la2m_default-v=7-distilroberta-dj_adpt~kalm_instruct_v2_5-dj_adpt,omnimatch_city_test,7
housing_noisy_9.pq::Reporting Construction Type,0.0,0.0,1.0,0.25,0.0,0.0,0.0,0.0,0.0,0.8,1.0,0.0,0.0,0.0,0.0,0.0,0.4,1.0,0.0,0.0,0.0,0.0,0.0,0.26666666666666666,1.0,0.0,0.0,0.0,0.0,0.0,0.2,1.0,0.0,0.0,0.0,0.04,0.25,0.16,1.0,1.0,0.045454545454545456,0.011363636363636364,0.03333333333333333,0.25,0.13333333333333333,1.0,1.0,0.045454545454545456,0.011363636363636364,0.02857142857142857,0.25,0.11428571428571428,1.0,1.0,0.045454545454545456,0.011363636363636364,0.025,0.25,0.1,1.0,1.0,0.045454545454545456,0.011363636363636364,0.022222222222222223,0.25,0.08888888888888889,1.0,1.0,0.045454545454545456,0.011363636363636364,0.08,1.0,0.08,1.0,1.0,0.045454545454545456,0.05902398172287164,webtable-la2m_default-v=7-distilroberta-dj_adpt~kalm_instruct_v2_5-dj_adpt,omnimatch_city_test,7
recent_contract_awards_noisy_0.pq::AgencyName,0.0,0.0,1.0,0.3333333333333333,0.0,0.0,0.0,0.0,0.0,0.6,1.0,0.0,0.0,0.0,0.0,0.0,0.3,1.0,0.0,0.0,0.0,0.0,0.0,0.2,1.0,0.0,0.0,0.0,0.0,0.0,0.15,1.0,0.0,0.0,0.0,0.0,0.0,0.12,1.0,0.0,0.0,0.0,0.0,0.0,0.1,1.0,0.0,0.0,0.0,0.0,0.0,0.08571428571428572,1.0,0.0,0.0,0.0,0.0,0.0,0.075,1.0,0.0,0.0,0.0,0.0,0.0,0.06666666666666667,1.0,0.0,0.0,0.0,0.0,0.0,0.06,1.0,0.0,0.0,0.0,webtable-la2m_default-v=7-distilroberta-dj_adpt~kalm_instruct_v2_5-dj_adpt,omnimatch_city_test,7
recent_contract_awards_noisy_0.pq::CategoryDescription,0.0,0.0,1.0,0.3333333333333333,0.0,0.0,0.0,0.0,0.0,0.6,1.0,0.0,0.0,0.0,0.0,0.0,0.3,1.0,0.0,0.0,0.0,0.0,0.0,0.2,1.0,0.0,0.0,0.0,0.0,0.0,0.15,1.0,0.0,0.0,0.0,0.12,1.0,0.12,1.0,1.0,0.045454545454545456,0.08580368906455864,0.1,1.0,0.1,1.0,1.0,0.045454545454545456,0.08580368906455864,0.08571428571428572,1.0,0.08571428571428572,1.0,1.0,0.045454545454545456,0.08580368906455864,0.075,1.0,0.075,1.0,1.0,0.045454545454545456,0.08580368906455864,0.06666666666666667,1.0,0.06666666666666667,1.0,1.0,0.045454545454545456,0.08580368906455864,0.06,1.0,0.06,1.0,1.0,0.045454545454545456,0.08580368906455864,webtable-la2m_default-v=7-distilroberta-dj_adpt~kalm_instruct_v2_5-dj_adpt,omnimatch_city_test,7
recent_contract_awards_noisy_0.pq::EndDate,0.0,0.0,1.0,0.3333333333333333,0.0,0.0,0.0,0.0,0.0,0.6,1.0,0.0,0.0,0.0,0.0,0.0,0.3,1.0,0.0,0.0,0.0,0.0,0.0,0.2,1.0,0.0,0.0,0.0,0.0,0.0,0.15,1.0,0.0,0.0,0.0,0.0,0.0,0.12,1.0,0.0,0.0,0.0,0.0,0.0,0.1,1.0,0.0,0.0,0.0,0.0,0.0,0.08571428571428572,1.0,0.0,0.0,0.0,0.0,0.0,0.075,1.0,0.0,0.0,0.0,0.0,0.0,0.06666666666666667,1.0,0.0,0.0,0.0,0.0,0.0,0.06,1.0,0.0,0.0,0.0,webtable-la2m_default-v=7-distilroberta-dj_adpt~kalm_instruct_v2_5-dj_adpt,omnimatch_city_test,7
recent_contract_awards_noisy_0.pq::RequestID,1.0,0.125,1.0,0.125,1.0,1.0,0.125,1.0,0.625,1.0,0.625,1.0,1.0,0.625,0.8,1.0,0.8,1.0,1.0,1.0,1.0,0.5333333333333333,1.0,0.5333333333333333,1.0,1.0,1.0,1.0,0.4,1.0,0.4,1.0,1.0,1.0,1.0,0.32,1.0,0.32,1.0,1.0,1.0,1.0,0.26666666666666666,1.0,0.26666666666666666,1.0,1.0,1.0,1.0,0.22857142857142856,1.0,0.22857142857142856,1.0,1.0,1.0,1.0,0.2,1.0,0.2,1.0,1.0,1.0,1.0,0.17777777777777778,1.0,0.17777777777777778,1.0,1.0,1.0,1.0,0.16,1.0,0.16,1.0,1.0,1.0,1.0,webtable-la2m_default-v=7-distilroberta-dj_adpt~kalm_instruct_v2_5-dj_adpt,omnimatch_city_test,7
recent_contract_awards_noisy_0.pq::StartDate,0.0,0.0,1.0,0.3333333333333333,0.0,0.0,0.0,0.0,0.0,0.6,1.0,0.0,0.0,0.0,0.0,0.0,0.3,1.0,0.0,0.0,0.0,0.0,0.0,0.2,1.0,0.0,0.0,0.0,0.0,0.0,0.15,1.0,0.0,0.0,0.0,0.0,0.0,0.12,1.0,0.0,0.0,0.0,0.03333333333333333,0.3333333333333333,0.1,1.0,1.0,0.03333333333333333,0.011111111111111112,0.08571428571428572,1.0,0.08571428571428572,1.0,1.0,0.03333333333333333,0.062247474747474746,0.075,1.0,0.075,1.0,1.0,0.03333333333333333,0.062247474747474746,0.06666666666666667,1.0,0.06666666666666667,1.0,1.0,0.03333333333333333,0.062247474747474746,0.06,1.0,0.06,1.0,1.0,0.03333333333333333,0.062247474747474746,webtable-la2m_default-v=7-distilroberta-dj_adpt~kalm_instruct_v2_5-dj_adpt,omnimatch_city_test,7
recent_contract_awards_noisy_0.pq::TypeOfNoticeDescription,0.0,0.0,1.0,0.3333333333333333,0.0,0.0,0.0,0.0,0.0,0.6,1.0,0.0,0.0,0.0,0.0,0.0,0.3,1.0,0.0,0.0,0.0,0.0,0.0,0.2,1.0,0.0,0.0,0.0,0.0,0.0,0.15,1.0,0.0,0.0,0.0,0.0,0.0,0.12,1.0,0.0,0.0,0.0,0.0,0.0,0.1,1.0,0.0,0.0,0.0,0.0,0.0,0.08571428571428572,1.0,0.0,0.0,0.0,0.0,0.0,0.075,1.0,0.0,0.0,0.0,0.0,0.0,0.06666666666666667,1.0,0.0,0.0,0.0,0.0,0.0,0.06,1.0,0.0,0.0,0.0,webtable-la2m_default-v=7-distilroberta-dj_adpt~kalm_instruct_v2_5-dj_adpt,omnimatch_city_test,7
recent_contract_awards_noisy_1.pq::PIN,0.0,0.0,1.0,0.3333333333333333,0.0,0.0,0.0,0.0,0.0,0.6,1.0,0.0,0.0,0.0,0.0,0.0,0.3,1.0,0.0,0.0,0.0,0.0,0.0,0.2,1.0,0.0,0.0,0.0,0.0,0.0,0.15,1.0,0.0,0.0,0.0,0.0,0.0,0.12,1.0,0.0,0.0,0.0,0.0,0.0,0.1,1.0,0.0,0.0,0.0,0.0,0.0,0.08571428571428572,1.0,0.0,0.0,0.0,0.0,0.0,0.075,1.0,0.0,0.0,0.0,0.0,0.0,0.06666666666666667,1.0,0.0,0.0,0.0,0.06,1.0,0.06,1.0,1.0,0.021739130434782608,0.04183893724002089,webtable-la2m_default-v=7-distilroberta-dj_adpt~kalm_instruct_v2_5-dj_adpt,omnimatch_city_test,7
recent_contract_awards_noisy_1.pq::RequestID,0.0,0.0,1.0,0.3333333333333333,0.0,0.0,0.0,0.0,0.0,0.6,1.0,0.0,0.0,0.0,0.0,0.0,0.3,1.0,0.0,0.0,0.0,0.0,0.0,0.2,1.0,0.0,0.0,0.0,0.0,0.0,0.15,1.0,0.0,0.0,0.0,0.0,0.0,0.12,1.0,0.0,0.0,0.0,0.0,0.0,0.1,1.0,0.0,0.0,0.0,0.0,0.0,0.08571428571428572,1.0,0.0,0.0,0.0,0.0,0.0,0.075,1.0,0.0,0.0,0.0,0.0,0.0,0.06666666666666667,1.0,0.0,0.0,0.0,0.0,0.0,0.06,1.0,0.0,0.0,0.0,webtable-la2m_default-v=7-distilroberta-dj_adpt~kalm_instruct_v2_5-dj_adpt,omnimatch_city_test,7
recent_contract_awards_noisy_1.pq::SectionName,0.0,0.0,1.0,0.5,0.0,0.0,0.0,0.0,0.0,0.4,1.0,0.0,0.0,0.0,0.0,0.0,0.2,1.0,0.0,0.0,0.0,0.0,0.0,0.13333333333333333,1.0,0.0,0.0,0.0,0.0,0.0,0.1,1.0,0.0,0.0,0.0,0.0,0.0,0.08,1.0,0.0,0.0,0.0,0.0,0.0,0.06666666666666667,1.0,0.0,0.0,0.0,0.0,0.0,0.05714285714285714,1.0,0.0,0.0,0.0,0.0,0.0,0.05,1.0,0.0,0.0,0.0,0.0,0.0,0.044444444444444446,1.0,0.0,0.0,0.0,0.0,0.0,0.04,1.0,0.0,0.0,0.0,webtable-la2m_default-v=7-distilroberta-dj_adpt~kalm_instruct_v2_5-dj_adpt,omnimatch_city_test,7
recent_contract_awards_noisy_1.pq::SelectionMethodDescription,0.0,0.0,1.0,0.5,0.0,0.0,0.0,0.0,0.0,0.4,1.0,0.0,0.0,0.0,0.0,0.0,0.2,1.0,0.0,0.0,0.0,0.0,0.0,0.13333333333333333,1.0,0.0,0.0,0.0,0.0,0.0,0.1,1.0,0.0,0.0,0.0,0.0,0.0,0.08,1.0,0.0,0.0,0.0,0.0,0.0,0.06666666666666667,1.0,0.0,0.0,0.0,0.0,0.0,0.05714285714285714,1.0,0.0,0.0,0.0,0.0,0.0,0.05,1.0,0.0,0.0,0.0,0.0,0.0,0.044444444444444446,1.0,0.0,0.0,0.0,0.0,0.0,0.04,1.0,0.0,0.0,0.0,webtable-la2m_default-v=7-distilroberta-dj_adpt~kalm_instruct_v2_5-dj_adpt,omnimatch_city_test,7
recent_contract_awards_noisy_1.pq::ShortTitle,0.0,0.0,1.0,0.5,0.0,0.0,0.0,0.4,1.0,0.4,1.0,1.0,0.5,0.5833333333333333,0.2,1.0,0.2,1.0,1.0,0.5,0.5833333333333333,0.13333333333333333,1.0,0.13333333333333333,1.0,1.0,0.5,0.5833333333333333,0.1,1.0,0.1,1.0,1.0,0.5,0.5833333333333333,0.08,1.0,0.08,1.0,1.0,0.5,0.5833333333333333,0.06666666666666667,1.0,0.06666666666666667,1.0,1.0,0.5,0.5833333333333333,0.05714285714285714,1.0,0.05714285714285714,1.0,1.0,0.5,0.5833333333333333,0.05,1.0,0.05,1.0,1.0,0.5,0.5833333333333333,0.044444444444444446,1.0,0.044444444444444446,1.0,1.0,0.5,0.5833333333333333,0.04,1.0,0.04,1.0,1.0,0.5,0.5833333333333333,webtable-la2m_default-v=7-distilroberta-dj_adpt~kalm_instruct_v2_5-dj_adpt,omnimatch_city_test,7
recent_contract_awards_noisy_1.pq::VendorAddress,1.0,0.5,1.0,0.5,1.0,1.0,0.5,0.4,1.0,0.4,1.0,1.0,1.0,1.0,0.2,1.0,0.2,1.0,1.0,1.0,1.0,0.13333333333333333,1.0,0.13333333333333333,1.0,1.0,1.0,1.0,0.1,1.0,0.1,1.0,1.0,1.0,1.0,0.08,1.0,0.08,1.0,1.0,1.0,1.0,0.06666666666666667,1.0,0.06666666666666667,1.0,1.0,1.0,1.0,0.05714285714285714,1.0,0.05714285714285714,1.0,1.0,1.0,1.0,0.05,1.0,0.05,1.0,1.0,1.0,1.0,0.044444444444444446,1.0,0.044444444444444446,1.0,1.0,1.0,1.0,0.04,1.0,0.04,1.0,1.0,1.0,1.0,webtable-la2m_default-v=7-distilroberta-dj_adpt~kalm_instruct_v2_5-dj_adpt,omnimatch_city_test,7
recent_contract_awards_noisy_1.pq::VendorName,0.0,0.0,1.0,0.5,0.0,0.0,0.0,0.0,0.0,0.4,1.0,0.0,0.0,0.0,0.0,0.0,0.2,1.0,0.0,0.0,0.0,0.0,0.0,0.13333333333333333,1.0,0.0,0.0,0.0,0.0,0.0,0.1,1.0,0.0,0.0,0.0,0.0,0.0,0.08,1.0,0.0,0.0,0.0,0.0,0.0,0.06666666666666667,1.0,0.0,0.0,0.0,0.0,0.0,0.05714285714285714,1.0,0.0,0.0,0.0,0.0,0.0,0.05,1.0,0.0,0.0,0.0,0.0,0.0,0.044444444444444446,1.0,0.0,0.0,0.0,0.0,0.0,0.04,1.0,0.0,0.0,0.0,webtable-la2m_default-v=7-distilroberta-dj_adpt~kalm_instruct_v2_5-dj_adpt,omnimatch_city_test,7
recent_contract_awards_noisy_2.pq::AgencyName,0.0,0.0,1.0,0.5,0.0,0.0,0.0,0.0,0.0,0.4,1.0,0.0,0.0,0.0,0.0,0.0,0.2,1.0,0.0,0.0,0.0,0.0,0.0,0.13333333333333333,1.0,0.0,0.0,0.0,0.0,0.0,0.1,1.0,0.0,0.0,0.0,0.0,0.0,0.08,1.0,0.0,0.0,0.0,0.0,0.0,0.06666666666666667,1.0,0.0,0.0,0.0,0.05714285714285714,1.0,0.05714285714285714,1.0,1.0,0.03225806451612903,0.047379032258064516,0.05,1.0,0.05,1.0,1.0,0.03225806451612903,0.047379032258064516,0.044444444444444446,1.0,0.044444444444444446,1.0,1.0,0.03225806451612903,0.047379032258064516,0.04,1.0,0.04,1.0,1.0,0.03225806451612903,0.047379032258064516,webtable-la2m_default-v=7-distilroberta-dj_adpt~kalm_instruct_v2_5-dj_adpt,omnimatch_city_test,7
recent_contract_awards_noisy_2.pq::CategoryDescription,0.0,0.0,1.0,0.5,0.0,0.0,0.0,0.0,0.0,0.4,1.0,0.0,0.0,0.0,0.0,0.0,0.2,1.0,0.0,0.0,0.0,0.0,0.0,0.13333333333333333,1.0,0.0,0.0,0.0,0.05,0.5,0.1,1.0,1.0,0.05,0.025,0.08,1.0,0.08,1.0,1.0,0.05,0.07045454545454546,0.06666666666666667,1.0,0.06666666666666667,1.0,1.0,0.05,0.07045454545454546,0.05714285714285714,1.0,0.05714285714285714,1.0,1.0,0.05,0.07045454545454546,0.05,1.0,0.05,1.0,1.0,0.05,0.07045454545454546,0.044444444444444446,1.0,0.044444444444444446,1.0,1.0,0.05,0.07045454545454546,0.04,1.0,0.04,1.0,1.0,0.05,0.07045454545454546,webtable-la2m_default-v=7-distilroberta-dj_adpt~kalm_instruct_v2_5-dj_adpt,omnimatch_city_test,7
recent_contract_awards_noisy_2.pq::EndDate,0.0,0.0,1.0,0.5,0.0,0.0,0.0,0.0,0.0,0.4,1.0,0.0,0.0,0.0,0.0,0.0,0.2,1.0,0.0,0.0,0.0,0.0,0.0,0.13333333333333333,1.0,0.0,0.0,0.0,0.0,0.0,0.1,1.0,0.0,0.0,0.0,0.0,0.0,0.08,1.0,0.0,0.0,0.0,0.03333333333333333,0.5,0.06666666666666667,1.0,1.0,0.03333333333333333,0.016666666666666666,0.05714285714285714,1.0,0.05714285714285714,1.0,1.0,0.03333333333333333,0.04791666666666666,0.05,1.0,0.05,1.0,1.0,0.03333333333333333,0.04791666666666666,0.044444444444444446,1.0,0.044444444444444446,1.0,1.0,0.03333333333333333,0.04791666666666666,0.04,1.0,0.04,1.0,1.0,0.03333333333333333,0.04791666666666666,webtable-la2m_default-v=7-distilroberta-dj_adpt~kalm_instruct_v2_5-dj_adpt,omnimatch_city_test,7
recent_contract_awards_noisy_2.pq::RequestID,0.0,0.0,1.0,0.14285714285714285,0.0,0.0,0.0,0.0,0.0,1.0,0.7142857142857143,0.0,0.0,0.0,0.0,0.0,0.7,1.0,0.0,0.0,0.0,0.0,0.0,0.4666666666666667,1.0,0.0,0.0,0.0,0.0,0.0,0.35,1.0,0.0,0.0,0.0,0.0,0.0,0.28,1.0,0.0,0.0,0.0,0.0,0.0,0.23333333333333334,1.0,0.0,0.0,0.0,0.14285714285714285,0.7142857142857143,0.2,1.0,1.0,0.03225806451612903,0.06373876530084174,0.175,1.0,0.175,1.0,1.0,0.03225806451612903,0.11457531613739258,0.15555555555555556,1.0,0.15555555555555556,1.0,1.0,0.03225806451612903,0.11457531613739258,0.14,1.0,0.14,1.0,1.0,0.03225806451612903,0.11457531613739258,webtable-la2m_default-v=7-distilroberta-dj_adpt~kalm_instruct_v2_5-dj_adpt,omnimatch_city_test,7
recent_contract_awards_noisy_2.pq::StartDate,1.0,0.5,1.0,0.5,1.0,1.0,0.5,0.4,1.0,0.4,1.0,1.0,1.0,1.0,0.2,1.0,0.2,1.0,1.0,1.0,1.0,0.13333333333333333,1.0,0.13333333333333333,1.0,1.0,1.0,1.0,0.1,1.0,0.1,1.0,1.0,1.0,1.0,0.08,1.0,0.08,1.0,1.0,1.0,1.0,0.06666666666666667,1.0,0.06666666666666667,1.0,1.0,1.0,1.0,0.05714285714285714,1.0,0.05714285714285714,1.0,1.0,1.0,1.0,0.05,1.0,0.05,1.0,1.0,1.0,1.0,0.044444444444444446,1.0,0.044444444444444446,1.0,1.0,1.0,1.0,0.04,1.0,0.04,1.0,1.0,1.0,1.0,webtable-la2m_default-v=7-distilroberta-dj_adpt~kalm_instruct_v2_5-dj_adpt,omnimatch_city_test,7
recent_contract_awards_noisy_2.pq::TypeOfNoticeDescription,0.0,0.0,1.0,0.5,0.0,0.0,0.0,0.2,0.5,0.4,1.0,1.0,0.2,0.1,0.2,1.0,0.2,1.0,1.0,0.2,0.26666666666666666,0.13333333333333333,1.0,0.13333333333333333,1.0,1.0,0.2,0.26666666666666666,0.1,1.0,0.1,1.0,1.0,0.2,0.26666666666666666,0.08,1.0,0.08,1.0,1.0,0.2,0.26666666666666666,0.06666666666666667,1.0,0.06666666666666667,1.0,1.0,0.2,0.26666666666666666,0.05714285714285714,1.0,0.05714285714285714,1.0,1.0,0.2,0.26666666666666666,0.05,1.0,0.05,1.0,1.0,0.2,0.26666666666666666,0.044444444444444446,1.0,0.044444444444444446,1.0,1.0,0.2,0.26666666666666666,0.04,1.0,0.04,1.0,1.0,0.2,0.26666666666666666,webtable-la2m_default-v=7-distilroberta-dj_adpt~kalm_instruct_v2_5-dj_adpt,omnimatch_city_test,7
recent_contract_awards_noisy_3.pq::PIN,0.0,0.0,1.0,1.0,0.0,0.0,0.0,0.0,0.0,0.2,1.0,0.0,0.0,0.0,0.0,0.0,0.1,1.0,0.0,0.0,0.0,0.0,0.0,0.06666666666666667,1.0,0.0,0.0,0.0,0.0,0.0,0.05,1.0,0.0,0.0,0.0,0.0,0.0,0.04,1.0,0.0,0.0,0.0,0.0,0.0,0.03333333333333333,1.0,0.0,0.0,0.0,0.0,0.0,0.02857142857142857,1.0,0.0,0.0,0.0,0.0,0.0,0.025,1.0,0.0,0.0,0.0,0.0,0.0,0.022222222222222223,1.0,0.0,0.0,0.0,0.0,0.0,0.02,1.0,0.0,0.0,0.0,webtable-la2m_default-v=7-distilroberta-dj_adpt~kalm_instruct_v2_5-dj_adpt,omnimatch_city_test,7
recent_contract_awards_noisy_3.pq::RequestID,0.0,0.0,1.0,1.0,0.0,0.0,0.0,0.0,0.0,0.2,1.0,0.0,0.0,0.0,0.0,0.0,0.1,1.0,0.0,0.0,0.0,0.0,0.0,0.06666666666666667,1.0,0.0,0.0,0.0,0.0,0.0,0.05,1.0,0.0,0.0,0.0,0.0,0.0,0.04,1.0,0.0,0.0,0.0,0.0,0.0,0.03333333333333333,1.0,0.0,0.0,0.0,0.0,0.0,0.02857142857142857,1.0,0.0,0.0,0.0,0.0,0.0,0.025,1.0,0.0,0.0,0.0,0.0,0.0,0.022222222222222223,1.0,0.0,0.0,0.0,0.0,0.0,0.02,1.0,0.0,0.0,0.0,webtable-la2m_default-v=7-distilroberta-dj_adpt~kalm_instruct_v2_5-dj_adpt,omnimatch_city_test,7
recent_contract_awards_noisy_4.pq::AgencyName,0.0,0.0,1.0,1.0,0.0,0.0,0.0,0.0,0.0,0.2,1.0,0.0,0.0,0.0,0.0,0.0,0.1,1.0,0.0,0.0,0.0,0.0,0.0,0.06666666666666667,1.0,0.0,0.0,0.0,0.0,0.0,0.05,1.0,0.0,0.0,0.0,0.0,0.0,0.04,1.0,0.0,0.0,0.0,0.0,0.0,0.03333333333333333,1.0,0.0,0.0,0.0,0.0,0.0,0.02857142857142857,1.0,0.0,0.0,0.0,0.0,0.0,0.025,1.0,0.0,0.0,0.0,0.0,0.0,0.022222222222222223,1.0,0.0,0.0,0.0,0.0,0.0,0.02,1.0,0.0,0.0,0.0,webtable-la2m_default-v=7-distilroberta-dj_adpt~kalm_instruct_v2_5-dj_adpt,omnimatch_city_test,7
recent_contract_awards_noisy_4.pq::CategoryDescription,0.0,0.0,1.0,1.0,0.0,0.0,0.0,0.0,0.0,0.2,1.0,0.0,0.0,0.0,0.0,0.0,0.1,1.0,0.0,0.0,0.0,0.0,0.0,0.06666666666666667,1.0,0.0,0.0,0.0,0.0,0.0,0.05,1.0,0.0,0.0,0.0,0.04,1.0,0.04,1.0,1.0,0.043478260869565216,0.043478260869565216,0.03333333333333333,1.0,0.03333333333333333,1.0,1.0,0.043478260869565216,0.043478260869565216,0.02857142857142857,1.0,0.02857142857142857,1.0,1.0,0.043478260869565216,0.043478260869565216,0.025,1.0,0.025,1.0,1.0,0.043478260869565216,0.043478260869565216,0.022222222222222223,1.0,0.022222222222222223,1.0,1.0,0.043478260869565216,0.043478260869565216,0.02,1.0,0.02,1.0,1.0,0.043478260869565216,0.043478260869565216,webtable-la2m_default-v=7-distilroberta-dj_adpt~kalm_instruct_v2_5-dj_adpt,omnimatch_city_test,7
recent_contract_awards_noisy_4.pq::EndDate,0.0,0.0,1.0,1.0,0.0,0.0,0.0,0.0,0.0,0.2,1.0,0.0,0.0,0.0,0.0,0.0,0.1,1.0,0.0,0.0,0.0,0.0,0.0,0.06666666666666667,1.0,0.0,0.0,0.0,0.0,0.0,0.05,1.0,0.0,0.0,0.0,0.0,0.0,0.04,1.0,0.0,0.0,0.0,0.0,0.0,0.03333333333333333,1.0,0.0,0.0,0.0,0.0,0.0,0.02857142857142857,1.0,0.0,0.0,0.0,0.0,0.0,0.025,1.0,0.0,0.0,0.0,0.0,0.0,0.022222222222222223,1.0,0.0,0.0,0.0,0.0,0.0,0.02,1.0,0.0,0.0,0.0,webtable-la2m_default-v=7-distilroberta-dj_adpt~kalm_instruct_v2_5-dj_adpt,omnimatch_city_test,7
recent_contract_awards_noisy_4.pq::RequestID,0.0,0.0,1.0,0.2,0.0,0.0,0.0,0.8,0.8,1.0,1.0,1.0,0.5,0.5433333333333333,0.5,1.0,0.5,1.0,1.0,0.5,0.71,0.3333333333333333,1.0,0.3333333333333333,1.0,1.0,0.5,0.71,0.25,1.0,0.25,1.0,1.0,0.5,0.71,0.2,1.0,0.2,1.0,1.0,0.5,0.71,0.16666666666666666,1.0,0.16666666666666666,1.0,1.0,0.5,0.71,0.14285714285714285,1.0,0.14285714285714285,1.0,1.0,0.5,0.71,0.125,1.0,0.125,1.0,1.0,0.5,0.71,0.1111111111111111,1.0,0.1111111111111111,1.0,1.0,0.5,0.71,0.1,1.0,0.1,1.0,1.0,0.5,0.71,webtable-la2m_default-v=7-distilroberta-dj_adpt~kalm_instruct_v2_5-dj_adpt,omnimatch_city_test,7
recent_contract_awards_noisy_4.pq::StartDate,0.0,0.0,1.0,1.0,0.0,0.0,0.0,0.0,0.0,0.2,1.0,0.0,0.0,0.0,0.0,0.0,0.1,1.0,0.0,0.0,0.0,0.0,0.0,0.06666666666666667,1.0,0.0,0.0,0.0,0.0,0.0,0.05,1.0,0.0,0.0,0.0,0.0,0.0,0.04,1.0,0.0,0.0,0.0,0.03333333333333333,1.0,0.03333333333333333,1.0,1.0,0.03333333333333333,0.03333333333333333,0.02857142857142857,1.0,0.02857142857142857,1.0,1.0,0.03333333333333333,0.03333333333333333,0.025,1.0,0.025,1.0,1.0,0.03333333333333333,0.03333333333333333,0.022222222222222223,1.0,0.022222222222222223,1.0,1.0,0.03333333333333333,0.03333333333333333,0.02,1.0,0.02,1.0,1.0,0.03333333333333333,0.03333333333333333,webtable-la2m_default-v=7-distilroberta-dj_adpt~kalm_instruct_v2_5-dj_adpt,omnimatch_city_test,7
recent_contract_awards_noisy_4.pq::TypeOfNoticeDescription,0.0,0.0,1.0,1.0,0.0,0.0,0.0,0.0,0.0,0.2,1.0,0.0,0.0,0.0,0.0,0.0,0.1,1.0,0.0,0.0,0.0,0.0,0.0,0.06666666666666667,1.0,0.0,0.0,0.0,0.0,0.0,0.05,1.0,0.0,0.0,0.0,0.04,1.0,0.04,1.0,1.0,0.04,0.04,0.03333333333333333,1.0,0.03333333333333333,1.0,1.0,0.04,0.04,0.02857142857142857,1.0,0.02857142857142857,1.0,1.0,0.04,0.04,0.025,1.0,0.025,1.0,1.0,0.04,0.04,0.022222222222222223,1.0,0.022222222222222223,1.0,1.0,0.04,0.04,0.02,1.0,0.02,1.0,1.0,0.04,0.04,webtable-la2m_default-v=7-distilroberta-dj_adpt~kalm_instruct_v2_5-dj_adpt,omnimatch_city_test,7
recent_contract_awards_noisy_5.pq::PIN,0.0,0.0,1.0,0.25,0.0,0.0,0.0,0.0,0.0,0.8,1.0,0.0,0.0,0.0,0.0,0.0,0.4,1.0,0.0,0.0,0.0,0.0,0.0,0.26666666666666666,1.0,0.0,0.0,0.0,0.0,0.0,0.2,1.0,0.0,0.0,0.0,0.0,0.0,0.16,1.0,0.0,0.0,0.0,0.0,0.0,0.13333333333333333,1.0,0.0,0.0,0.0,0.0,0.0,0.11428571428571428,1.0,0.0,0.0,0.0,0.0,0.0,0.1,1.0,0.0,0.0,0.0,0.022222222222222223,0.25,0.08888888888888889,1.0,1.0,0.022222222222222223,0.005555555555555556,0.08,1.0,0.08,1.0,1.0,0.022222222222222223,0.0522270166932021,webtable-la2m_default-v=7-distilroberta-dj_adpt~kalm_instruct_v2_5-dj_adpt,omnimatch_city_test,7
recent_contract_awards_noisy_5.pq::RequestID,0.0,0.0,1.0,0.25,0.0,0.0,0.0,0.0,0.0,0.8,1.0,0.0,0.0,0.0,0.0,0.0,0.4,1.0,0.0,0.0,0.0,0.0,0.0,0.26666666666666666,1.0,0.0,0.0,0.0,0.0,0.0,0.2,1.0,0.0,0.0,0.0,0.0,0.0,0.16,1.0,0.0,0.0,0.0,0.0,0.0,0.13333333333333333,1.0,0.0,0.0,0.0,0.0,0.0,0.11428571428571428,1.0,0.0,0.0,0.0,0.0,0.0,0.1,1.0,0.0,0.0,0.0,0.0,0.0,0.08888888888888889,1.0,0.0,0.0,0.0,0.0,0.0,0.08,1.0,0.0,0.0,0.0,webtable-la2m_default-v=7-distilroberta-dj_adpt~kalm_instruct_v2_5-dj_adpt,omnimatch_city_test,7
recent_contract_awards_noisy_5.pq::SectionName,0.0,0.0,1.0,0.3333333333333333,0.0,0.0,0.0,0.0,0.0,0.6,1.0,0.0,0.0,0.0,0.0,0.0,0.3,1.0,0.0,0.0,0.0,0.0,0.0,0.2,1.0,0.0,0.0,0.0,0.0,0.0,0.15,1.0,0.0,0.0,0.0,0.0,0.0,0.12,1.0,0.0,0.0,0.0,0.03333333333333333,0.3333333333333333,0.1,1.0,1.0,0.03571428571428571,0.011904761904761904,0.02857142857142857,0.3333333333333333,0.08571428571428572,1.0,1.0,0.03571428571428571,0.011904761904761904,0.025,0.3333333333333333,0.075,1.0,1.0,0.03571428571428571,0.011904761904761904,0.022222222222222223,0.3333333333333333,0.06666666666666667,1.0,1.0,0.03571428571428571,0.011904761904761904,0.02,0.3333333333333333,0.06,1.0,1.0,0.03571428571428571,0.011904761904761904,webtable-la2m_default-v=7-distilroberta-dj_adpt~kalm_instruct_v2_5-dj_adpt,omnimatch_city_test,7
recent_contract_awards_noisy_5.pq::SelectionMethodDescription,0.0,0.0,1.0,0.3333333333333333,0.0,0.0,0.0,0.0,0.0,0.6,1.0,0.0,0.0,0.0,0.0,0.0,0.3,1.0,0.0,0.0,0.0,0.0,0.0,0.2,1.0,0.0,0.0,0.0,0.0,0.0,0.15,1.0,0.0,0.0,0.0,0.0,0.0,0.12,1.0,0.0,0.0,0.0,0.0,0.0,0.1,1.0,0.0,0.0,0.0,0.0,0.0,0.08571428571428572,1.0,0.0,0.0,0.0,0.0,0.0,0.075,1.0,0.0,0.0,0.0,0.0,0.0,0.06666666666666667,1.0,0.0,0.0,0.0,0.0,0.0,0.06,1.0,0.0,0.0,0.0,webtable-la2m_default-v=7-distilroberta-dj_adpt~kalm_instruct_v2_5-dj_adpt,omnimatch_city_test,7
recent_contract_awards_noisy_5.pq::ShortTitle,1.0,0.3333333333333333,1.0,0.3333333333333333,1.0,1.0,0.3333333333333333,0.6,1.0,0.6,1.0,1.0,1.0,0.9166666666666666,0.3,1.0,0.3,1.0,1.0,1.0,0.9166666666666666,0.2,1.0,0.2,1.0,1.0,1.0,0.9166666666666666,0.15,1.0,0.15,1.0,1.0,1.0,0.9166666666666666,0.12,1.0,0.12,1.0,1.0,1.0,0.9166666666666666,0.1,1.0,0.1,1.0,1.0,1.0,0.9166666666666666,0.08571428571428572,1.0,0.08571428571428572,1.0,1.0,1.0,0.9166666666666666,0.075,1.0,0.075,1.0,1.0,1.0,0.9166666666666666,0.06666666666666667,1.0,0.06666666666666667,1.0,1.0,1.0,0.9166666666666666,0.06,1.0,0.06,1.0,1.0,1.0,0.9166666666666666,webtable-la2m_default-v=7-distilroberta-dj_adpt~kalm_instruct_v2_5-dj_adpt,omnimatch_city_test,7
recent_contract_awards_noisy_5.pq::VendorAddress,1.0,0.3333333333333333,1.0,0.3333333333333333,1.0,1.0,0.3333333333333333,0.6,1.0,0.6,1.0,1.0,1.0,1.0,0.3,1.0,0.3,1.0,1.0,1.0,1.0,0.2,1.0,0.2,1.0,1.0,1.0,1.0,0.15,1.0,0.15,1.0,1.0,1.0,1.0,0.12,1.0,0.12,1.0,1.0,1.0,1.0,0.1,1.0,0.1,1.0,1.0,1.0,1.0,0.08571428571428572,1.0,0.08571428571428572,1.0,1.0,1.0,1.0,0.075,1.0,0.075,1.0,1.0,1.0,1.0,0.06666666666666667,1.0,0.06666666666666667,1.0,1.0,1.0,1.0,0.06,1.0,0.06,1.0,1.0,1.0,1.0,webtable-la2m_default-v=7-distilroberta-dj_adpt~kalm_instruct_v2_5-dj_adpt,omnimatch_city_test,7
recent_contract_awards_noisy_5.pq::VendorName,0.0,0.0,1.0,0.3333333333333333,0.0,0.0,0.0,0.0,0.0,0.6,1.0,0.0,0.0,0.0,0.0,0.0,0.3,1.0,0.0,0.0,0.0,0.0,0.0,0.2,1.0,0.0,0.0,0.0,0.0,0.0,0.15,1.0,0.0,0.0,0.0,0.0,0.0,0.12,1.0,0.0,0.0,0.0,0.0,0.0,0.1,1.0,0.0,0.0,0.0,0.0,0.0,0.08571428571428572,1.0,0.0,0.0,0.0,0.0,0.0,0.075,1.0,0.0,0.0,0.0,0.0,0.0,0.06666666666666667,1.0,0.0,0.0,0.0,0.0,0.0,0.06,1.0,0.0,0.0,0.0,webtable-la2m_default-v=7-distilroberta-dj_adpt~kalm_instruct_v2_5-dj_adpt,omnimatch_city_test,7
recent_contract_awards_noisy_6.pq::AgencyName,0.0,0.0,1.0,0.25,0.0,0.0,0.0,0.0,0.0,0.8,1.0,0.0,0.0,0.0,0.0,0.0,0.4,1.0,0.0,0.0,0.0,0.0,0.0,0.26666666666666666,1.0,0.0,0.0,0.0,0.0,0.0,0.2,1.0,0.0,0.0,0.0,0.0,0.0,0.16,1.0,0.0,0.0,0.0,0.0,0.0,0.13333333333333333,1.0,0.0,0.0,0.0,0.11428571428571428,1.0,0.11428571428571428,1.0,1.0,0.03225806451612903,0.07582855356218735,0.1,1.0,0.1,1.0,1.0,0.03225806451612903,0.07582855356218735,0.08888888888888889,1.0,0.08888888888888889,1.0,1.0,0.03225806451612903,0.07582855356218735,0.08,1.0,0.08,1.0,1.0,0.03225806451612903,0.07582855356218735,webtable-la2m_default-v=7-distilroberta-dj_adpt~kalm_instruct_v2_5-dj_adpt,omnimatch_city_test,7
recent_contract_awards_noisy_6.pq::CategoryDescription,0.0,0.0,1.0,0.25,0.0,0.0,0.0,0.0,0.0,0.8,1.0,0.0,0.0,0.0,0.0,0.0,0.4,1.0,0.0,0.0,0.0,0.0,0.0,0.26666666666666666,1.0,0.0,0.0,0.0,0.1,0.5,0.2,1.0,1.0,0.05263157894736842,0.038157894736842106,0.16,1.0,0.16,1.0,1.0,0.05263157894736842,0.11932672590567328,0.13333333333333333,1.0,0.13333333333333333,1.0,1.0,0.05263157894736842,0.11932672590567328,0.11428571428571428,1.0,0.11428571428571428,1.0,1.0,0.05263157894736842,0.11932672590567328,0.1,1.0,0.1,1.0,1.0,0.05263157894736842,0.11932672590567328,0.08888888888888889,1.0,0.08888888888888889,1.0,1.0,0.05263157894736842,0.11932672590567328,0.08,1.0,0.08,1.0,1.0,0.05263157894736842,0.11932672590567328,webtable-la2m_default-v=7-distilroberta-dj_adpt~kalm_instruct_v2_5-dj_adpt,omnimatch_city_test,7
recent_contract_awards_noisy_6.pq::EndDate,0.0,0.0,1.0,0.25,0.0,0.0,0.0,0.0,0.0,0.8,1.0,0.0,0.0,0.0,0.0,0.0,0.4,1.0,0.0,0.0,0.0,0.0,0.0,0.26666666666666666,1.0,0.0,0.0,0.0,0.0,0.0,0.2,1.0,0.0,0.0,0.0,0.04,0.25,0.16,1.0,1.0,0.04,0.01,0.13333333333333333,1.0,0.13333333333333333,1.0,1.0,0.04,0.08771392081736909,0.11428571428571428,1.0,0.11428571428571428,1.0,1.0,0.04,0.08771392081736909,0.1,1.0,0.1,1.0,1.0,0.04,0.08771392081736909,0.08888888888888889,1.0,0.08888888888888889,1.0,1.0,0.04,0.08771392081736909,0.08,1.0,0.08,1.0,1.0,0.04,0.08771392081736909,webtable-la2m_default-v=7-distilroberta-dj_adpt~kalm_instruct_v2_5-dj_adpt,omnimatch_city_test,7
recent_contract_awards_noisy_6.pq::PIN,0.0,0.0,1.0,0.16666666666666666,0.0,0.0,0.0,0.0,0.0,1.0,0.8333333333333334,0.0,0.0,0.0,0.0,0.0,0.6,1.0,0.0,0.0,0.0,0.0,0.0,0.4,1.0,0.0,0.0,0.0,0.0,0.0,0.3,1.0,0.0,0.0,0.0,0.0,0.0,0.24,1.0,0.0,0.0,0.0,0.0,0.0,0.2,1.0,0.0,0.0,0.0,0.0,0.0,0.17142857142857143,1.0,0.0,0.0,0.0,0.0,0.0,0.15,1.0,0.0,0.0,0.0,0.0,0.0,0.13333333333333333,1.0,0.0,0.0,0.0,0.0,0.0,0.12,1.0,0.0,0.0,0.0,webtable-la2m_default-v=7-distilroberta-dj_adpt~kalm_instruct_v2_5-dj_adpt,omnimatch_city_test,7
recent_contract_awards_noisy_6.pq::RequestID,1.0,0.1111111111111111,1.0,0.1111111111111111,1.0,1.0,0.1111111111111111,1.0,0.5555555555555556,1.0,0.5555555555555556,1.0,1.0,0.5555555555555556,0.9,1.0,0.9,1.0,1.0,1.0,1.0,0.6,1.0,0.6,1.0,1.0,1.0,1.0,0.45,1.0,0.45,1.0,1.0,1.0,1.0,0.36,1.0,0.36,1.0,1.0,1.0,1.0,0.3,1.0,0.3,1.0,1.0,1.0,1.0,0.2571428571428571,1.0,0.2571428571428571,1.0,1.0,1.0,1.0,0.225,1.0,0.225,1.0,1.0,1.0,1.0,0.2,1.0,0.2,1.0,1.0,1.0,1.0,0.18,1.0,0.18,1.0,1.0,1.0,1.0,webtable-la2m_default-v=7-distilroberta-dj_adpt~kalm_instruct_v2_5-dj_adpt,omnimatch_city_test,7
recent_contract_awards_noisy_6.pq::StartDate,0.0,0.0,1.0,0.25,0.0,0.0,0.0,0.0,0.0,0.8,1.0,0.0,0.0,0.0,0.0,0.0,0.4,1.0,0.0,0.0,0.0,0.0,0.0,0.26666666666666666,1.0,0.0,0.0,0.0,0.0,0.0,0.2,1.0,0.0,0.0,0.0,0.04,0.25,0.16,1.0,1.0,0.04,0.01,0.13333333333333333,1.0,0.13333333333333333,1.0,1.0,0.04,0.08705254515599344,0.11428571428571428,1.0,0.11428571428571428,1.0,1.0,0.04,0.08705254515599344,0.1,1.0,0.1,1.0,1.0,0.04,0.08705254515599344,0.08888888888888889,1.0,0.08888888888888889,1.0,1.0,0.04,0.08705254515599344,0.08,1.0,0.08,1.0,1.0,0.04,0.08705254515599344,webtable-la2m_default-v=7-distilroberta-dj_adpt~kalm_instruct_v2_5-dj_adpt,omnimatch_city_test,7
recent_contract_awards_noisy_6.pq::TypeOfNoticeDescription,0.0,0.0,1.0,0.25,0.0,0.0,0.0,0.0,0.0,0.8,1.0,0.0,0.0,0.0,0.0,0.0,0.4,1.0,0.0,0.0,0.0,0.0,0.0,0.26666666666666666,1.0,0.0,0.0,0.0,0.0,0.0,0.2,1.0,0.0,0.0,0.0,0.0,0.0,0.16,1.0,0.0,0.0,0.0,0.0,0.0,0.13333333333333333,1.0,0.0,0.0,0.0,0.0,0.0,0.11428571428571428,1.0,0.0,0.0,0.0,0.0,0.0,0.1,1.0,0.0,0.0,0.0,0.0,0.0,0.08888888888888889,1.0,0.0,0.0,0.0,0.0,0.0,0.08,1.0,0.0,0.0,0.0,webtable-la2m_default-v=7-distilroberta-dj_adpt~kalm_instruct_v2_5-dj_adpt,omnimatch_city_test,7
recent_contract_awards_noisy_7.pq::PIN,0.0,0.0,1.0,0.5,0.0,0.0,0.0,0.0,0.0,0.4,1.0,0.0,0.0,0.0,0.0,0.0,0.2,1.0,0.0,0.0,0.0,0.0,0.0,0.13333333333333333,1.0,0.0,0.0,0.0,0.0,0.0,0.1,1.0,0.0,0.0,0.0,0.0,0.0,0.08,1.0,0.0,0.0,0.0,0.0,0.0,0.06666666666666667,1.0,0.0,0.0,0.0,0.0,0.0,0.05714285714285714,1.0,0.0,0.0,0.0,0.0,0.0,0.05,1.0,0.0,0.0,0.0,0.0,0.0,0.044444444444444446,1.0,0.0,0.0,0.0,0.04,1.0,0.04,1.0,1.0,0.02127659574468085,0.031046461137646544,webtable-la2m_default-v=7-distilroberta-dj_adpt~kalm_instruct_v2_5-dj_adpt,omnimatch_city_test,7
recent_contract_awards_noisy_7.pq::RequestID,0.0,0.0,1.0,0.5,0.0,0.0,0.0,0.0,0.0,0.4,1.0,0.0,0.0,0.0,0.0,0.0,0.2,1.0,0.0,0.0,0.0,0.0,0.0,0.13333333333333333,1.0,0.0,0.0,0.0,0.0,0.0,0.1,1.0,0.0,0.0,0.0,0.0,0.0,0.08,1.0,0.0,0.0,0.0,0.0,0.0,0.06666666666666667,1.0,0.0,0.0,0.0,0.0,0.0,0.05714285714285714,1.0,0.0,0.0,0.0,0.0,0.0,0.05,1.0,0.0,0.0,0.0,0.0,0.0,0.044444444444444446,1.0,0.0,0.0,0.0,0.0,0.0,0.04,1.0,0.0,0.0,0.0,webtable-la2m_default-v=7-distilroberta-dj_adpt~kalm_instruct_v2_5-dj_adpt,omnimatch_city_test,7
recent_contract_awards_noisy_7.pq::SectionName,0.0,0.0,1.0,1.0,0.0,0.0,0.0,0.0,0.0,0.2,1.0,0.0,0.0,0.0,0.0,0.0,0.1,1.0,0.0,0.0,0.0,0.0,0.0,0.06666666666666667,1.0,0.0,0.0,0.0,0.0,0.0,0.05,1.0,0.0,0.0,0.0,0.0,0.0,0.04,1.0,0.0,0.0,0.0,0.0,0.0,0.03333333333333333,1.0,0.0,0.0,0.0,0.0,0.0,0.02857142857142857,1.0,0.0,0.0,0.0,0.0,0.0,0.025,1.0,0.0,0.0,0.0,0.0,0.0,0.022222222222222223,1.0,0.0,0.0,0.0,0.0,0.0,0.02,1.0,0.0,0.0,0.0,webtable-la2m_default-v=7-distilroberta-dj_adpt~kalm_instruct_v2_5-dj_adpt,omnimatch_city_test,7
recent_contract_awards_noisy_7.pq::SelectionMethodDescription,0.0,0.0,1.0,1.0,0.0,0.0,0.0,0.0,0.0,0.2,1.0,0.0,0.0,0.0,0.0,0.0,0.1,1.0,0.0,0.0,0.0,0.0,0.0,0.06666666666666667,1.0,0.0,0.0,0.0,0.0,0.0,0.05,1.0,0.0,0.0,0.0,0.0,0.0,0.04,1.0,0.0,0.0,0.0,0.0,0.0,0.03333333333333333,1.0,0.0,0.0,0.0,0.0,0.0,0.02857142857142857,1.0,0.0,0.0,0.0,0.0,0.0,0.025,1.0,0.0,0.0,0.0,0.0,0.0,0.022222222222222223,1.0,0.0,0.0,0.0,0.0,0.0,0.02,1.0,0.0,0.0,0.0,webtable-la2m_default-v=7-distilroberta-dj_adpt~kalm_instruct_v2_5-dj_adpt,omnimatch_city_test,7
recent_contract_awards_noisy_7.pq::ShortTitle,1.0,1.0,1.0,1.0,1.0,1.0,1.0,0.2,1.0,0.2,1.0,1.0,1.0,1.0,0.1,1.0,0.1,1.0,1.0,1.0,1.0,0.06666666666666667,1.0,0.06666666666666667,1.0,1.0,1.0,1.0,0.05,1.0,0.05,1.0,1.0,1.0,1.0,0.04,1.0,0.04,1.0,1.0,1.0,1.0,0.03333333333333333,1.0,0.03333333333333333,1.0,1.0,1.0,1.0,0.02857142857142857,1.0,0.02857142857142857,1.0,1.0,1.0,1.0,0.025,1.0,0.025,1.0,1.0,1.0,1.0,0.022222222222222223,1.0,0.022222222222222223,1.0,1.0,1.0,1.0,0.02,1.0,0.02,1.0,1.0,1.0,1.0,webtable-la2m_default-v=7-distilroberta-dj_adpt~kalm_instruct_v2_5-dj_adpt,omnimatch_city_test,7
recent_contract_awards_noisy_7.pq::VendorAddress,0.0,0.0,1.0,1.0,0.0,0.0,0.0,0.2,1.0,0.2,1.0,1.0,0.5,0.5,0.1,1.0,0.1,1.0,1.0,0.5,0.5,0.06666666666666667,1.0,0.06666666666666667,1.0,1.0,0.5,0.5,0.05,1.0,0.05,1.0,1.0,0.5,0.5,0.04,1.0,0.04,1.0,1.0,0.5,0.5,0.03333333333333333,1.0,0.03333333333333333,1.0,1.0,0.5,0.5,0.02857142857142857,1.0,0.02857142857142857,1.0,1.0,0.5,0.5,0.025,1.0,0.025,1.0,1.0,0.5,0.5,0.022222222222222223,1.0,0.022222222222222223,1.0,1.0,0.5,0.5,0.02,1.0,0.02,1.0,1.0,0.5,0.5,webtable-la2m_default-v=7-distilroberta-dj_adpt~kalm_instruct_v2_5-dj_adpt,omnimatch_city_test,7
recent_contract_awards_noisy_7.pq::VendorName,0.0,0.0,1.0,1.0,0.0,0.0,0.0,0.0,0.0,0.2,1.0,0.0,0.0,0.0,0.0,0.0,0.1,1.0,0.0,0.0,0.0,0.0,0.0,0.06666666666666667,1.0,0.0,0.0,0.0,0.0,0.0,0.05,1.0,0.0,0.0,0.0,0.0,0.0,0.04,1.0,0.0,0.0,0.0,0.0,0.0,0.03333333333333333,1.0,0.0,0.0,0.0,0.0,0.0,0.02857142857142857,1.0,0.0,0.0,0.0,0.0,0.0,0.025,1.0,0.0,0.0,0.0,0.0,0.0,0.022222222222222223,1.0,0.0,0.0,0.0,0.0,0.0,0.02,1.0,0.0,0.0,0.0,webtable-la2m_default-v=7-distilroberta-dj_adpt~kalm_instruct_v2_5-dj_adpt,omnimatch_city_test,7
recent_contract_awards_noisy_9.pq::PIN,0.0,0.0,1.0,0.2,0.0,0.0,0.0,0.0,0.0,1.0,1.0,0.0,0.0,0.0,0.0,0.0,0.5,1.0,0.0,0.0,0.0,0.0,0.0,0.3333333333333333,1.0,0.0,0.0,0.0,0.0,0.0,0.25,1.0,0.0,0.0,0.0,0.0,0.0,0.2,1.0,0.0,0.0,0.0,0.0,0.0,0.16666666666666666,1.0,0.0,0.0,0.0,0.0,0.0,0.14285714285714285,1.0,0.0,0.0,0.0,0.0,0.0,0.125,1.0,0.0,0.0,0.0,0.022222222222222223,0.2,0.1111111111111111,1.0,1.0,0.022222222222222223,0.0044444444444444444,0.1,1.0,0.1,1.0,1.0,0.022222222222222223,0.06298088399713878,webtable-la2m_default-v=7-distilroberta-dj_adpt~kalm_instruct_v2_5-dj_adpt,omnimatch_city_test,7
recent_contract_awards_noisy_9.pq::RequestID,0.0,0.0,1.0,0.16666666666666666,0.0,0.0,0.0,0.0,0.0,1.0,0.8333333333333334,0.0,0.0,0.0,0.0,0.0,0.6,1.0,0.0,0.0,0.0,0.0,0.0,0.4,1.0,0.0,0.0,0.0,0.0,0.0,0.3,1.0,0.0,0.0,0.0,0.0,0.0,0.24,1.0,0.0,0.0,0.0,0.0,0.0,0.2,1.0,0.0,0.0,0.0,0.0,0.0,0.17142857142857143,1.0,0.0,0.0,0.0,0.0,0.0,0.15,1.0,0.0,0.0,0.0,0.0,0.0,0.13333333333333333,1.0,0.0,0.0,0.0,0.0,0.0,0.12,1.0,0.0,0.0,0.0,webtable-la2m_default-v=7-distilroberta-dj_adpt~kalm_instruct_v2_5-dj_adpt,omnimatch_city_test,7
recent_contract_awards_noisy_9.pq::SectionName,0.0,0.0,1.0,0.25,0.0,0.0,0.0,0.0,0.0,0.8,1.0,0.0,0.0,0.0,0.0,0.0,0.4,1.0,0.0,0.0,0.0,0.0,0.0,0.26666666666666666,1.0,0.0,0.0,0.0,0.0,0.0,0.2,1.0,0.0,0.0,0.0,0.0,0.0,0.16,1.0,0.0,0.0,0.0,0.03333333333333333,0.25,0.13333333333333333,1.0,1.0,0.03571428571428571,0.008928571428571428,0.02857142857142857,0.25,0.11428571428571428,1.0,1.0,0.03571428571428571,0.008928571428571428,0.025,0.25,0.1,1.0,1.0,0.03571428571428571,0.008928571428571428,0.022222222222222223,0.25,0.08888888888888889,1.0,1.0,0.03571428571428571,0.008928571428571428,0.02,0.25,0.08,1.0,1.0,0.03571428571428571,0.008928571428571428,webtable-la2m_default-v=7-distilroberta-dj_adpt~kalm_instruct_v2_5-dj_adpt,omnimatch_city_test,7
recent_contract_awards_noisy_9.pq::SelectionMethodDescription,0.0,0.0,1.0,0.25,0.0,0.0,0.0,0.0,0.0,0.8,1.0,0.0,0.0,0.0,0.0,0.0,0.4,1.0,0.0,0.0,0.0,0.0,0.0,0.26666666666666666,1.0,0.0,0.0,0.0,0.0,0.0,0.2,1.0,0.0,0.0,0.0,0.0,0.0,0.16,1.0,0.0,0.0,0.0,0.0,0.0,0.13333333333333333,1.0,0.0,0.0,0.0,0.0,0.0,0.11428571428571428,1.0,0.0,0.0,0.0,0.0,0.0,0.1,1.0,0.0,0.0,0.0,0.0,0.0,0.08888888888888889,1.0,0.0,0.0,0.0,0.0,0.0,0.08,1.0,0.0,0.0,0.0,webtable-la2m_default-v=7-distilroberta-dj_adpt~kalm_instruct_v2_5-dj_adpt,omnimatch_city_test,7
recent_contract_awards_noisy_9.pq::ShortTitle,1.0,0.25,1.0,0.25,1.0,1.0,0.25,0.8,1.0,0.8,1.0,1.0,1.0,1.0,0.4,1.0,0.4,1.0,1.0,1.0,1.0,0.26666666666666666,1.0,0.26666666666666666,1.0,1.0,1.0,1.0,0.2,1.0,0.2,1.0,1.0,1.0,1.0,0.16,1.0,0.16,1.0,1.0,1.0,1.0,0.13333333333333333,1.0,0.13333333333333333,1.0,1.0,1.0,1.0,0.11428571428571428,1.0,0.11428571428571428,1.0,1.0,1.0,1.0,0.1,1.0,0.1,1.0,1.0,1.0,1.0,0.08888888888888889,1.0,0.08888888888888889,1.0,1.0,1.0,1.0,0.08,1.0,0.08,1.0,1.0,1.0,1.0,webtable-la2m_default-v=7-distilroberta-dj_adpt~kalm_instruct_v2_5-dj_adpt,omnimatch_city_test,7
recent_contract_awards_noisy_9.pq::VendorAddress,1.0,0.25,1.0,0.25,1.0,1.0,0.25,0.8,1.0,0.8,1.0,1.0,1.0,1.0,0.4,1.0,0.4,1.0,1.0,1.0,1.0,0.26666666666666666,1.0,0.26666666666666666,1.0,1.0,1.0,1.0,0.2,1.0,0.2,1.0,1.0,1.0,1.0,0.16,1.0,0.16,1.0,1.0,1.0,1.0,0.13333333333333333,1.0,0.13333333333333333,1.0,1.0,1.0,1.0,0.11428571428571428,1.0,0.11428571428571428,1.0,1.0,1.0,1.0,0.1,1.0,0.1,1.0,1.0,1.0,1.0,0.08888888888888889,1.0,0.08888888888888889,1.0,1.0,1.0,1.0,0.08,1.0,0.08,1.0,1.0,1.0,1.0,webtable-la2m_default-v=7-distilroberta-dj_adpt~kalm_instruct_v2_5-dj_adpt,omnimatch_city_test,7
recent_contract_awards_noisy_9.pq::VendorName,0.0,0.0,1.0,0.25,0.0,0.0,0.0,0.0,0.0,0.8,1.0,0.0,0.0,0.0,0.0,0.0,0.4,1.0,0.0,0.0,0.0,0.0,0.0,0.26666666666666666,1.0,0.0,0.0,0.0,0.0,0.0,0.2,1.0,0.0,0.0,0.0,0.0,0.0,0.16,1.0,0.0,0.0,0.0,0.0,0.0,0.13333333333333333,1.0,0.0,0.0,0.0,0.0,0.0,0.11428571428571428,1.0,0.0,0.0,0.0,0.0,0.0,0.1,1.0,0.0,0.0,0.0,0.0,0.0,0.08888888888888889,1.0,0.0,0.0,0.0,0.0,0.0,0.08,1.0,0.0,0.0,0.0,webtable-la2m_default-v=7-distilroberta-dj_adpt~kalm_instruct_v2_5-dj_adpt,omnimatch_city_test,7
