query_id,precision@1,recall@1,max_precision@1,max_recall@1,hits@1,mrr@1,ap@1,precision@5,recall@5,max_precision@5,max_recall@5,hits@5,mrr@5,ap@5,precision@10,recall@10,max_precision@10,max_recall@10,hits@10,mrr@10,ap@10,precision@15,recall@15,max_precision@15,max_recall@15,hits@15,mrr@15,ap@15,precision@20,recall@20,max_precision@20,max_recall@20,hits@20,mrr@20,ap@20,precision@25,recall@25,max_precision@25,max_recall@25,hits@25,mrr@25,ap@25,precision@30,recall@30,max_precision@30,max_recall@30,hits@30,mrr@30,ap@30,precision@35,recall@35,max_precision@35,max_recall@35,hits@35,mrr@35,ap@35,precision@40,recall@40,max_precision@40,max_recall@40,hits@40,mrr@40,ap@40,precision@45,recall@45,max_precision@45,max_recall@45,hits@45,mrr@45,ap@45,precision@50,recall@50,max_precision@50,max_recall@50,hits@50,mrr@50,ap@50,ckpt_name,dataset,num_views
arts_commission_grants_noisy_0.pq::Grant Amount,1.0,0.3333333333333333,1.0,0.3333333333333333,1.0,1.0,0.3333333333333333,0.6,1.0,0.6,1.0,1.0,1.0,1.0,0.3,1.0,0.3,1.0,1.0,1.0,1.0,0.2,1.0,0.2,1.0,1.0,1.0,1.0,0.15,1.0,0.15,1.0,1.0,1.0,1.0,0.12,1.0,0.12,1.0,1.0,1.0,1.0,0.1,1.0,0.1,1.0,1.0,1.0,1.0,0.08571428571428572,1.0,0.08571428571428572,1.0,1.0,1.0,1.0,0.075,1.0,0.075,1.0,1.0,1.0,1.0,0.06666666666666667,1.0,0.06666666666666667,1.0,1.0,1.0,1.0,0.06,1.0,0.06,1.0,1.0,1.0,1.0,webtable-cl_optim-v=9-distilroberta-dj_adpt~qwen3_4b-dj_adpt,omnimatch_culture_test,9
arts_commission_grants_noisy_0.pq::Grant Category,1.0,0.3333333333333333,1.0,0.3333333333333333,1.0,1.0,0.3333333333333333,0.6,1.0,0.6,1.0,1.0,1.0,1.0,0.3,1.0,0.3,1.0,1.0,1.0,1.0,0.2,1.0,0.2,1.0,1.0,1.0,1.0,0.15,1.0,0.15,1.0,1.0,1.0,1.0,0.12,1.0,0.12,1.0,1.0,1.0,1.0,0.1,1.0,0.1,1.0,1.0,1.0,1.0,0.08571428571428572,1.0,0.08571428571428572,1.0,1.0,1.0,1.0,0.075,1.0,0.075,1.0,1.0,1.0,1.0,0.06666666666666667,1.0,0.06666666666666667,1.0,1.0,1.0,1.0,0.06,1.0,0.06,1.0,1.0,1.0,1.0,webtable-cl_optim-v=9-distilroberta-dj_adpt~qwen3_4b-dj_adpt,omnimatch_culture_test,9
arts_commission_grants_noisy_0.pq::Name of Applicant,0.0,0.0,1.0,0.25,0.0,0.0,0.0,0.2,0.25,0.8,1.0,1.0,0.5,0.125,0.3,0.75,0.4,1.0,1.0,0.5,0.29166666666666663,0.2,0.75,0.26666666666666666,1.0,1.0,0.5,0.29166666666666663,0.15,0.75,0.2,1.0,1.0,0.5,0.29166666666666663,0.16,1.0,0.16,1.0,1.0,0.5,0.3333333333333333,0.13333333333333333,1.0,0.13333333333333333,1.0,1.0,0.5,0.3333333333333333,0.11428571428571428,1.0,0.11428571428571428,1.0,1.0,0.5,0.3333333333333333,0.1,1.0,0.1,1.0,1.0,0.5,0.3333333333333333,0.08888888888888889,1.0,0.08888888888888889,1.0,1.0,0.5,0.3333333333333333,0.08,1.0,0.08,1.0,1.0,0.5,0.3333333333333333,webtable-cl_optim-v=9-distilroberta-dj_adpt~qwen3_4b-dj_adpt,omnimatch_culture_test,9
arts_commission_grants_noisy_1.pq::Community Focus Combined,0.0,0.0,1.0,0.3333333333333333,0.0,0.0,0.0,0.6,1.0,0.6,1.0,1.0,0.5,0.6388888888888888,0.3,1.0,0.3,1.0,1.0,0.5,0.6388888888888888,0.2,1.0,0.2,1.0,1.0,0.5,0.6388888888888888,0.15,1.0,0.15,1.0,1.0,0.5,0.6388888888888888,0.12,1.0,0.12,1.0,1.0,0.5,0.6388888888888888,0.1,1.0,0.1,1.0,1.0,0.5,0.6388888888888888,0.08571428571428572,1.0,0.08571428571428572,1.0,1.0,0.5,0.6388888888888888,0.075,1.0,0.075,1.0,1.0,0.5,0.6388888888888888,0.06666666666666667,1.0,0.06666666666666667,1.0,1.0,0.5,0.6388888888888888,0.06,1.0,0.06,1.0,1.0,0.5,0.6388888888888888,webtable-cl_optim-v=9-distilroberta-dj_adpt~qwen3_4b-dj_adpt,omnimatch_culture_test,9
arts_commission_grants_noisy_1.pq::Grant Fiscal Year,0.0,0.0,1.0,0.3333333333333333,0.0,0.0,0.0,0.6,1.0,0.6,1.0,1.0,0.5,0.6388888888888888,0.3,1.0,0.3,1.0,1.0,0.5,0.6388888888888888,0.2,1.0,0.2,1.0,1.0,0.5,0.6388888888888888,0.15,1.0,0.15,1.0,1.0,0.5,0.6388888888888888,0.12,1.0,0.12,1.0,1.0,0.5,0.6388888888888888,0.1,1.0,0.1,1.0,1.0,0.5,0.6388888888888888,0.08571428571428572,1.0,0.08571428571428572,1.0,1.0,0.5,0.6388888888888888,0.075,1.0,0.075,1.0,1.0,0.5,0.6388888888888888,0.06666666666666667,1.0,0.06666666666666667,1.0,1.0,0.5,0.6388888888888888,0.06,1.0,0.06,1.0,1.0,0.5,0.6388888888888888,webtable-cl_optim-v=9-distilroberta-dj_adpt~qwen3_4b-dj_adpt,omnimatch_culture_test,9
arts_commission_grants_noisy_1.pq::Name of Applicant,1.0,0.14285714285714285,1.0,0.14285714285714285,1.0,1.0,0.14285714285714285,0.8,0.5714285714285714,1.0,0.7142857142857143,1.0,1.0,0.5428571428571428,0.6,0.8571428571428571,0.7,1.0,1.0,1.0,0.7401360544217688,0.4666666666666667,1.0,0.4666666666666667,1.0,1.0,1.0,0.8310451453308596,0.35,1.0,0.35,1.0,1.0,1.0,0.8310451453308596,0.28,1.0,0.28,1.0,1.0,1.0,0.8310451453308596,0.23333333333333334,1.0,0.23333333333333334,1.0,1.0,1.0,0.8310451453308596,0.2,1.0,0.2,1.0,1.0,1.0,0.8310451453308596,0.175,1.0,0.175,1.0,1.0,1.0,0.8310451453308596,0.15555555555555556,1.0,0.15555555555555556,1.0,1.0,1.0,0.8310451453308596,0.14,1.0,0.14,1.0,1.0,1.0,0.8310451453308596,webtable-cl_optim-v=9-distilroberta-dj_adpt~qwen3_4b-dj_adpt,omnimatch_culture_test,9
arts_commission_grants_noisy_2.pq::Grant Amount,1.0,0.16666666666666666,1.0,0.16666666666666666,1.0,1.0,0.16666666666666666,1.0,0.8333333333333334,1.0,0.8333333333333334,1.0,1.0,0.8333333333333334,0.6,1.0,0.6,1.0,1.0,1.0,1.0,0.4,1.0,0.4,1.0,1.0,1.0,1.0,0.3,1.0,0.3,1.0,1.0,1.0,1.0,0.24,1.0,0.24,1.0,1.0,1.0,1.0,0.2,1.0,0.2,1.0,1.0,1.0,1.0,0.17142857142857143,1.0,0.17142857142857143,1.0,1.0,1.0,1.0,0.15,1.0,0.15,1.0,1.0,1.0,1.0,0.13333333333333333,1.0,0.13333333333333333,1.0,1.0,1.0,1.0,0.12,1.0,0.12,1.0,1.0,1.0,1.0,webtable-cl_optim-v=9-distilroberta-dj_adpt~qwen3_4b-dj_adpt,omnimatch_culture_test,9
arts_commission_grants_noisy_2.pq::Grant Category,1.0,0.25,1.0,0.25,1.0,1.0,0.25,0.8,1.0,0.8,1.0,1.0,1.0,1.0,0.4,1.0,0.4,1.0,1.0,1.0,1.0,0.26666666666666666,1.0,0.26666666666666666,1.0,1.0,1.0,1.0,0.2,1.0,0.2,1.0,1.0,1.0,1.0,0.16,1.0,0.16,1.0,1.0,1.0,1.0,0.13333333333333333,1.0,0.13333333333333333,1.0,1.0,1.0,1.0,0.11428571428571428,1.0,0.11428571428571428,1.0,1.0,1.0,1.0,0.1,1.0,0.1,1.0,1.0,1.0,1.0,0.08888888888888889,1.0,0.08888888888888889,1.0,1.0,1.0,1.0,0.08,1.0,0.08,1.0,1.0,1.0,1.0,webtable-cl_optim-v=9-distilroberta-dj_adpt~qwen3_4b-dj_adpt,omnimatch_culture_test,9
arts_commission_grants_noisy_2.pq::Name of Applicant,1.0,0.1111111111111111,1.0,0.1111111111111111,1.0,1.0,0.1111111111111111,1.0,0.5555555555555556,1.0,0.5555555555555556,1.0,1.0,0.5555555555555556,0.7,0.7777777777777778,0.9,1.0,1.0,1.0,0.7777777777777778,0.6,1.0,0.6,1.0,1.0,1.0,0.9252525252525253,0.45,1.0,0.45,1.0,1.0,1.0,0.9252525252525253,0.36,1.0,0.36,1.0,1.0,1.0,0.9252525252525253,0.3,1.0,0.3,1.0,1.0,1.0,0.9252525252525253,0.2571428571428571,1.0,0.2571428571428571,1.0,1.0,1.0,0.9252525252525253,0.225,1.0,0.225,1.0,1.0,1.0,0.9252525252525253,0.2,1.0,0.2,1.0,1.0,1.0,0.9252525252525253,0.18,1.0,0.18,1.0,1.0,1.0,0.9252525252525253,webtable-cl_optim-v=9-distilroberta-dj_adpt~qwen3_4b-dj_adpt,omnimatch_culture_test,9
arts_commission_grants_noisy_3.pq::Community Focus Combined,1.0,0.5,1.0,0.5,1.0,1.0,0.5,0.4,1.0,0.4,1.0,1.0,1.0,0.8333333333333333,0.2,1.0,0.2,1.0,1.0,1.0,0.8333333333333333,0.13333333333333333,1.0,0.13333333333333333,1.0,1.0,1.0,0.8333333333333333,0.1,1.0,0.1,1.0,1.0,1.0,0.8333333333333333,0.08,1.0,0.08,1.0,1.0,1.0,0.8333333333333333,0.06666666666666667,1.0,0.06666666666666667,1.0,1.0,1.0,0.8333333333333333,0.05714285714285714,1.0,0.05714285714285714,1.0,1.0,1.0,0.8333333333333333,0.05,1.0,0.05,1.0,1.0,1.0,0.8333333333333333,0.044444444444444446,1.0,0.044444444444444446,1.0,1.0,1.0,0.8333333333333333,0.04,1.0,0.04,1.0,1.0,1.0,0.8333333333333333,webtable-cl_optim-v=9-distilroberta-dj_adpt~qwen3_4b-dj_adpt,omnimatch_culture_test,9
arts_commission_grants_noisy_3.pq::Grant Amount,0.0,0.0,1.0,0.25,0.0,0.0,0.0,0.4,0.5,0.8,1.0,1.0,0.3333333333333333,0.18333333333333335,0.4,1.0,0.4,1.0,1.0,0.3333333333333333,0.4083333333333333,0.26666666666666666,1.0,0.26666666666666666,1.0,1.0,0.3333333333333333,0.4083333333333333,0.2,1.0,0.2,1.0,1.0,0.3333333333333333,0.4083333333333333,0.16,1.0,0.16,1.0,1.0,0.3333333333333333,0.4083333333333333,0.13333333333333333,1.0,0.13333333333333333,1.0,1.0,0.3333333333333333,0.4083333333333333,0.11428571428571428,1.0,0.11428571428571428,1.0,1.0,0.3333333333333333,0.4083333333333333,0.1,1.0,0.1,1.0,1.0,0.3333333333333333,0.4083333333333333,0.08888888888888889,1.0,0.08888888888888889,1.0,1.0,0.3333333333333333,0.4083333333333333,0.08,1.0,0.08,1.0,1.0,0.3333333333333333,0.4083333333333333,webtable-cl_optim-v=9-distilroberta-dj_adpt~qwen3_4b-dj_adpt,omnimatch_culture_test,9
arts_commission_grants_noisy_3.pq::Grant Fiscal Year,0.0,0.0,1.0,0.5,0.0,0.0,0.0,0.4,1.0,0.4,1.0,1.0,0.3333333333333333,0.41666666666666663,0.2,1.0,0.2,1.0,1.0,0.3333333333333333,0.41666666666666663,0.13333333333333333,1.0,0.13333333333333333,1.0,1.0,0.3333333333333333,0.41666666666666663,0.1,1.0,0.1,1.0,1.0,0.3333333333333333,0.41666666666666663,0.08,1.0,0.08,1.0,1.0,0.3333333333333333,0.41666666666666663,0.06666666666666667,1.0,0.06666666666666667,1.0,1.0,0.3333333333333333,0.41666666666666663,0.05714285714285714,1.0,0.05714285714285714,1.0,1.0,0.3333333333333333,0.41666666666666663,0.05,1.0,0.05,1.0,1.0,0.3333333333333333,0.41666666666666663,0.044444444444444446,1.0,0.044444444444444446,1.0,1.0,0.3333333333333333,0.41666666666666663,0.04,1.0,0.04,1.0,1.0,0.3333333333333333,0.41666666666666663,webtable-cl_optim-v=9-distilroberta-dj_adpt~qwen3_4b-dj_adpt,omnimatch_culture_test,9
arts_commission_grants_noisy_3.pq::Name of Applicant,1.0,0.16666666666666666,1.0,0.16666666666666666,1.0,1.0,0.16666666666666666,1.0,0.8333333333333334,1.0,0.8333333333333334,1.0,1.0,0.8333333333333334,0.6,1.0,0.6,1.0,1.0,1.0,0.9583333333333334,0.4,1.0,0.4,1.0,1.0,1.0,0.9583333333333334,0.3,1.0,0.3,1.0,1.0,1.0,0.9583333333333334,0.24,1.0,0.24,1.0,1.0,1.0,0.9583333333333334,0.2,1.0,0.2,1.0,1.0,1.0,0.9583333333333334,0.17142857142857143,1.0,0.17142857142857143,1.0,1.0,1.0,0.9583333333333334,0.15,1.0,0.15,1.0,1.0,1.0,0.9583333333333334,0.13333333333333333,1.0,0.13333333333333333,1.0,1.0,1.0,0.9583333333333334,0.12,1.0,0.12,1.0,1.0,1.0,0.9583333333333334,webtable-cl_optim-v=9-distilroberta-dj_adpt~qwen3_4b-dj_adpt,omnimatch_culture_test,9
arts_commission_grants_noisy_5.pq::Name of Applicant,1.0,0.5,1.0,0.5,1.0,1.0,0.5,0.4,1.0,0.4,1.0,1.0,1.0,0.75,0.2,1.0,0.2,1.0,1.0,1.0,0.75,0.13333333333333333,1.0,0.13333333333333333,1.0,1.0,1.0,0.75,0.1,1.0,0.1,1.0,1.0,1.0,0.75,0.08,1.0,0.08,1.0,1.0,1.0,0.75,0.06666666666666667,1.0,0.06666666666666667,1.0,1.0,1.0,0.75,0.05714285714285714,1.0,0.05714285714285714,1.0,1.0,1.0,0.75,0.05,1.0,0.05,1.0,1.0,1.0,0.75,0.044444444444444446,1.0,0.044444444444444446,1.0,1.0,1.0,0.75,0.04,1.0,0.04,1.0,1.0,1.0,0.75,webtable-cl_optim-v=9-distilroberta-dj_adpt~qwen3_4b-dj_adpt,omnimatch_culture_test,9
arts_commission_grants_noisy_6.pq::Grant Amount,0.0,0.0,1.0,1.0,0.0,0.0,0.0,0.2,1.0,0.2,1.0,1.0,0.3333333333333333,0.3333333333333333,0.1,1.0,0.1,1.0,1.0,0.3333333333333333,0.3333333333333333,0.06666666666666667,1.0,0.06666666666666667,1.0,1.0,0.3333333333333333,0.3333333333333333,0.05,1.0,0.05,1.0,1.0,0.3333333333333333,0.3333333333333333,0.04,1.0,0.04,1.0,1.0,0.3333333333333333,0.3333333333333333,0.03333333333333333,1.0,0.03333333333333333,1.0,1.0,0.3333333333333333,0.3333333333333333,0.02857142857142857,1.0,0.02857142857142857,1.0,1.0,0.3333333333333333,0.3333333333333333,0.025,1.0,0.025,1.0,1.0,0.3333333333333333,0.3333333333333333,0.022222222222222223,1.0,0.022222222222222223,1.0,1.0,0.3333333333333333,0.3333333333333333,0.02,1.0,0.02,1.0,1.0,0.3333333333333333,0.3333333333333333,webtable-cl_optim-v=9-distilroberta-dj_adpt~qwen3_4b-dj_adpt,omnimatch_culture_test,9
arts_commission_grants_noisy_6.pq::Grant Category,0.0,0.0,1.0,1.0,0.0,0.0,0.0,0.2,1.0,0.2,1.0,1.0,0.5,0.5,0.1,1.0,0.1,1.0,1.0,0.5,0.5,0.06666666666666667,1.0,0.06666666666666667,1.0,1.0,0.5,0.5,0.05,1.0,0.05,1.0,1.0,0.5,0.5,0.04,1.0,0.04,1.0,1.0,0.5,0.5,0.03333333333333333,1.0,0.03333333333333333,1.0,1.0,0.5,0.5,0.02857142857142857,1.0,0.02857142857142857,1.0,1.0,0.5,0.5,0.025,1.0,0.025,1.0,1.0,0.5,0.5,0.022222222222222223,1.0,0.022222222222222223,1.0,1.0,0.5,0.5,0.02,1.0,0.02,1.0,1.0,0.5,0.5,webtable-cl_optim-v=9-distilroberta-dj_adpt~qwen3_4b-dj_adpt,omnimatch_culture_test,9
arts_commission_grants_noisy_6.pq::Name of Applicant,0.0,0.0,1.0,1.0,0.0,0.0,0.0,0.0,0.0,0.2,1.0,0.0,0.0,0.0,0.1,1.0,0.1,1.0,1.0,0.16666666666666666,0.16666666666666666,0.06666666666666667,1.0,0.06666666666666667,1.0,1.0,0.16666666666666666,0.16666666666666666,0.05,1.0,0.05,1.0,1.0,0.16666666666666666,0.16666666666666666,0.04,1.0,0.04,1.0,1.0,0.16666666666666666,0.16666666666666666,0.03333333333333333,1.0,0.03333333333333333,1.0,1.0,0.16666666666666666,0.16666666666666666,0.02857142857142857,1.0,0.02857142857142857,1.0,1.0,0.16666666666666666,0.16666666666666666,0.025,1.0,0.025,1.0,1.0,0.16666666666666666,0.16666666666666666,0.022222222222222223,1.0,0.022222222222222223,1.0,1.0,0.16666666666666666,0.16666666666666666,0.02,1.0,0.02,1.0,1.0,0.16666666666666666,0.16666666666666666,webtable-cl_optim-v=9-distilroberta-dj_adpt~qwen3_4b-dj_adpt,omnimatch_culture_test,9
arts_commission_grants_noisy_7.pq::Community Focus Combined,1.0,0.25,1.0,0.25,1.0,1.0,0.25,0.8,1.0,0.8,1.0,1.0,1.0,1.0,0.4,1.0,0.4,1.0,1.0,1.0,1.0,0.26666666666666666,1.0,0.26666666666666666,1.0,1.0,1.0,1.0,0.2,1.0,0.2,1.0,1.0,1.0,1.0,0.16,1.0,0.16,1.0,1.0,1.0,1.0,0.13333333333333333,1.0,0.13333333333333333,1.0,1.0,1.0,1.0,0.11428571428571428,1.0,0.11428571428571428,1.0,1.0,1.0,1.0,0.1,1.0,0.1,1.0,1.0,1.0,1.0,0.08888888888888889,1.0,0.08888888888888889,1.0,1.0,1.0,1.0,0.08,1.0,0.08,1.0,1.0,1.0,1.0,webtable-cl_optim-v=9-distilroberta-dj_adpt~qwen3_4b-dj_adpt,omnimatch_culture_test,9
arts_commission_grants_noisy_7.pq::Grant Amount,1.0,0.2,1.0,0.2,1.0,1.0,0.2,0.8,0.8,1.0,1.0,1.0,1.0,0.6433333333333333,0.5,1.0,0.5,1.0,1.0,1.0,0.8099999999999999,0.3333333333333333,1.0,0.3333333333333333,1.0,1.0,1.0,0.8099999999999999,0.25,1.0,0.25,1.0,1.0,1.0,0.8099999999999999,0.2,1.0,0.2,1.0,1.0,1.0,0.8099999999999999,0.16666666666666666,1.0,0.16666666666666666,1.0,1.0,1.0,0.8099999999999999,0.14285714285714285,1.0,0.14285714285714285,1.0,1.0,1.0,0.8099999999999999,0.125,1.0,0.125,1.0,1.0,1.0,0.8099999999999999,0.1111111111111111,1.0,0.1111111111111111,1.0,1.0,1.0,0.8099999999999999,0.1,1.0,0.1,1.0,1.0,1.0,0.8099999999999999,webtable-cl_optim-v=9-distilroberta-dj_adpt~qwen3_4b-dj_adpt,omnimatch_culture_test,9
arts_commission_grants_noisy_7.pq::Grant Fiscal Year,1.0,0.25,1.0,0.25,1.0,1.0,0.25,0.8,1.0,0.8,1.0,1.0,1.0,1.0,0.4,1.0,0.4,1.0,1.0,1.0,1.0,0.26666666666666666,1.0,0.26666666666666666,1.0,1.0,1.0,1.0,0.2,1.0,0.2,1.0,1.0,1.0,1.0,0.16,1.0,0.16,1.0,1.0,1.0,1.0,0.13333333333333333,1.0,0.13333333333333333,1.0,1.0,1.0,1.0,0.11428571428571428,1.0,0.11428571428571428,1.0,1.0,1.0,1.0,0.1,1.0,0.1,1.0,1.0,1.0,1.0,0.08888888888888889,1.0,0.08888888888888889,1.0,1.0,1.0,1.0,0.08,1.0,0.08,1.0,1.0,1.0,1.0,webtable-cl_optim-v=9-distilroberta-dj_adpt~qwen3_4b-dj_adpt,omnimatch_culture_test,9
arts_commission_grants_noisy_7.pq::Name of Applicant,1.0,0.125,1.0,0.125,1.0,1.0,0.125,1.0,0.625,1.0,0.625,1.0,1.0,0.625,0.7,0.875,0.8,1.0,1.0,1.0,0.875,0.5333333333333333,1.0,0.5333333333333333,1.0,1.0,1.0,0.9659090909090909,0.4,1.0,0.4,1.0,1.0,1.0,0.9659090909090909,0.32,1.0,0.32,1.0,1.0,1.0,0.9659090909090909,0.26666666666666666,1.0,0.26666666666666666,1.0,1.0,1.0,0.9659090909090909,0.22857142857142856,1.0,0.22857142857142856,1.0,1.0,1.0,0.9659090909090909,0.2,1.0,0.2,1.0,1.0,1.0,0.9659090909090909,0.17777777777777778,1.0,0.17777777777777778,1.0,1.0,1.0,0.9659090909090909,0.16,1.0,0.16,1.0,1.0,1.0,0.9659090909090909,webtable-cl_optim-v=9-distilroberta-dj_adpt~qwen3_4b-dj_adpt,omnimatch_culture_test,9
arts_commission_grants_noisy_8.pq::Grant Amount,1.0,0.5,1.0,0.5,1.0,1.0,0.5,0.2,0.5,0.4,1.0,1.0,1.0,0.5,0.2,1.0,0.2,1.0,1.0,1.0,0.6666666666666666,0.13333333333333333,1.0,0.13333333333333333,1.0,1.0,1.0,0.6666666666666666,0.1,1.0,0.1,1.0,1.0,1.0,0.6666666666666666,0.08,1.0,0.08,1.0,1.0,1.0,0.6666666666666666,0.06666666666666667,1.0,0.06666666666666667,1.0,1.0,1.0,0.6666666666666666,0.05714285714285714,1.0,0.05714285714285714,1.0,1.0,1.0,0.6666666666666666,0.05,1.0,0.05,1.0,1.0,1.0,0.6666666666666666,0.044444444444444446,1.0,0.044444444444444446,1.0,1.0,1.0,0.6666666666666666,0.04,1.0,0.04,1.0,1.0,1.0,0.6666666666666666,webtable-cl_optim-v=9-distilroberta-dj_adpt~qwen3_4b-dj_adpt,omnimatch_culture_test,9
arts_commission_grants_noisy_8.pq::Grant Category,1.0,0.5,1.0,0.5,1.0,1.0,0.5,0.4,1.0,0.4,1.0,1.0,1.0,1.0,0.2,1.0,0.2,1.0,1.0,1.0,1.0,0.13333333333333333,1.0,0.13333333333333333,1.0,1.0,1.0,1.0,0.1,1.0,0.1,1.0,1.0,1.0,1.0,0.08,1.0,0.08,1.0,1.0,1.0,1.0,0.06666666666666667,1.0,0.06666666666666667,1.0,1.0,1.0,1.0,0.05714285714285714,1.0,0.05714285714285714,1.0,1.0,1.0,1.0,0.05,1.0,0.05,1.0,1.0,1.0,1.0,0.044444444444444446,1.0,0.044444444444444446,1.0,1.0,1.0,1.0,0.04,1.0,0.04,1.0,1.0,1.0,1.0,webtable-cl_optim-v=9-distilroberta-dj_adpt~qwen3_4b-dj_adpt,omnimatch_culture_test,9
arts_commission_grants_noisy_8.pq::Name of Applicant,0.0,0.0,1.0,0.3333333333333333,0.0,0.0,0.0,0.4,0.6666666666666666,0.6,1.0,1.0,0.3333333333333333,0.27777777777777773,0.2,0.6666666666666666,0.3,1.0,1.0,0.3333333333333333,0.27777777777777773,0.2,1.0,0.2,1.0,1.0,0.3333333333333333,0.3686868686868687,0.15,1.0,0.15,1.0,1.0,0.3333333333333333,0.3686868686868687,0.12,1.0,0.12,1.0,1.0,0.3333333333333333,0.3686868686868687,0.1,1.0,0.1,1.0,1.0,0.3333333333333333,0.3686868686868687,0.08571428571428572,1.0,0.08571428571428572,1.0,1.0,0.3333333333333333,0.3686868686868687,0.075,1.0,0.075,1.0,1.0,0.3333333333333333,0.3686868686868687,0.06666666666666667,1.0,0.06666666666666667,1.0,1.0,0.3333333333333333,0.3686868686868687,0.06,1.0,0.06,1.0,1.0,0.3333333333333333,0.3686868686868687,webtable-cl_optim-v=9-distilroberta-dj_adpt~qwen3_4b-dj_adpt,omnimatch_culture_test,9
arts_commission_grants_noisy_9.pq::Community Focus Combined,0.0,0.0,1.0,1.0,0.0,0.0,0.0,0.2,1.0,0.2,1.0,1.0,0.25,0.25,0.1,1.0,0.1,1.0,1.0,0.25,0.25,0.06666666666666667,1.0,0.06666666666666667,1.0,1.0,0.25,0.25,0.05,1.0,0.05,1.0,1.0,0.25,0.25,0.04,1.0,0.04,1.0,1.0,0.25,0.25,0.03333333333333333,1.0,0.03333333333333333,1.0,1.0,0.25,0.25,0.02857142857142857,1.0,0.02857142857142857,1.0,1.0,0.25,0.25,0.025,1.0,0.025,1.0,1.0,0.25,0.25,0.022222222222222223,1.0,0.022222222222222223,1.0,1.0,0.25,0.25,0.02,1.0,0.02,1.0,1.0,0.25,0.25,webtable-cl_optim-v=9-distilroberta-dj_adpt~qwen3_4b-dj_adpt,omnimatch_culture_test,9
arts_commission_grants_noisy_9.pq::Grant Fiscal Year,0.0,0.0,1.0,1.0,0.0,0.0,0.0,0.2,1.0,0.2,1.0,1.0,0.25,0.25,0.1,1.0,0.1,1.0,1.0,0.25,0.25,0.06666666666666667,1.0,0.06666666666666667,1.0,1.0,0.25,0.25,0.05,1.0,0.05,1.0,1.0,0.25,0.25,0.04,1.0,0.04,1.0,1.0,0.25,0.25,0.03333333333333333,1.0,0.03333333333333333,1.0,1.0,0.25,0.25,0.02857142857142857,1.0,0.02857142857142857,1.0,1.0,0.25,0.25,0.025,1.0,0.025,1.0,1.0,0.25,0.25,0.022222222222222223,1.0,0.022222222222222223,1.0,1.0,0.25,0.25,0.02,1.0,0.02,1.0,1.0,0.25,0.25,webtable-cl_optim-v=9-distilroberta-dj_adpt~qwen3_4b-dj_adpt,omnimatch_culture_test,9
arts_commission_grants_noisy_9.pq::Name of Applicant,1.0,0.2,1.0,0.2,1.0,1.0,0.2,0.6,0.6,1.0,1.0,1.0,1.0,0.4533333333333333,0.5,1.0,0.5,1.0,1.0,1.0,0.6866666666666666,0.3333333333333333,1.0,0.3333333333333333,1.0,1.0,1.0,0.6866666666666666,0.25,1.0,0.25,1.0,1.0,1.0,0.6866666666666666,0.2,1.0,0.2,1.0,1.0,1.0,0.6866666666666666,0.16666666666666666,1.0,0.16666666666666666,1.0,1.0,1.0,0.6866666666666666,0.14285714285714285,1.0,0.14285714285714285,1.0,1.0,1.0,0.6866666666666666,0.125,1.0,0.125,1.0,1.0,1.0,0.6866666666666666,0.1111111111111111,1.0,0.1111111111111111,1.0,1.0,1.0,0.6866666666666666,0.1,1.0,0.1,1.0,1.0,1.0,0.6866666666666666,webtable-cl_optim-v=9-distilroberta-dj_adpt~qwen3_4b-dj_adpt,omnimatch_culture_test,9
assessments_noisy_0.pq::ASSEMBLY_ID,1.0,0.25,1.0,0.25,1.0,1.0,0.25,0.4,0.5,0.8,1.0,1.0,1.0,0.375,0.2,0.5,0.4,1.0,1.0,1.0,0.375,0.13333333333333333,0.5,0.26666666666666666,1.0,1.0,1.0,0.375,0.1,0.5,0.2,1.0,1.0,1.0,0.375,0.12,0.75,0.16,1.0,1.0,1.0,0.40625,0.13333333333333333,1.0,0.13333333333333333,1.0,1.0,1.0,0.44471153846153844,0.11428571428571428,1.0,0.11428571428571428,1.0,1.0,1.0,0.44471153846153844,0.1,1.0,0.1,1.0,1.0,1.0,0.44471153846153844,0.08888888888888889,1.0,0.08888888888888889,1.0,1.0,1.0,0.44471153846153844,0.08,1.0,0.08,1.0,1.0,1.0,0.44471153846153844,webtable-cl_optim-v=9-distilroberta-dj_adpt~qwen3_4b-dj_adpt,omnimatch_culture_test,9
assessments_noisy_0.pq::PATH_NAME,0.0,0.0,1.0,0.5,0.0,0.0,0.0,0.2,0.5,0.4,1.0,1.0,0.3333333333333333,0.16666666666666666,0.1,0.5,0.2,1.0,1.0,0.3333333333333333,0.16666666666666666,0.06666666666666667,0.5,0.13333333333333333,1.0,1.0,0.3333333333333333,0.16666666666666666,0.05,0.5,0.1,1.0,1.0,0.3333333333333333,0.16666666666666666,0.04,0.5,0.08,1.0,1.0,0.3333333333333333,0.16666666666666666,0.03333333333333333,0.5,0.06666666666666667,1.0,1.0,0.3333333333333333,0.16666666666666666,0.02857142857142857,0.5,0.05714285714285714,1.0,1.0,0.3333333333333333,0.16666666666666666,0.05,1.0,0.05,1.0,1.0,0.3333333333333333,0.19298245614035087,0.044444444444444446,1.0,0.044444444444444446,1.0,1.0,0.3333333333333333,0.19298245614035087,0.04,1.0,0.04,1.0,1.0,0.3333333333333333,0.19298245614035087,webtable-cl_optim-v=9-distilroberta-dj_adpt~qwen3_4b-dj_adpt,omnimatch_culture_test,9
assessments_noisy_0.pq::SITE_ID,0.0,0.0,1.0,1.0,0.0,0.0,0.0,0.2,1.0,0.2,1.0,1.0,0.2,0.2,0.1,1.0,0.1,1.0,1.0,0.2,0.2,0.06666666666666667,1.0,0.06666666666666667,1.0,1.0,0.2,0.2,0.05,1.0,0.05,1.0,1.0,0.2,0.2,0.04,1.0,0.04,1.0,1.0,0.2,0.2,0.03333333333333333,1.0,0.03333333333333333,1.0,1.0,0.2,0.2,0.02857142857142857,1.0,0.02857142857142857,1.0,1.0,0.2,0.2,0.025,1.0,0.025,1.0,1.0,0.2,0.2,0.022222222222222223,1.0,0.022222222222222223,1.0,1.0,0.2,0.2,0.02,1.0,0.02,1.0,1.0,0.2,0.2,webtable-cl_optim-v=9-distilroberta-dj_adpt~qwen3_4b-dj_adpt,omnimatch_culture_test,9
assessments_noisy_0.pq::TMA_FACILITY_TYPE,0.0,0.0,1.0,1.0,0.0,0.0,0.0,0.0,0.0,0.2,1.0,0.0,0.0,0.0,0.0,0.0,0.1,1.0,0.0,0.0,0.0,0.06666666666666667,1.0,0.06666666666666667,1.0,1.0,0.07142857142857142,0.07142857142857142,0.05,1.0,0.05,1.0,1.0,0.07142857142857142,0.07142857142857142,0.04,1.0,0.04,1.0,1.0,0.07142857142857142,0.07142857142857142,0.03333333333333333,1.0,0.03333333333333333,1.0,1.0,0.07142857142857142,0.07142857142857142,0.02857142857142857,1.0,0.02857142857142857,1.0,1.0,0.07142857142857142,0.07142857142857142,0.025,1.0,0.025,1.0,1.0,0.07142857142857142,0.07142857142857142,0.022222222222222223,1.0,0.022222222222222223,1.0,1.0,0.07142857142857142,0.07142857142857142,0.02,1.0,0.02,1.0,1.0,0.07142857142857142,0.07142857142857142,webtable-cl_optim-v=9-distilroberta-dj_adpt~qwen3_4b-dj_adpt,omnimatch_culture_test,9
assessments_noisy_1.pq::ASSEMBLY,0.0,0.0,1.0,0.5,0.0,0.0,0.0,0.0,0.0,0.4,1.0,0.0,0.0,0.0,0.0,0.0,0.2,1.0,0.0,0.0,0.0,0.0,0.0,0.13333333333333333,1.0,0.0,0.0,0.0,0.1,1.0,0.1,1.0,1.0,0.05555555555555555,0.07777777777777778,0.08,1.0,0.08,1.0,1.0,0.05555555555555555,0.07777777777777778,0.06666666666666667,1.0,0.06666666666666667,1.0,1.0,0.05555555555555555,0.07777777777777778,0.05714285714285714,1.0,0.05714285714285714,1.0,1.0,0.05555555555555555,0.07777777777777778,0.05,1.0,0.05,1.0,1.0,0.05555555555555555,0.07777777777777778,0.044444444444444446,1.0,0.044444444444444446,1.0,1.0,0.05555555555555555,0.07777777777777778,0.04,1.0,0.04,1.0,1.0,0.05555555555555555,0.07777777777777778,webtable-cl_optim-v=9-distilroberta-dj_adpt~qwen3_4b-dj_adpt,omnimatch_culture_test,9
assessments_noisy_1.pq::ASSEMBLY_ID,0.0,0.0,1.0,0.3333333333333333,0.0,0.0,0.0,0.4,0.6666666666666666,0.6,1.0,1.0,0.5,0.3333333333333333,0.2,0.6666666666666666,0.3,1.0,1.0,0.5,0.3333333333333333,0.13333333333333333,0.6666666666666666,0.2,1.0,1.0,0.5,0.3333333333333333,0.1,0.6666666666666666,0.15,1.0,1.0,0.5,0.3333333333333333,0.12,1.0,0.12,1.0,1.0,0.5,0.37878787878787873,0.1,1.0,0.1,1.0,1.0,0.5,0.37878787878787873,0.08571428571428572,1.0,0.08571428571428572,1.0,1.0,0.5,0.37878787878787873,0.075,1.0,0.075,1.0,1.0,0.5,0.37878787878787873,0.06666666666666667,1.0,0.06666666666666667,1.0,1.0,0.5,0.37878787878787873,0.06,1.0,0.06,1.0,1.0,0.5,0.37878787878787873,webtable-cl_optim-v=9-distilroberta-dj_adpt~qwen3_4b-dj_adpt,omnimatch_culture_test,9
assessments_noisy_1.pq::ASSM_DESC,1.0,0.3333333333333333,1.0,0.3333333333333333,1.0,1.0,0.3333333333333333,0.6,1.0,0.6,1.0,1.0,1.0,0.7555555555555555,0.3,1.0,0.3,1.0,1.0,1.0,0.7555555555555555,0.2,1.0,0.2,1.0,1.0,1.0,0.7555555555555555,0.15,1.0,0.15,1.0,1.0,1.0,0.7555555555555555,0.12,1.0,0.12,1.0,1.0,1.0,0.7555555555555555,0.1,1.0,0.1,1.0,1.0,1.0,0.7555555555555555,0.08571428571428572,1.0,0.08571428571428572,1.0,1.0,1.0,0.7555555555555555,0.075,1.0,0.075,1.0,1.0,1.0,0.7555555555555555,0.06666666666666667,1.0,0.06666666666666667,1.0,1.0,1.0,0.7555555555555555,0.06,1.0,0.06,1.0,1.0,1.0,0.7555555555555555,webtable-cl_optim-v=9-distilroberta-dj_adpt~qwen3_4b-dj_adpt,omnimatch_culture_test,9
assessments_noisy_1.pq::PATH_TYPE,1.0,1.0,1.0,1.0,1.0,1.0,1.0,0.2,1.0,0.2,1.0,1.0,1.0,1.0,0.1,1.0,0.1,1.0,1.0,1.0,1.0,0.06666666666666667,1.0,0.06666666666666667,1.0,1.0,1.0,1.0,0.05,1.0,0.05,1.0,1.0,1.0,1.0,0.04,1.0,0.04,1.0,1.0,1.0,1.0,0.03333333333333333,1.0,0.03333333333333333,1.0,1.0,1.0,1.0,0.02857142857142857,1.0,0.02857142857142857,1.0,1.0,1.0,1.0,0.025,1.0,0.025,1.0,1.0,1.0,1.0,0.022222222222222223,1.0,0.022222222222222223,1.0,1.0,1.0,1.0,0.02,1.0,0.02,1.0,1.0,1.0,1.0,webtable-cl_optim-v=9-distilroberta-dj_adpt~qwen3_4b-dj_adpt,omnimatch_culture_test,9
assessments_noisy_1.pq::YEAR_INSTALLED,0.0,0.0,1.0,0.5,0.0,0.0,0.0,0.2,0.5,0.4,1.0,1.0,0.2,0.1,0.2,1.0,0.2,1.0,1.0,0.2,0.26666666666666666,0.13333333333333333,1.0,0.13333333333333333,1.0,1.0,0.2,0.26666666666666666,0.1,1.0,0.1,1.0,1.0,0.2,0.26666666666666666,0.08,1.0,0.08,1.0,1.0,0.2,0.26666666666666666,0.06666666666666667,1.0,0.06666666666666667,1.0,1.0,0.2,0.26666666666666666,0.05714285714285714,1.0,0.05714285714285714,1.0,1.0,0.2,0.26666666666666666,0.05,1.0,0.05,1.0,1.0,0.2,0.26666666666666666,0.044444444444444446,1.0,0.044444444444444446,1.0,1.0,0.2,0.26666666666666666,0.04,1.0,0.04,1.0,1.0,0.2,0.26666666666666666,webtable-cl_optim-v=9-distilroberta-dj_adpt~qwen3_4b-dj_adpt,omnimatch_culture_test,9
assessments_noisy_2.pq::ASSEMBLY_ID,1.0,0.125,1.0,0.125,1.0,1.0,0.125,1.0,0.625,1.0,0.625,1.0,1.0,0.625,0.5,0.625,0.8,1.0,1.0,1.0,0.625,0.3333333333333333,0.625,0.5333333333333333,1.0,1.0,1.0,0.625,0.25,0.625,0.4,1.0,1.0,1.0,0.625,0.24,0.75,0.32,1.0,1.0,1.0,0.65625,0.23333333333333334,0.875,0.26666666666666666,1.0,1.0,1.0,0.6899038461538461,0.22857142857142856,1.0,0.22857142857142856,1.0,1.0,1.0,0.7221619106699751,0.2,1.0,0.2,1.0,1.0,1.0,0.7221619106699751,0.17777777777777778,1.0,0.17777777777777778,1.0,1.0,1.0,0.7221619106699751,0.16,1.0,0.16,1.0,1.0,1.0,0.7221619106699751,webtable-cl_optim-v=9-distilroberta-dj_adpt~qwen3_4b-dj_adpt,omnimatch_culture_test,9
assessments_noisy_2.pq::PATH_NAME,0.0,0.0,1.0,0.2,0.0,0.0,0.0,0.4,0.4,1.0,1.0,1.0,0.5,0.2333333333333333,0.2,0.4,0.5,1.0,1.0,0.5,0.2333333333333333,0.13333333333333333,0.4,0.3333333333333333,1.0,1.0,0.5,0.2333333333333333,0.15,0.6,0.25,1.0,1.0,0.5,0.2708333333333333,0.12,0.6,0.2,1.0,1.0,0.5,0.2708333333333333,0.1,0.6,0.16666666666666666,1.0,1.0,0.5,0.2708333333333333,0.08571428571428572,0.6,0.14285714285714285,1.0,1.0,0.5,0.2708333333333333,0.1,0.8,0.125,1.0,1.0,0.5,0.2918859649122807,0.08888888888888889,0.8,0.1111111111111111,1.0,1.0,0.5,0.2918859649122807,0.08,0.8,0.1,1.0,1.0,0.5,0.2918859649122807,webtable-cl_optim-v=9-distilroberta-dj_adpt~qwen3_4b-dj_adpt,omnimatch_culture_test,9
assessments_noisy_2.pq::SITE_ID,0.0,0.0,1.0,0.3333333333333333,0.0,0.0,0.0,0.4,0.6666666666666666,0.6,1.0,1.0,0.3333333333333333,0.24444444444444446,0.2,0.6666666666666666,0.3,1.0,1.0,0.3333333333333333,0.24444444444444446,0.13333333333333333,0.6666666666666666,0.2,1.0,1.0,0.3333333333333333,0.24444444444444446,0.15,1.0,0.15,1.0,1.0,0.3333333333333333,0.3032679738562091,0.12,1.0,0.12,1.0,1.0,0.3333333333333333,0.3032679738562091,0.1,1.0,0.1,1.0,1.0,0.3333333333333333,0.3032679738562091,0.08571428571428572,1.0,0.08571428571428572,1.0,1.0,0.3333333333333333,0.3032679738562091,0.075,1.0,0.075,1.0,1.0,0.3333333333333333,0.3032679738562091,0.06666666666666667,1.0,0.06666666666666667,1.0,1.0,0.3333333333333333,0.3032679738562091,0.06,1.0,0.06,1.0,1.0,0.3333333333333333,0.3032679738562091,webtable-cl_optim-v=9-distilroberta-dj_adpt~qwen3_4b-dj_adpt,omnimatch_culture_test,9
assessments_noisy_2.pq::TMA_FACILITY_TYPE,0.0,0.0,1.0,0.3333333333333333,0.0,0.0,0.0,0.0,0.0,0.6,1.0,0.0,0.0,0.0,0.2,0.6666666666666666,0.3,1.0,1.0,0.14285714285714285,0.12169312169312169,0.2,1.0,0.2,1.0,1.0,0.14285714285714285,0.1931216931216931,0.15,1.0,0.15,1.0,1.0,0.14285714285714285,0.1931216931216931,0.12,1.0,0.12,1.0,1.0,0.14285714285714285,0.1931216931216931,0.1,1.0,0.1,1.0,1.0,0.14285714285714285,0.1931216931216931,0.08571428571428572,1.0,0.08571428571428572,1.0,1.0,0.14285714285714285,0.1931216931216931,0.075,1.0,0.075,1.0,1.0,0.14285714285714285,0.1931216931216931,0.06666666666666667,1.0,0.06666666666666667,1.0,1.0,0.14285714285714285,0.1931216931216931,0.06,1.0,0.06,1.0,1.0,0.14285714285714285,0.1931216931216931,webtable-cl_optim-v=9-distilroberta-dj_adpt~qwen3_4b-dj_adpt,omnimatch_culture_test,9
assessments_noisy_3.pq::ASSEMBLY,1.0,0.3333333333333333,1.0,0.3333333333333333,1.0,1.0,0.3333333333333333,0.2,0.3333333333333333,0.6,1.0,1.0,1.0,0.3333333333333333,0.1,0.3333333333333333,0.3,1.0,1.0,1.0,0.3333333333333333,0.06666666666666667,0.3333333333333333,0.2,1.0,1.0,1.0,0.3333333333333333,0.15,1.0,0.15,1.0,1.0,1.0,0.42037037037037034,0.12,1.0,0.12,1.0,1.0,1.0,0.42037037037037034,0.1,1.0,0.1,1.0,1.0,1.0,0.42037037037037034,0.08571428571428572,1.0,0.08571428571428572,1.0,1.0,1.0,0.42037037037037034,0.075,1.0,0.075,1.0,1.0,1.0,0.42037037037037034,0.06666666666666667,1.0,0.06666666666666667,1.0,1.0,1.0,0.42037037037037034,0.06,1.0,0.06,1.0,1.0,1.0,0.42037037037037034,webtable-cl_optim-v=9-distilroberta-dj_adpt~qwen3_4b-dj_adpt,omnimatch_culture_test,9
assessments_noisy_3.pq::ASSEMBLY_ID,0.0,0.0,1.0,0.16666666666666666,0.0,0.0,0.0,0.6,0.5,1.0,0.8333333333333334,1.0,0.5,0.3194444444444444,0.3,0.5,0.6,1.0,1.0,0.5,0.3194444444444444,0.26666666666666666,0.6666666666666666,0.4,1.0,1.0,0.5,0.3638888888888889,0.25,0.8333333333333334,0.3,1.0,1.0,0.5,0.4159722222222222,0.24,1.0,0.24,1.0,1.0,0.5,0.46142676767676766,0.2,1.0,0.2,1.0,1.0,0.5,0.46142676767676766,0.17142857142857143,1.0,0.17142857142857143,1.0,1.0,0.5,0.46142676767676766,0.15,1.0,0.15,1.0,1.0,0.5,0.46142676767676766,0.13333333333333333,1.0,0.13333333333333333,1.0,1.0,0.5,0.46142676767676766,0.12,1.0,0.12,1.0,1.0,0.5,0.46142676767676766,webtable-cl_optim-v=9-distilroberta-dj_adpt~qwen3_4b-dj_adpt,omnimatch_culture_test,9
assessments_noisy_3.pq::ASSM_DESC,1.0,0.25,1.0,0.25,1.0,1.0,0.25,0.8,1.0,0.8,1.0,1.0,1.0,0.8041666666666667,0.4,1.0,0.4,1.0,1.0,1.0,0.8041666666666667,0.26666666666666666,1.0,0.26666666666666666,1.0,1.0,1.0,0.8041666666666667,0.2,1.0,0.2,1.0,1.0,1.0,0.8041666666666667,0.16,1.0,0.16,1.0,1.0,1.0,0.8041666666666667,0.13333333333333333,1.0,0.13333333333333333,1.0,1.0,1.0,0.8041666666666667,0.11428571428571428,1.0,0.11428571428571428,1.0,1.0,1.0,0.8041666666666667,0.1,1.0,0.1,1.0,1.0,1.0,0.8041666666666667,0.08888888888888889,1.0,0.08888888888888889,1.0,1.0,1.0,0.8041666666666667,0.08,1.0,0.08,1.0,1.0,1.0,0.8041666666666667,webtable-cl_optim-v=9-distilroberta-dj_adpt~qwen3_4b-dj_adpt,omnimatch_culture_test,9
assessments_noisy_3.pq::PATH_TYPE,1.0,0.3333333333333333,1.0,0.3333333333333333,1.0,1.0,0.3333333333333333,0.6,1.0,0.6,1.0,1.0,1.0,0.9166666666666666,0.3,1.0,0.3,1.0,1.0,1.0,0.9166666666666666,0.2,1.0,0.2,1.0,1.0,1.0,0.9166666666666666,0.15,1.0,0.15,1.0,1.0,1.0,0.9166666666666666,0.12,1.0,0.12,1.0,1.0,1.0,0.9166666666666666,0.1,1.0,0.1,1.0,1.0,1.0,0.9166666666666666,0.08571428571428572,1.0,0.08571428571428572,1.0,1.0,1.0,0.9166666666666666,0.075,1.0,0.075,1.0,1.0,1.0,0.9166666666666666,0.06666666666666667,1.0,0.06666666666666667,1.0,1.0,1.0,0.9166666666666666,0.06,1.0,0.06,1.0,1.0,1.0,0.9166666666666666,webtable-cl_optim-v=9-distilroberta-dj_adpt~qwen3_4b-dj_adpt,omnimatch_culture_test,9
assessments_noisy_3.pq::YEAR_INSTALLED,0.0,0.0,1.0,0.3333333333333333,0.0,0.0,0.0,0.4,0.6666666666666666,0.6,1.0,1.0,0.3333333333333333,0.24444444444444446,0.3,1.0,0.3,1.0,1.0,0.3333333333333333,0.41111111111111115,0.2,1.0,0.2,1.0,1.0,0.3333333333333333,0.41111111111111115,0.15,1.0,0.15,1.0,1.0,0.3333333333333333,0.41111111111111115,0.12,1.0,0.12,1.0,1.0,0.3333333333333333,0.41111111111111115,0.1,1.0,0.1,1.0,1.0,0.3333333333333333,0.41111111111111115,0.08571428571428572,1.0,0.08571428571428572,1.0,1.0,0.3333333333333333,0.41111111111111115,0.075,1.0,0.075,1.0,1.0,0.3333333333333333,0.41111111111111115,0.06666666666666667,1.0,0.06666666666666667,1.0,1.0,0.3333333333333333,0.41111111111111115,0.06,1.0,0.06,1.0,1.0,0.3333333333333333,0.41111111111111115,webtable-cl_optim-v=9-distilroberta-dj_adpt~qwen3_4b-dj_adpt,omnimatch_culture_test,9
assessments_noisy_4.pq::ASSEMBLY_ID,0.0,0.0,1.0,0.5,0.0,0.0,0.0,0.0,0.0,0.4,1.0,0.0,0.0,0.0,0.0,0.0,0.2,1.0,0.0,0.0,0.0,0.0,0.0,0.13333333333333333,1.0,0.0,0.0,0.0,0.0,0.0,0.1,1.0,0.0,0.0,0.0,0.04,0.5,0.08,1.0,1.0,0.04,0.02,0.06666666666666667,1.0,0.06666666666666667,1.0,1.0,0.04,0.05846153846153847,0.05714285714285714,1.0,0.05714285714285714,1.0,1.0,0.04,0.05846153846153847,0.05,1.0,0.05,1.0,1.0,0.04,0.05846153846153847,0.044444444444444446,1.0,0.044444444444444446,1.0,1.0,0.04,0.05846153846153847,0.04,1.0,0.04,1.0,1.0,0.04,0.05846153846153847,webtable-cl_optim-v=9-distilroberta-dj_adpt~qwen3_4b-dj_adpt,omnimatch_culture_test,9
assessments_noisy_4.pq::ASSM_DESC,1.0,0.5,1.0,0.5,1.0,1.0,0.5,0.4,1.0,0.4,1.0,1.0,1.0,1.0,0.2,1.0,0.2,1.0,1.0,1.0,1.0,0.13333333333333333,1.0,0.13333333333333333,1.0,1.0,1.0,1.0,0.1,1.0,0.1,1.0,1.0,1.0,1.0,0.08,1.0,0.08,1.0,1.0,1.0,1.0,0.06666666666666667,1.0,0.06666666666666667,1.0,1.0,1.0,1.0,0.05714285714285714,1.0,0.05714285714285714,1.0,1.0,1.0,1.0,0.05,1.0,0.05,1.0,1.0,1.0,1.0,0.044444444444444446,1.0,0.044444444444444446,1.0,1.0,1.0,1.0,0.04,1.0,0.04,1.0,1.0,1.0,1.0,webtable-cl_optim-v=9-distilroberta-dj_adpt~qwen3_4b-dj_adpt,omnimatch_culture_test,9
assessments_noisy_4.pq::PATH_NAME,0.0,0.0,1.0,1.0,0.0,0.0,0.0,0.0,0.0,0.2,1.0,0.0,0.0,0.0,0.0,0.0,0.1,1.0,0.0,0.0,0.0,0.0,0.0,0.06666666666666667,1.0,0.0,0.0,0.0,0.0,0.0,0.05,1.0,0.0,0.0,0.0,0.0,0.0,0.04,1.0,0.0,0.0,0.0,0.0,0.0,0.03333333333333333,1.0,0.0,0.0,0.0,0.0,0.0,0.02857142857142857,1.0,0.0,0.0,0.0,0.025,1.0,0.025,1.0,1.0,0.02564102564102564,0.02564102564102564,0.022222222222222223,1.0,0.022222222222222223,1.0,1.0,0.02564102564102564,0.02564102564102564,0.02,1.0,0.02,1.0,1.0,0.02564102564102564,0.02564102564102564,webtable-cl_optim-v=9-distilroberta-dj_adpt~qwen3_4b-dj_adpt,omnimatch_culture_test,9
assessments_noisy_5.pq::ASSEMBLY,1.0,0.25,1.0,0.25,1.0,1.0,0.25,0.8,1.0,0.8,1.0,1.0,1.0,0.8875,0.4,1.0,0.4,1.0,1.0,1.0,0.8875,0.26666666666666666,1.0,0.26666666666666666,1.0,1.0,1.0,0.8875,0.2,1.0,0.2,1.0,1.0,1.0,0.8875,0.16,1.0,0.16,1.0,1.0,1.0,0.8875,0.13333333333333333,1.0,0.13333333333333333,1.0,1.0,1.0,0.8875,0.11428571428571428,1.0,0.11428571428571428,1.0,1.0,1.0,0.8875,0.1,1.0,0.1,1.0,1.0,1.0,0.8875,0.08888888888888889,1.0,0.08888888888888889,1.0,1.0,1.0,0.8875,0.08,1.0,0.08,1.0,1.0,1.0,0.8875,webtable-cl_optim-v=9-distilroberta-dj_adpt~qwen3_4b-dj_adpt,omnimatch_culture_test,9
assessments_noisy_5.pq::ASSEMBLY_ID,1.0,0.14285714285714285,1.0,0.14285714285714285,1.0,1.0,0.14285714285714285,0.8,0.5714285714285714,1.0,0.7142857142857143,1.0,1.0,0.5071428571428571,0.6,0.8571428571428571,0.7,1.0,1.0,1.0,0.6722222222222223,0.4666666666666667,1.0,0.4666666666666667,1.0,1.0,1.0,0.7555555555555555,0.35,1.0,0.35,1.0,1.0,1.0,0.7555555555555555,0.28,1.0,0.28,1.0,1.0,1.0,0.7555555555555555,0.23333333333333334,1.0,0.23333333333333334,1.0,1.0,1.0,0.7555555555555555,0.2,1.0,0.2,1.0,1.0,1.0,0.7555555555555555,0.175,1.0,0.175,1.0,1.0,1.0,0.7555555555555555,0.15555555555555556,1.0,0.15555555555555556,1.0,1.0,1.0,0.7555555555555555,0.14,1.0,0.14,1.0,1.0,1.0,0.7555555555555555,webtable-cl_optim-v=9-distilroberta-dj_adpt~qwen3_4b-dj_adpt,omnimatch_culture_test,9
assessments_noisy_5.pq::ASSM_DESC,1.0,0.2,1.0,0.2,1.0,1.0,0.2,0.4,0.4,1.0,1.0,1.0,1.0,0.4,0.3,0.6,0.5,1.0,1.0,1.0,0.48571428571428565,0.3333333333333333,1.0,0.3333333333333333,1.0,1.0,1.0,0.6417748917748918,0.25,1.0,0.25,1.0,1.0,1.0,0.6417748917748918,0.2,1.0,0.2,1.0,1.0,1.0,0.6417748917748918,0.16666666666666666,1.0,0.16666666666666666,1.0,1.0,1.0,0.6417748917748918,0.14285714285714285,1.0,0.14285714285714285,1.0,1.0,1.0,0.6417748917748918,0.125,1.0,0.125,1.0,1.0,1.0,0.6417748917748918,0.1111111111111111,1.0,0.1111111111111111,1.0,1.0,1.0,0.6417748917748918,0.1,1.0,0.1,1.0,1.0,1.0,0.6417748917748918,webtable-cl_optim-v=9-distilroberta-dj_adpt~qwen3_4b-dj_adpt,omnimatch_culture_test,9
assessments_noisy_5.pq::PATH_NAME,1.0,0.25,1.0,0.25,1.0,1.0,0.25,0.4,0.5,0.8,1.0,1.0,1.0,0.41666666666666663,0.2,0.5,0.4,1.0,1.0,1.0,0.41666666666666663,0.13333333333333333,0.5,0.26666666666666666,1.0,1.0,1.0,0.41666666666666663,0.1,0.5,0.2,1.0,1.0,1.0,0.41666666666666663,0.08,0.5,0.16,1.0,1.0,1.0,0.41666666666666663,0.06666666666666667,0.5,0.13333333333333333,1.0,1.0,1.0,0.41666666666666663,0.05714285714285714,0.5,0.11428571428571428,1.0,1.0,1.0,0.41666666666666663,0.05,0.5,0.1,1.0,1.0,1.0,0.41666666666666663,0.044444444444444446,0.5,0.08888888888888889,1.0,1.0,1.0,0.41666666666666663,0.04,0.5,0.08,1.0,1.0,1.0,0.41666666666666663,webtable-cl_optim-v=9-distilroberta-dj_adpt~qwen3_4b-dj_adpt,omnimatch_culture_test,9
assessments_noisy_5.pq::PATH_TYPE,1.0,0.25,1.0,0.25,1.0,1.0,0.25,0.8,1.0,0.8,1.0,1.0,1.0,1.0,0.4,1.0,0.4,1.0,1.0,1.0,1.0,0.26666666666666666,1.0,0.26666666666666666,1.0,1.0,1.0,1.0,0.2,1.0,0.2,1.0,1.0,1.0,1.0,0.16,1.0,0.16,1.0,1.0,1.0,1.0,0.13333333333333333,1.0,0.13333333333333333,1.0,1.0,1.0,1.0,0.11428571428571428,1.0,0.11428571428571428,1.0,1.0,1.0,1.0,0.1,1.0,0.1,1.0,1.0,1.0,1.0,0.08888888888888889,1.0,0.08888888888888889,1.0,1.0,1.0,1.0,0.08,1.0,0.08,1.0,1.0,1.0,1.0,webtable-cl_optim-v=9-distilroberta-dj_adpt~qwen3_4b-dj_adpt,omnimatch_culture_test,9
assessments_noisy_5.pq::YEAR_INSTALLED,0.0,0.0,1.0,0.25,0.0,0.0,0.0,0.6,0.75,0.8,1.0,1.0,0.5,0.44166666666666665,0.4,1.0,0.4,1.0,1.0,0.5,0.6083333333333333,0.26666666666666666,1.0,0.26666666666666666,1.0,1.0,0.5,0.6083333333333333,0.2,1.0,0.2,1.0,1.0,0.5,0.6083333333333333,0.16,1.0,0.16,1.0,1.0,0.5,0.6083333333333333,0.13333333333333333,1.0,0.13333333333333333,1.0,1.0,0.5,0.6083333333333333,0.11428571428571428,1.0,0.11428571428571428,1.0,1.0,0.5,0.6083333333333333,0.1,1.0,0.1,1.0,1.0,0.5,0.6083333333333333,0.08888888888888889,1.0,0.08888888888888889,1.0,1.0,0.5,0.6083333333333333,0.08,1.0,0.08,1.0,1.0,0.5,0.6083333333333333,webtable-cl_optim-v=9-distilroberta-dj_adpt~qwen3_4b-dj_adpt,omnimatch_culture_test,9
assessments_noisy_6.pq::ASSEMBLY_ID,1.0,0.1111111111111111,1.0,0.1111111111111111,1.0,1.0,0.1111111111111111,1.0,0.5555555555555556,1.0,0.5555555555555556,1.0,1.0,0.5555555555555556,0.6,0.6666666666666666,0.9,1.0,1.0,1.0,0.6666666666666666,0.4,0.6666666666666666,0.6,1.0,1.0,1.0,0.6666666666666666,0.3,0.6666666666666666,0.45,1.0,1.0,1.0,0.6666666666666666,0.28,0.7777777777777778,0.36,1.0,1.0,1.0,0.6990740740740741,0.26666666666666666,0.8888888888888888,0.3,1.0,1.0,1.0,0.7332621082621082,0.2571428571428571,1.0,0.2571428571428571,1.0,1.0,1.0,0.7655201727782373,0.225,1.0,0.225,1.0,1.0,1.0,0.7655201727782373,0.2,1.0,0.2,1.0,1.0,1.0,0.7655201727782373,0.18,1.0,0.18,1.0,1.0,1.0,0.7655201727782373,webtable-cl_optim-v=9-distilroberta-dj_adpt~qwen3_4b-dj_adpt,omnimatch_culture_test,9
assessments_noisy_6.pq::PATH_NAME,1.0,0.16666666666666666,1.0,0.16666666666666666,1.0,1.0,0.16666666666666666,0.4,0.3333333333333333,1.0,0.8333333333333334,1.0,1.0,0.3333333333333333,0.2,0.3333333333333333,0.6,1.0,1.0,1.0,0.3333333333333333,0.2,0.5,0.4,1.0,1.0,1.0,0.3666666666666667,0.2,0.6666666666666666,0.3,1.0,1.0,1.0,0.4083333333333334,0.16,0.6666666666666666,0.24,1.0,1.0,1.0,0.4083333333333334,0.13333333333333333,0.6666666666666666,0.2,1.0,1.0,1.0,0.4083333333333334,0.11428571428571428,0.6666666666666666,0.17142857142857143,1.0,1.0,1.0,0.4083333333333334,0.125,0.8333333333333334,0.15,1.0,1.0,1.0,0.43026315789473685,0.1111111111111111,0.8333333333333334,0.13333333333333333,1.0,1.0,1.0,0.43026315789473685,0.1,0.8333333333333334,0.12,1.0,1.0,1.0,0.43026315789473685,webtable-cl_optim-v=9-distilroberta-dj_adpt~qwen3_4b-dj_adpt,omnimatch_culture_test,9
assessments_noisy_6.pq::SITE_ID,0.0,0.0,1.0,0.25,0.0,0.0,0.0,0.4,0.5,0.8,1.0,1.0,0.3333333333333333,0.18333333333333335,0.2,0.5,0.4,1.0,1.0,0.3333333333333333,0.18333333333333335,0.13333333333333333,0.5,0.26666666666666666,1.0,1.0,0.3333333333333333,0.18333333333333335,0.2,1.0,0.2,1.0,1.0,0.3333333333333333,0.28903186274509807,0.16,1.0,0.16,1.0,1.0,0.3333333333333333,0.28903186274509807,0.13333333333333333,1.0,0.13333333333333333,1.0,1.0,0.3333333333333333,0.28903186274509807,0.11428571428571428,1.0,0.11428571428571428,1.0,1.0,0.3333333333333333,0.28903186274509807,0.1,1.0,0.1,1.0,1.0,0.3333333333333333,0.28903186274509807,0.08888888888888889,1.0,0.08888888888888889,1.0,1.0,0.3333333333333333,0.28903186274509807,0.08,1.0,0.08,1.0,1.0,0.3333333333333333,0.28903186274509807,webtable-cl_optim-v=9-distilroberta-dj_adpt~qwen3_4b-dj_adpt,omnimatch_culture_test,9
assessments_noisy_6.pq::TMA_FACILITY_TYPE,0.0,0.0,1.0,0.25,0.0,0.0,0.0,0.0,0.0,0.8,1.0,0.0,0.0,0.0,0.3,0.75,0.4,1.0,1.0,0.16666666666666666,0.1875,0.26666666666666666,1.0,0.26666666666666666,1.0,1.0,0.16666666666666666,0.2589285714285714,0.2,1.0,0.2,1.0,1.0,0.16666666666666666,0.2589285714285714,0.16,1.0,0.16,1.0,1.0,0.16666666666666666,0.2589285714285714,0.13333333333333333,1.0,0.13333333333333333,1.0,1.0,0.16666666666666666,0.2589285714285714,0.11428571428571428,1.0,0.11428571428571428,1.0,1.0,0.16666666666666666,0.2589285714285714,0.1,1.0,0.1,1.0,1.0,0.16666666666666666,0.2589285714285714,0.08888888888888889,1.0,0.08888888888888889,1.0,1.0,0.16666666666666666,0.2589285714285714,0.08,1.0,0.08,1.0,1.0,0.16666666666666666,0.2589285714285714,webtable-cl_optim-v=9-distilroberta-dj_adpt~qwen3_4b-dj_adpt,omnimatch_culture_test,9
assessments_noisy_7.pq::ASSEMBLY,0.0,0.0,1.0,1.0,0.0,0.0,0.0,0.0,0.0,0.2,1.0,0.0,0.0,0.0,0.0,0.0,0.1,1.0,0.0,0.0,0.0,0.0,0.0,0.06666666666666667,1.0,0.0,0.0,0.0,0.05,1.0,0.05,1.0,1.0,0.05263157894736842,0.05263157894736842,0.04,1.0,0.04,1.0,1.0,0.05263157894736842,0.05263157894736842,0.03333333333333333,1.0,0.03333333333333333,1.0,1.0,0.05263157894736842,0.05263157894736842,0.02857142857142857,1.0,0.02857142857142857,1.0,1.0,0.05263157894736842,0.05263157894736842,0.025,1.0,0.025,1.0,1.0,0.05263157894736842,0.05263157894736842,0.022222222222222223,1.0,0.022222222222222223,1.0,1.0,0.05263157894736842,0.05263157894736842,0.02,1.0,0.02,1.0,1.0,0.05263157894736842,0.05263157894736842,webtable-cl_optim-v=9-distilroberta-dj_adpt~qwen3_4b-dj_adpt,omnimatch_culture_test,9
assessments_noisy_7.pq::ASSEMBLY_ID,0.0,0.0,1.0,1.0,0.0,0.0,0.0,0.2,1.0,0.2,1.0,1.0,0.3333333333333333,0.3333333333333333,0.1,1.0,0.1,1.0,1.0,0.3333333333333333,0.3333333333333333,0.06666666666666667,1.0,0.06666666666666667,1.0,1.0,0.3333333333333333,0.3333333333333333,0.05,1.0,0.05,1.0,1.0,0.3333333333333333,0.3333333333333333,0.04,1.0,0.04,1.0,1.0,0.3333333333333333,0.3333333333333333,0.03333333333333333,1.0,0.03333333333333333,1.0,1.0,0.3333333333333333,0.3333333333333333,0.02857142857142857,1.0,0.02857142857142857,1.0,1.0,0.3333333333333333,0.3333333333333333,0.025,1.0,0.025,1.0,1.0,0.3333333333333333,0.3333333333333333,0.022222222222222223,1.0,0.022222222222222223,1.0,1.0,0.3333333333333333,0.3333333333333333,0.02,1.0,0.02,1.0,1.0,0.3333333333333333,0.3333333333333333,webtable-cl_optim-v=9-distilroberta-dj_adpt~qwen3_4b-dj_adpt,omnimatch_culture_test,9
assessments_noisy_7.pq::ASSM_DESC,1.0,1.0,1.0,1.0,1.0,1.0,1.0,0.2,1.0,0.2,1.0,1.0,1.0,1.0,0.1,1.0,0.1,1.0,1.0,1.0,1.0,0.06666666666666667,1.0,0.06666666666666667,1.0,1.0,1.0,1.0,0.05,1.0,0.05,1.0,1.0,1.0,1.0,0.04,1.0,0.04,1.0,1.0,1.0,1.0,0.03333333333333333,1.0,0.03333333333333333,1.0,1.0,1.0,1.0,0.02857142857142857,1.0,0.02857142857142857,1.0,1.0,1.0,1.0,0.025,1.0,0.025,1.0,1.0,1.0,1.0,0.022222222222222223,1.0,0.022222222222222223,1.0,1.0,1.0,1.0,0.02,1.0,0.02,1.0,1.0,1.0,1.0,webtable-cl_optim-v=9-distilroberta-dj_adpt~qwen3_4b-dj_adpt,omnimatch_culture_test,9
assessments_noisy_7.pq::YEAR_INSTALLED,1.0,1.0,1.0,1.0,1.0,1.0,1.0,0.2,1.0,0.2,1.0,1.0,1.0,1.0,0.1,1.0,0.1,1.0,1.0,1.0,1.0,0.06666666666666667,1.0,0.06666666666666667,1.0,1.0,1.0,1.0,0.05,1.0,0.05,1.0,1.0,1.0,1.0,0.04,1.0,0.04,1.0,1.0,1.0,1.0,0.03333333333333333,1.0,0.03333333333333333,1.0,1.0,1.0,1.0,0.02857142857142857,1.0,0.02857142857142857,1.0,1.0,1.0,1.0,0.025,1.0,0.025,1.0,1.0,1.0,1.0,0.022222222222222223,1.0,0.022222222222222223,1.0,1.0,1.0,1.0,0.02,1.0,0.02,1.0,1.0,1.0,1.0,webtable-cl_optim-v=9-distilroberta-dj_adpt~qwen3_4b-dj_adpt,omnimatch_culture_test,9
assessments_noisy_8.pq::ASSEMBLY_ID,1.0,0.2,1.0,0.2,1.0,1.0,0.2,0.4,0.4,1.0,1.0,1.0,1.0,0.3333333333333333,0.2,0.4,0.5,1.0,1.0,1.0,0.3333333333333333,0.13333333333333333,0.4,0.3333333333333333,1.0,1.0,1.0,0.3333333333333333,0.1,0.4,0.25,1.0,1.0,1.0,0.3333333333333333,0.16,0.8,0.2,1.0,1.0,1.0,0.39826839826839827,0.16666666666666666,1.0,0.16666666666666666,1.0,1.0,1.0,0.4327511568890879,0.14285714285714285,1.0,0.14285714285714285,1.0,1.0,1.0,0.4327511568890879,0.125,1.0,0.125,1.0,1.0,1.0,0.4327511568890879,0.1111111111111111,1.0,0.1111111111111111,1.0,1.0,1.0,0.4327511568890879,0.1,1.0,0.1,1.0,1.0,1.0,0.4327511568890879,webtable-cl_optim-v=9-distilroberta-dj_adpt~qwen3_4b-dj_adpt,omnimatch_culture_test,9
assessments_noisy_8.pq::PATH_NAME,1.0,0.3333333333333333,1.0,0.3333333333333333,1.0,1.0,0.3333333333333333,0.4,0.6666666666666666,0.6,1.0,1.0,1.0,0.5555555555555555,0.2,0.6666666666666666,0.3,1.0,1.0,1.0,0.5555555555555555,0.13333333333333333,0.6666666666666666,0.2,1.0,1.0,1.0,0.5555555555555555,0.1,0.6666666666666666,0.15,1.0,1.0,1.0,0.5555555555555555,0.08,0.6666666666666666,0.12,1.0,1.0,1.0,0.5555555555555555,0.06666666666666667,0.6666666666666666,0.1,1.0,1.0,1.0,0.5555555555555555,0.05714285714285714,0.6666666666666666,0.08571428571428572,1.0,1.0,1.0,0.5555555555555555,0.05,0.6666666666666666,0.075,1.0,1.0,1.0,0.5555555555555555,0.044444444444444446,0.6666666666666666,0.06666666666666667,1.0,1.0,1.0,0.5555555555555555,0.04,0.6666666666666666,0.06,1.0,1.0,1.0,0.5555555555555555,webtable-cl_optim-v=9-distilroberta-dj_adpt~qwen3_4b-dj_adpt,omnimatch_culture_test,9
assessments_noisy_8.pq::PATH_TYPE,1.0,0.5,1.0,0.5,1.0,1.0,0.5,0.4,1.0,0.4,1.0,1.0,1.0,0.8333333333333333,0.2,1.0,0.2,1.0,1.0,1.0,0.8333333333333333,0.13333333333333333,1.0,0.13333333333333333,1.0,1.0,1.0,0.8333333333333333,0.1,1.0,0.1,1.0,1.0,1.0,0.8333333333333333,0.08,1.0,0.08,1.0,1.0,1.0,0.8333333333333333,0.06666666666666667,1.0,0.06666666666666667,1.0,1.0,1.0,0.8333333333333333,0.05714285714285714,1.0,0.05714285714285714,1.0,1.0,1.0,0.8333333333333333,0.05,1.0,0.05,1.0,1.0,1.0,0.8333333333333333,0.044444444444444446,1.0,0.044444444444444446,1.0,1.0,1.0,0.8333333333333333,0.04,1.0,0.04,1.0,1.0,1.0,0.8333333333333333,webtable-cl_optim-v=9-distilroberta-dj_adpt~qwen3_4b-dj_adpt,omnimatch_culture_test,9
assessments_noisy_8.pq::SITE_ID,0.0,0.0,1.0,0.5,0.0,0.0,0.0,0.2,0.5,0.4,1.0,1.0,0.2,0.1,0.1,0.5,0.2,1.0,1.0,0.2,0.1,0.06666666666666667,0.5,0.13333333333333333,1.0,1.0,0.2,0.1,0.1,1.0,0.1,1.0,1.0,0.2,0.1625,0.08,1.0,0.08,1.0,1.0,0.2,0.1625,0.06666666666666667,1.0,0.06666666666666667,1.0,1.0,0.2,0.1625,0.05714285714285714,1.0,0.05714285714285714,1.0,1.0,0.2,0.1625,0.05,1.0,0.05,1.0,1.0,0.2,0.1625,0.044444444444444446,1.0,0.044444444444444446,1.0,1.0,0.2,0.1625,0.04,1.0,0.04,1.0,1.0,0.2,0.1625,webtable-cl_optim-v=9-distilroberta-dj_adpt~qwen3_4b-dj_adpt,omnimatch_culture_test,9
assessments_noisy_8.pq::TMA_FACILITY_TYPE,0.0,0.0,1.0,0.5,0.0,0.0,0.0,0.0,0.0,0.4,1.0,0.0,0.0,0.0,0.0,0.0,0.2,1.0,0.0,0.0,0.0,0.13333333333333333,1.0,0.13333333333333333,1.0,1.0,0.08333333333333333,0.10833333333333334,0.1,1.0,0.1,1.0,1.0,0.08333333333333333,0.10833333333333334,0.08,1.0,0.08,1.0,1.0,0.08333333333333333,0.10833333333333334,0.06666666666666667,1.0,0.06666666666666667,1.0,1.0,0.08333333333333333,0.10833333333333334,0.05714285714285714,1.0,0.05714285714285714,1.0,1.0,0.08333333333333333,0.10833333333333334,0.05,1.0,0.05,1.0,1.0,0.08333333333333333,0.10833333333333334,0.044444444444444446,1.0,0.044444444444444446,1.0,1.0,0.08333333333333333,0.10833333333333334,0.04,1.0,0.04,1.0,1.0,0.08333333333333333,0.10833333333333334,webtable-cl_optim-v=9-distilroberta-dj_adpt~qwen3_4b-dj_adpt,omnimatch_culture_test,9
civic_art_collection_noisy_0.pq::artist,1.0,0.5,1.0,0.5,1.0,1.0,0.5,0.4,1.0,0.4,1.0,1.0,1.0,0.8333333333333333,0.2,1.0,0.2,1.0,1.0,1.0,0.8333333333333333,0.13333333333333333,1.0,0.13333333333333333,1.0,1.0,1.0,0.8333333333333333,0.1,1.0,0.1,1.0,1.0,1.0,0.8333333333333333,0.08,1.0,0.08,1.0,1.0,1.0,0.8333333333333333,0.06666666666666667,1.0,0.06666666666666667,1.0,1.0,1.0,0.8333333333333333,0.05714285714285714,1.0,0.05714285714285714,1.0,1.0,1.0,0.8333333333333333,0.05,1.0,0.05,1.0,1.0,1.0,0.8333333333333333,0.044444444444444446,1.0,0.044444444444444446,1.0,1.0,1.0,0.8333333333333333,0.04,1.0,0.04,1.0,1.0,1.0,0.8333333333333333,webtable-cl_optim-v=9-distilroberta-dj_adpt~qwen3_4b-dj_adpt,omnimatch_culture_test,9
civic_art_collection_noisy_0.pq::creation_date,1.0,0.5,1.0,0.5,1.0,1.0,0.5,0.4,1.0,0.4,1.0,1.0,1.0,0.75,0.2,1.0,0.2,1.0,1.0,1.0,0.75,0.13333333333333333,1.0,0.13333333333333333,1.0,1.0,1.0,0.75,0.1,1.0,0.1,1.0,1.0,1.0,0.75,0.08,1.0,0.08,1.0,1.0,1.0,0.75,0.06666666666666667,1.0,0.06666666666666667,1.0,1.0,1.0,0.75,0.05714285714285714,1.0,0.05714285714285714,1.0,1.0,1.0,0.75,0.05,1.0,0.05,1.0,1.0,1.0,0.75,0.044444444444444446,1.0,0.044444444444444446,1.0,1.0,1.0,0.75,0.04,1.0,0.04,1.0,1.0,1.0,0.75,webtable-cl_optim-v=9-distilroberta-dj_adpt~qwen3_4b-dj_adpt,omnimatch_culture_test,9
civic_art_collection_noisy_0.pq::credit_line,1.0,0.5,1.0,0.5,1.0,1.0,0.5,0.2,0.5,0.4,1.0,1.0,1.0,0.5,0.1,0.5,0.2,1.0,1.0,1.0,0.5,0.06666666666666667,0.5,0.13333333333333333,1.0,1.0,1.0,0.5,0.05,0.5,0.1,1.0,1.0,1.0,0.5,0.04,0.5,0.08,1.0,1.0,1.0,0.5,0.03333333333333333,0.5,0.06666666666666667,1.0,1.0,1.0,0.5,0.02857142857142857,0.5,0.05714285714285714,1.0,1.0,1.0,0.5,0.025,0.5,0.05,1.0,1.0,1.0,0.5,0.022222222222222223,0.5,0.044444444444444446,1.0,1.0,1.0,0.5,0.02,0.5,0.04,1.0,1.0,1.0,0.5,webtable-cl_optim-v=9-distilroberta-dj_adpt~qwen3_4b-dj_adpt,omnimatch_culture_test,9
civic_art_collection_noisy_0.pq::display_dimensions,1.0,0.5,1.0,0.5,1.0,1.0,0.5,0.4,1.0,0.4,1.0,1.0,1.0,0.75,0.2,1.0,0.2,1.0,1.0,1.0,0.75,0.13333333333333333,1.0,0.13333333333333333,1.0,1.0,1.0,0.75,0.1,1.0,0.1,1.0,1.0,1.0,0.75,0.08,1.0,0.08,1.0,1.0,1.0,0.75,0.06666666666666667,1.0,0.06666666666666667,1.0,1.0,1.0,0.75,0.05714285714285714,1.0,0.05714285714285714,1.0,1.0,1.0,0.75,0.05,1.0,0.05,1.0,1.0,1.0,0.75,0.044444444444444446,1.0,0.044444444444444446,1.0,1.0,1.0,0.75,0.04,1.0,0.04,1.0,1.0,1.0,0.75,webtable-cl_optim-v=9-distilroberta-dj_adpt~qwen3_4b-dj_adpt,omnimatch_culture_test,9
civic_art_collection_noisy_0.pq::display_title,1.0,0.25,1.0,0.25,1.0,1.0,0.25,0.2,0.25,0.8,1.0,1.0,1.0,0.25,0.2,0.5,0.4,1.0,1.0,1.0,0.3,0.26666666666666666,1.0,0.26666666666666666,1.0,1.0,1.0,0.42023809523809524,0.2,1.0,0.2,1.0,1.0,1.0,0.42023809523809524,0.16,1.0,0.16,1.0,1.0,1.0,0.42023809523809524,0.13333333333333333,1.0,0.13333333333333333,1.0,1.0,1.0,0.42023809523809524,0.11428571428571428,1.0,0.11428571428571428,1.0,1.0,1.0,0.42023809523809524,0.1,1.0,0.1,1.0,1.0,1.0,0.42023809523809524,0.08888888888888889,1.0,0.08888888888888889,1.0,1.0,1.0,0.42023809523809524,0.08,1.0,0.08,1.0,1.0,1.0,0.42023809523809524,webtable-cl_optim-v=9-distilroberta-dj_adpt~qwen3_4b-dj_adpt,omnimatch_culture_test,9
civic_art_collection_noisy_0.pq::medium,0.0,0.0,1.0,0.5,0.0,0.0,0.0,0.0,0.0,0.4,1.0,0.0,0.0,0.0,0.0,0.0,0.2,1.0,0.0,0.0,0.0,0.06666666666666667,0.5,0.13333333333333333,1.0,1.0,0.09090909090909091,0.045454545454545456,0.05,0.5,0.1,1.0,1.0,0.09090909090909091,0.045454545454545456,0.04,0.5,0.08,1.0,1.0,0.09090909090909091,0.045454545454545456,0.03333333333333333,0.5,0.06666666666666667,1.0,1.0,0.09090909090909091,0.045454545454545456,0.05714285714285714,1.0,0.05714285714285714,1.0,1.0,0.09090909090909091,0.07575757575757576,0.05,1.0,0.05,1.0,1.0,0.09090909090909091,0.07575757575757576,0.044444444444444446,1.0,0.044444444444444446,1.0,1.0,0.09090909090909091,0.07575757575757576,0.04,1.0,0.04,1.0,1.0,0.09090909090909091,0.07575757575757576,webtable-cl_optim-v=9-distilroberta-dj_adpt~qwen3_4b-dj_adpt,omnimatch_culture_test,9
civic_art_collection_noisy_1.pq::current_location,0.0,0.0,1.0,1.0,0.0,0.0,0.0,0.2,1.0,0.2,1.0,1.0,0.25,0.25,0.1,1.0,0.1,1.0,1.0,0.25,0.25,0.06666666666666667,1.0,0.06666666666666667,1.0,1.0,0.25,0.25,0.05,1.0,0.05,1.0,1.0,0.25,0.25,0.04,1.0,0.04,1.0,1.0,0.25,0.25,0.03333333333333333,1.0,0.03333333333333333,1.0,1.0,0.25,0.25,0.02857142857142857,1.0,0.02857142857142857,1.0,1.0,0.25,0.25,0.025,1.0,0.025,1.0,1.0,0.25,0.25,0.022222222222222223,1.0,0.022222222222222223,1.0,1.0,0.25,0.25,0.02,1.0,0.02,1.0,1.0,0.25,0.25,webtable-cl_optim-v=9-distilroberta-dj_adpt~qwen3_4b-dj_adpt,omnimatch_culture_test,9
civic_art_collection_noisy_1.pq::display_title,1.0,0.3333333333333333,1.0,0.3333333333333333,1.0,1.0,0.3333333333333333,0.2,0.3333333333333333,0.6,1.0,1.0,1.0,0.3333333333333333,0.3,1.0,0.3,1.0,1.0,1.0,0.5074074074074074,0.2,1.0,0.2,1.0,1.0,1.0,0.5074074074074074,0.15,1.0,0.15,1.0,1.0,1.0,0.5074074074074074,0.12,1.0,0.12,1.0,1.0,1.0,0.5074074074074074,0.1,1.0,0.1,1.0,1.0,1.0,0.5074074074074074,0.08571428571428572,1.0,0.08571428571428572,1.0,1.0,1.0,0.5074074074074074,0.075,1.0,0.075,1.0,1.0,1.0,0.5074074074074074,0.06666666666666667,1.0,0.06666666666666667,1.0,1.0,1.0,0.5074074074074074,0.06,1.0,0.06,1.0,1.0,1.0,0.5074074074074074,webtable-cl_optim-v=9-distilroberta-dj_adpt~qwen3_4b-dj_adpt,omnimatch_culture_test,9
civic_art_collection_noisy_1.pq::facility,0.0,0.0,1.0,1.0,0.0,0.0,0.0,0.2,1.0,0.2,1.0,1.0,0.5,0.5,0.1,1.0,0.1,1.0,1.0,0.5,0.5,0.06666666666666667,1.0,0.06666666666666667,1.0,1.0,0.5,0.5,0.05,1.0,0.05,1.0,1.0,0.5,0.5,0.04,1.0,0.04,1.0,1.0,0.5,0.5,0.03333333333333333,1.0,0.03333333333333333,1.0,1.0,0.5,0.5,0.02857142857142857,1.0,0.02857142857142857,1.0,1.0,0.5,0.5,0.025,1.0,0.025,1.0,1.0,0.5,0.5,0.022222222222222223,1.0,0.022222222222222223,1.0,1.0,0.5,0.5,0.02,1.0,0.02,1.0,1.0,0.5,0.5,webtable-cl_optim-v=9-distilroberta-dj_adpt~qwen3_4b-dj_adpt,omnimatch_culture_test,9
civic_art_collection_noisy_1.pq::location_description,0.0,0.0,1.0,1.0,0.0,0.0,0.0,0.0,0.0,0.2,1.0,0.0,0.0,0.0,0.0,0.0,0.1,1.0,0.0,0.0,0.0,0.0,0.0,0.06666666666666667,1.0,0.0,0.0,0.0,0.0,0.0,0.05,1.0,0.0,0.0,0.0,0.0,0.0,0.04,1.0,0.0,0.0,0.0,0.0,0.0,0.03333333333333333,1.0,0.0,0.0,0.0,0.02857142857142857,1.0,0.02857142857142857,1.0,1.0,0.03125,0.03125,0.025,1.0,0.025,1.0,1.0,0.03125,0.03125,0.022222222222222223,1.0,0.022222222222222223,1.0,1.0,0.03125,0.03125,0.02,1.0,0.02,1.0,1.0,0.03125,0.03125,webtable-cl_optim-v=9-distilroberta-dj_adpt~qwen3_4b-dj_adpt,omnimatch_culture_test,9
civic_art_collection_noisy_1.pq::media_support,0.0,0.0,1.0,1.0,0.0,0.0,0.0,0.2,1.0,0.2,1.0,1.0,0.5,0.5,0.1,1.0,0.1,1.0,1.0,0.5,0.5,0.06666666666666667,1.0,0.06666666666666667,1.0,1.0,0.5,0.5,0.05,1.0,0.05,1.0,1.0,0.5,0.5,0.04,1.0,0.04,1.0,1.0,0.5,0.5,0.03333333333333333,1.0,0.03333333333333333,1.0,1.0,0.5,0.5,0.02857142857142857,1.0,0.02857142857142857,1.0,1.0,0.5,0.5,0.025,1.0,0.025,1.0,1.0,0.5,0.5,0.022222222222222223,1.0,0.022222222222222223,1.0,1.0,0.5,0.5,0.02,1.0,0.02,1.0,1.0,0.5,0.5,webtable-cl_optim-v=9-distilroberta-dj_adpt~qwen3_4b-dj_adpt,omnimatch_culture_test,9
civic_art_collection_noisy_1.pq::street_address_or_intersection,0.0,0.0,1.0,1.0,0.0,0.0,0.0,0.0,0.0,0.2,1.0,0.0,0.0,0.0,0.1,1.0,0.1,1.0,1.0,0.14285714285714285,0.14285714285714285,0.06666666666666667,1.0,0.06666666666666667,1.0,1.0,0.14285714285714285,0.14285714285714285,0.05,1.0,0.05,1.0,1.0,0.14285714285714285,0.14285714285714285,0.04,1.0,0.04,1.0,1.0,0.14285714285714285,0.14285714285714285,0.03333333333333333,1.0,0.03333333333333333,1.0,1.0,0.14285714285714285,0.14285714285714285,0.02857142857142857,1.0,0.02857142857142857,1.0,1.0,0.14285714285714285,0.14285714285714285,0.025,1.0,0.025,1.0,1.0,0.14285714285714285,0.14285714285714285,0.022222222222222223,1.0,0.022222222222222223,1.0,1.0,0.14285714285714285,0.14285714285714285,0.02,1.0,0.02,1.0,1.0,0.14285714285714285,0.14285714285714285,webtable-cl_optim-v=9-distilroberta-dj_adpt~qwen3_4b-dj_adpt,omnimatch_culture_test,9
civic_art_collection_noisy_1.pq::zip_code,0.0,0.0,1.0,1.0,0.0,0.0,0.0,0.2,1.0,0.2,1.0,1.0,0.2,0.2,0.1,1.0,0.1,1.0,1.0,0.2,0.2,0.06666666666666667,1.0,0.06666666666666667,1.0,1.0,0.2,0.2,0.05,1.0,0.05,1.0,1.0,0.2,0.2,0.04,1.0,0.04,1.0,1.0,0.2,0.2,0.03333333333333333,1.0,0.03333333333333333,1.0,1.0,0.2,0.2,0.02857142857142857,1.0,0.02857142857142857,1.0,1.0,0.2,0.2,0.025,1.0,0.025,1.0,1.0,0.2,0.2,0.022222222222222223,1.0,0.022222222222222223,1.0,1.0,0.2,0.2,0.02,1.0,0.02,1.0,1.0,0.2,0.2,webtable-cl_optim-v=9-distilroberta-dj_adpt~qwen3_4b-dj_adpt,omnimatch_culture_test,9
civic_art_collection_noisy_2.pq::artist,0.0,0.0,1.0,1.0,0.0,0.0,0.0,0.2,1.0,0.2,1.0,1.0,0.25,0.25,0.1,1.0,0.1,1.0,1.0,0.25,0.25,0.06666666666666667,1.0,0.06666666666666667,1.0,1.0,0.25,0.25,0.05,1.0,0.05,1.0,1.0,0.25,0.25,0.04,1.0,0.04,1.0,1.0,0.25,0.25,0.03333333333333333,1.0,0.03333333333333333,1.0,1.0,0.25,0.25,0.02857142857142857,1.0,0.02857142857142857,1.0,1.0,0.25,0.25,0.025,1.0,0.025,1.0,1.0,0.25,0.25,0.022222222222222223,1.0,0.022222222222222223,1.0,1.0,0.25,0.25,0.02,1.0,0.02,1.0,1.0,0.25,0.25,webtable-cl_optim-v=9-distilroberta-dj_adpt~qwen3_4b-dj_adpt,omnimatch_culture_test,9
civic_art_collection_noisy_2.pq::creation_date,1.0,1.0,1.0,1.0,1.0,1.0,1.0,0.2,1.0,0.2,1.0,1.0,1.0,1.0,0.1,1.0,0.1,1.0,1.0,1.0,1.0,0.06666666666666667,1.0,0.06666666666666667,1.0,1.0,1.0,1.0,0.05,1.0,0.05,1.0,1.0,1.0,1.0,0.04,1.0,0.04,1.0,1.0,1.0,1.0,0.03333333333333333,1.0,0.03333333333333333,1.0,1.0,1.0,1.0,0.02857142857142857,1.0,0.02857142857142857,1.0,1.0,1.0,1.0,0.025,1.0,0.025,1.0,1.0,1.0,1.0,0.022222222222222223,1.0,0.022222222222222223,1.0,1.0,1.0,1.0,0.02,1.0,0.02,1.0,1.0,1.0,1.0,webtable-cl_optim-v=9-distilroberta-dj_adpt~qwen3_4b-dj_adpt,omnimatch_culture_test,9
civic_art_collection_noisy_2.pq::credit_line,0.0,0.0,1.0,1.0,0.0,0.0,0.0,0.0,0.0,0.2,1.0,0.0,0.0,0.0,0.0,0.0,0.1,1.0,0.0,0.0,0.0,0.0,0.0,0.06666666666666667,1.0,0.0,0.0,0.0,0.05,1.0,0.05,1.0,1.0,0.058823529411764705,0.058823529411764705,0.04,1.0,0.04,1.0,1.0,0.058823529411764705,0.058823529411764705,0.03333333333333333,1.0,0.03333333333333333,1.0,1.0,0.058823529411764705,0.058823529411764705,0.02857142857142857,1.0,0.02857142857142857,1.0,1.0,0.058823529411764705,0.058823529411764705,0.025,1.0,0.025,1.0,1.0,0.058823529411764705,0.058823529411764705,0.022222222222222223,1.0,0.022222222222222223,1.0,1.0,0.058823529411764705,0.058823529411764705,0.02,1.0,0.02,1.0,1.0,0.058823529411764705,0.058823529411764705,webtable-cl_optim-v=9-distilroberta-dj_adpt~qwen3_4b-dj_adpt,omnimatch_culture_test,9
civic_art_collection_noisy_2.pq::display_dimensions,1.0,1.0,1.0,1.0,1.0,1.0,1.0,0.2,1.0,0.2,1.0,1.0,1.0,1.0,0.1,1.0,0.1,1.0,1.0,1.0,1.0,0.06666666666666667,1.0,0.06666666666666667,1.0,1.0,1.0,1.0,0.05,1.0,0.05,1.0,1.0,1.0,1.0,0.04,1.0,0.04,1.0,1.0,1.0,1.0,0.03333333333333333,1.0,0.03333333333333333,1.0,1.0,1.0,1.0,0.02857142857142857,1.0,0.02857142857142857,1.0,1.0,1.0,1.0,0.025,1.0,0.025,1.0,1.0,1.0,1.0,0.022222222222222223,1.0,0.022222222222222223,1.0,1.0,1.0,1.0,0.02,1.0,0.02,1.0,1.0,1.0,1.0,webtable-cl_optim-v=9-distilroberta-dj_adpt~qwen3_4b-dj_adpt,omnimatch_culture_test,9
civic_art_collection_noisy_2.pq::display_title,0.0,0.0,1.0,1.0,0.0,0.0,0.0,0.0,0.0,0.2,1.0,0.0,0.0,0.0,0.1,1.0,0.1,1.0,1.0,0.125,0.125,0.06666666666666667,1.0,0.06666666666666667,1.0,1.0,0.125,0.125,0.05,1.0,0.05,1.0,1.0,0.125,0.125,0.04,1.0,0.04,1.0,1.0,0.125,0.125,0.03333333333333333,1.0,0.03333333333333333,1.0,1.0,0.125,0.125,0.02857142857142857,1.0,0.02857142857142857,1.0,1.0,0.125,0.125,0.025,1.0,0.025,1.0,1.0,0.125,0.125,0.022222222222222223,1.0,0.022222222222222223,1.0,1.0,0.125,0.125,0.02,1.0,0.02,1.0,1.0,0.125,0.125,webtable-cl_optim-v=9-distilroberta-dj_adpt~qwen3_4b-dj_adpt,omnimatch_culture_test,9
civic_art_collection_noisy_2.pq::medium,1.0,1.0,1.0,1.0,1.0,1.0,1.0,0.2,1.0,0.2,1.0,1.0,1.0,1.0,0.1,1.0,0.1,1.0,1.0,1.0,1.0,0.06666666666666667,1.0,0.06666666666666667,1.0,1.0,1.0,1.0,0.05,1.0,0.05,1.0,1.0,1.0,1.0,0.04,1.0,0.04,1.0,1.0,1.0,1.0,0.03333333333333333,1.0,0.03333333333333333,1.0,1.0,1.0,1.0,0.02857142857142857,1.0,0.02857142857142857,1.0,1.0,1.0,1.0,0.025,1.0,0.025,1.0,1.0,1.0,1.0,0.022222222222222223,1.0,0.022222222222222223,1.0,1.0,1.0,1.0,0.02,1.0,0.02,1.0,1.0,1.0,1.0,webtable-cl_optim-v=9-distilroberta-dj_adpt~qwen3_4b-dj_adpt,omnimatch_culture_test,9
civic_art_collection_noisy_3.pq::current_location,1.0,0.5,1.0,0.5,1.0,1.0,0.5,0.4,1.0,0.4,1.0,1.0,1.0,0.75,0.2,1.0,0.2,1.0,1.0,1.0,0.75,0.13333333333333333,1.0,0.13333333333333333,1.0,1.0,1.0,0.75,0.1,1.0,0.1,1.0,1.0,1.0,0.75,0.08,1.0,0.08,1.0,1.0,1.0,0.75,0.06666666666666667,1.0,0.06666666666666667,1.0,1.0,1.0,0.75,0.05714285714285714,1.0,0.05714285714285714,1.0,1.0,1.0,0.75,0.05,1.0,0.05,1.0,1.0,1.0,0.75,0.044444444444444446,1.0,0.044444444444444446,1.0,1.0,1.0,0.75,0.04,1.0,0.04,1.0,1.0,1.0,0.75,webtable-cl_optim-v=9-distilroberta-dj_adpt~qwen3_4b-dj_adpt,omnimatch_culture_test,9
civic_art_collection_noisy_3.pq::display_title,0.0,0.0,1.0,0.2,0.0,0.0,0.0,0.2,0.2,1.0,1.0,1.0,0.5,0.1,0.1,0.2,0.5,1.0,1.0,0.5,0.1,0.13333333333333333,0.4,0.3333333333333333,1.0,1.0,0.5,0.12857142857142856,0.1,0.4,0.25,1.0,1.0,0.5,0.12857142857142856,0.08,0.4,0.2,1.0,1.0,0.5,0.12857142857142856,0.06666666666666667,0.4,0.16666666666666666,1.0,1.0,0.5,0.12857142857142856,0.05714285714285714,0.4,0.14285714285714285,1.0,1.0,0.5,0.12857142857142856,0.05,0.4,0.125,1.0,1.0,0.5,0.12857142857142856,0.044444444444444446,0.4,0.1111111111111111,1.0,1.0,0.5,0.12857142857142856,0.04,0.4,0.1,1.0,1.0,0.5,0.12857142857142856,webtable-cl_optim-v=9-distilroberta-dj_adpt~qwen3_4b-dj_adpt,omnimatch_culture_test,9
civic_art_collection_noisy_3.pq::facility,1.0,0.5,1.0,0.5,1.0,1.0,0.5,0.4,1.0,0.4,1.0,1.0,1.0,0.8333333333333333,0.2,1.0,0.2,1.0,1.0,1.0,0.8333333333333333,0.13333333333333333,1.0,0.13333333333333333,1.0,1.0,1.0,0.8333333333333333,0.1,1.0,0.1,1.0,1.0,1.0,0.8333333333333333,0.08,1.0,0.08,1.0,1.0,1.0,0.8333333333333333,0.06666666666666667,1.0,0.06666666666666667,1.0,1.0,1.0,0.8333333333333333,0.05714285714285714,1.0,0.05714285714285714,1.0,1.0,1.0,0.8333333333333333,0.05,1.0,0.05,1.0,1.0,1.0,0.8333333333333333,0.044444444444444446,1.0,0.044444444444444446,1.0,1.0,1.0,0.8333333333333333,0.04,1.0,0.04,1.0,1.0,1.0,0.8333333333333333,webtable-cl_optim-v=9-distilroberta-dj_adpt~qwen3_4b-dj_adpt,omnimatch_culture_test,9
civic_art_collection_noisy_3.pq::location_description,0.0,0.0,1.0,0.5,0.0,0.0,0.0,0.2,0.5,0.4,1.0,1.0,0.3333333333333333,0.16666666666666666,0.2,1.0,0.2,1.0,1.0,0.3333333333333333,0.2777777777777778,0.13333333333333333,1.0,0.13333333333333333,1.0,1.0,0.3333333333333333,0.2777777777777778,0.1,1.0,0.1,1.0,1.0,0.3333333333333333,0.2777777777777778,0.08,1.0,0.08,1.0,1.0,0.3333333333333333,0.2777777777777778,0.06666666666666667,1.0,0.06666666666666667,1.0,1.0,0.3333333333333333,0.2777777777777778,0.05714285714285714,1.0,0.05714285714285714,1.0,1.0,0.3333333333333333,0.2777777777777778,0.05,1.0,0.05,1.0,1.0,0.3333333333333333,0.2777777777777778,0.044444444444444446,1.0,0.044444444444444446,1.0,1.0,0.3333333333333333,0.2777777777777778,0.04,1.0,0.04,1.0,1.0,0.3333333333333333,0.2777777777777778,webtable-cl_optim-v=9-distilroberta-dj_adpt~qwen3_4b-dj_adpt,omnimatch_culture_test,9
civic_art_collection_noisy_3.pq::media_support,0.0,0.0,1.0,0.5,0.0,0.0,0.0,0.2,0.5,0.4,1.0,1.0,0.5,0.25,0.1,0.5,0.2,1.0,1.0,0.5,0.25,0.06666666666666667,0.5,0.13333333333333333,1.0,1.0,0.5,0.25,0.05,0.5,0.1,1.0,1.0,0.5,0.25,0.08,1.0,0.08,1.0,1.0,0.5,0.2934782608695652,0.06666666666666667,1.0,0.06666666666666667,1.0,1.0,0.5,0.2934782608695652,0.05714285714285714,1.0,0.05714285714285714,1.0,1.0,0.5,0.2934782608695652,0.05,1.0,0.05,1.0,1.0,0.5,0.2934782608695652,0.044444444444444446,1.0,0.044444444444444446,1.0,1.0,0.5,0.2934782608695652,0.04,1.0,0.04,1.0,1.0,0.5,0.2934782608695652,webtable-cl_optim-v=9-distilroberta-dj_adpt~qwen3_4b-dj_adpt,omnimatch_culture_test,9
civic_art_collection_noisy_3.pq::street_address_or_intersection,1.0,0.5,1.0,0.5,1.0,1.0,0.5,0.4,1.0,0.4,1.0,1.0,1.0,0.75,0.2,1.0,0.2,1.0,1.0,1.0,0.75,0.13333333333333333,1.0,0.13333333333333333,1.0,1.0,1.0,0.75,0.1,1.0,0.1,1.0,1.0,1.0,0.75,0.08,1.0,0.08,1.0,1.0,1.0,0.75,0.06666666666666667,1.0,0.06666666666666667,1.0,1.0,1.0,0.75,0.05714285714285714,1.0,0.05714285714285714,1.0,1.0,1.0,0.75,0.05,1.0,0.05,1.0,1.0,1.0,0.75,0.044444444444444446,1.0,0.044444444444444446,1.0,1.0,1.0,0.75,0.04,1.0,0.04,1.0,1.0,1.0,0.75,webtable-cl_optim-v=9-distilroberta-dj_adpt~qwen3_4b-dj_adpt,omnimatch_culture_test,9
civic_art_collection_noisy_3.pq::zip_code,1.0,0.5,1.0,0.5,1.0,1.0,0.5,0.2,0.5,0.4,1.0,1.0,1.0,0.5,0.1,0.5,0.2,1.0,1.0,1.0,0.5,0.13333333333333333,1.0,0.13333333333333333,1.0,1.0,1.0,0.5769230769230769,0.1,1.0,0.1,1.0,1.0,1.0,0.5769230769230769,0.08,1.0,0.08,1.0,1.0,1.0,0.5769230769230769,0.06666666666666667,1.0,0.06666666666666667,1.0,1.0,1.0,0.5769230769230769,0.05714285714285714,1.0,0.05714285714285714,1.0,1.0,1.0,0.5769230769230769,0.05,1.0,0.05,1.0,1.0,1.0,0.5769230769230769,0.044444444444444446,1.0,0.044444444444444446,1.0,1.0,1.0,0.5769230769230769,0.04,1.0,0.04,1.0,1.0,1.0,0.5769230769230769,webtable-cl_optim-v=9-distilroberta-dj_adpt~qwen3_4b-dj_adpt,omnimatch_culture_test,9
civic_art_collection_noisy_4.pq::artist,1.0,0.25,1.0,0.25,1.0,1.0,0.25,0.8,1.0,0.8,1.0,1.0,1.0,1.0,0.4,1.0,0.4,1.0,1.0,1.0,1.0,0.26666666666666666,1.0,0.26666666666666666,1.0,1.0,1.0,1.0,0.2,1.0,0.2,1.0,1.0,1.0,1.0,0.16,1.0,0.16,1.0,1.0,1.0,1.0,0.13333333333333333,1.0,0.13333333333333333,1.0,1.0,1.0,1.0,0.11428571428571428,1.0,0.11428571428571428,1.0,1.0,1.0,1.0,0.1,1.0,0.1,1.0,1.0,1.0,1.0,0.08888888888888889,1.0,0.08888888888888889,1.0,1.0,1.0,1.0,0.08,1.0,0.08,1.0,1.0,1.0,1.0,webtable-cl_optim-v=9-distilroberta-dj_adpt~qwen3_4b-dj_adpt,omnimatch_culture_test,9
civic_art_collection_noisy_4.pq::creation_date,1.0,0.25,1.0,0.25,1.0,1.0,0.25,0.8,1.0,0.8,1.0,1.0,1.0,1.0,0.4,1.0,0.4,1.0,1.0,1.0,1.0,0.26666666666666666,1.0,0.26666666666666666,1.0,1.0,1.0,1.0,0.2,1.0,0.2,1.0,1.0,1.0,1.0,0.16,1.0,0.16,1.0,1.0,1.0,1.0,0.13333333333333333,1.0,0.13333333333333333,1.0,1.0,1.0,1.0,0.11428571428571428,1.0,0.11428571428571428,1.0,1.0,1.0,1.0,0.1,1.0,0.1,1.0,1.0,1.0,1.0,0.08888888888888889,1.0,0.08888888888888889,1.0,1.0,1.0,1.0,0.08,1.0,0.08,1.0,1.0,1.0,1.0,webtable-cl_optim-v=9-distilroberta-dj_adpt~qwen3_4b-dj_adpt,omnimatch_culture_test,9
civic_art_collection_noisy_4.pq::credit_line,1.0,0.25,1.0,0.25,1.0,1.0,0.25,0.8,1.0,0.8,1.0,1.0,1.0,1.0,0.4,1.0,0.4,1.0,1.0,1.0,1.0,0.26666666666666666,1.0,0.26666666666666666,1.0,1.0,1.0,1.0,0.2,1.0,0.2,1.0,1.0,1.0,1.0,0.16,1.0,0.16,1.0,1.0,1.0,1.0,0.13333333333333333,1.0,0.13333333333333333,1.0,1.0,1.0,1.0,0.11428571428571428,1.0,0.11428571428571428,1.0,1.0,1.0,1.0,0.1,1.0,0.1,1.0,1.0,1.0,1.0,0.08888888888888889,1.0,0.08888888888888889,1.0,1.0,1.0,1.0,0.08,1.0,0.08,1.0,1.0,1.0,1.0,webtable-cl_optim-v=9-distilroberta-dj_adpt~qwen3_4b-dj_adpt,omnimatch_culture_test,9
civic_art_collection_noisy_4.pq::display_dimensions,0.0,0.0,1.0,0.25,0.0,0.0,0.0,0.0,0.0,0.8,1.0,0.0,0.0,0.0,0.1,0.25,0.4,1.0,1.0,0.14285714285714285,0.03571428571428571,0.06666666666666667,0.25,0.26666666666666666,1.0,1.0,0.14285714285714285,0.03571428571428571,0.2,1.0,0.2,1.0,1.0,0.14285714285714285,0.15942429603420316,0.16,1.0,0.16,1.0,1.0,0.14285714285714285,0.15942429603420316,0.13333333333333333,1.0,0.13333333333333333,1.0,1.0,0.14285714285714285,0.15942429603420316,0.11428571428571428,1.0,0.11428571428571428,1.0,1.0,0.14285714285714285,0.15942429603420316,0.1,1.0,0.1,1.0,1.0,0.14285714285714285,0.15942429603420316,0.08888888888888889,1.0,0.08888888888888889,1.0,1.0,0.14285714285714285,0.15942429603420316,0.08,1.0,0.08,1.0,1.0,0.14285714285714285,0.15942429603420316,webtable-cl_optim-v=9-distilroberta-dj_adpt~qwen3_4b-dj_adpt,omnimatch_culture_test,9
civic_art_collection_noisy_4.pq::display_title,1.0,0.1111111111111111,1.0,0.1111111111111111,1.0,1.0,0.1111111111111111,0.6,0.3333333333333333,1.0,0.5555555555555556,1.0,1.0,0.3333333333333333,0.4,0.4444444444444444,0.9,1.0,1.0,1.0,0.37777777777777777,0.26666666666666666,0.4444444444444444,0.6,1.0,1.0,1.0,0.37777777777777777,0.2,0.4444444444444444,0.45,1.0,1.0,1.0,0.37777777777777777,0.16,0.4444444444444444,0.36,1.0,1.0,1.0,0.37777777777777777,0.13333333333333333,0.4444444444444444,0.3,1.0,1.0,1.0,0.37777777777777777,0.14285714285714285,0.5555555555555556,0.2571428571428571,1.0,1.0,1.0,0.39461279461279464,0.125,0.5555555555555556,0.225,1.0,1.0,1.0,0.39461279461279464,0.13333333333333333,0.6666666666666666,0.2,1.0,1.0,1.0,0.4104858104858105,0.12,0.6666666666666666,0.18,1.0,1.0,1.0,0.4104858104858105,webtable-cl_optim-v=9-distilroberta-dj_adpt~qwen3_4b-dj_adpt,omnimatch_culture_test,9
civic_art_collection_noisy_4.pq::medium,1.0,0.25,1.0,0.25,1.0,1.0,0.25,0.2,0.25,0.8,1.0,1.0,1.0,0.25,0.4,1.0,0.4,1.0,1.0,1.0,0.5654761904761905,0.26666666666666666,1.0,0.26666666666666666,1.0,1.0,1.0,0.5654761904761905,0.2,1.0,0.2,1.0,1.0,1.0,0.5654761904761905,0.16,1.0,0.16,1.0,1.0,1.0,0.5654761904761905,0.13333333333333333,1.0,0.13333333333333333,1.0,1.0,1.0,0.5654761904761905,0.11428571428571428,1.0,0.11428571428571428,1.0,1.0,1.0,0.5654761904761905,0.1,1.0,0.1,1.0,1.0,1.0,0.5654761904761905,0.08888888888888889,1.0,0.08888888888888889,1.0,1.0,1.0,0.5654761904761905,0.08,1.0,0.08,1.0,1.0,1.0,0.5654761904761905,webtable-cl_optim-v=9-distilroberta-dj_adpt~qwen3_4b-dj_adpt,omnimatch_culture_test,9
civic_art_collection_noisy_5.pq::current_location,1.0,0.3333333333333333,1.0,0.3333333333333333,1.0,1.0,0.3333333333333333,0.6,1.0,0.6,1.0,1.0,1.0,1.0,0.3,1.0,0.3,1.0,1.0,1.0,1.0,0.2,1.0,0.2,1.0,1.0,1.0,1.0,0.15,1.0,0.15,1.0,1.0,1.0,1.0,0.12,1.0,0.12,1.0,1.0,1.0,1.0,0.1,1.0,0.1,1.0,1.0,1.0,1.0,0.08571428571428572,1.0,0.08571428571428572,1.0,1.0,1.0,1.0,0.075,1.0,0.075,1.0,1.0,1.0,1.0,0.06666666666666667,1.0,0.06666666666666667,1.0,1.0,1.0,1.0,0.06,1.0,0.06,1.0,1.0,1.0,1.0,webtable-cl_optim-v=9-distilroberta-dj_adpt~qwen3_4b-dj_adpt,omnimatch_culture_test,9
civic_art_collection_noisy_5.pq::display_title,1.0,0.14285714285714285,1.0,0.14285714285714285,1.0,1.0,0.14285714285714285,0.6,0.42857142857142855,1.0,0.7142857142857143,1.0,1.0,0.34523809523809523,0.6,0.8571428571428571,0.7,1.0,1.0,1.0,0.6377551020408163,0.4666666666666667,1.0,0.4666666666666667,1.0,1.0,1.0,0.7044217687074831,0.35,1.0,0.35,1.0,1.0,1.0,0.7044217687074831,0.28,1.0,0.28,1.0,1.0,1.0,0.7044217687074831,0.23333333333333334,1.0,0.23333333333333334,1.0,1.0,1.0,0.7044217687074831,0.2,1.0,0.2,1.0,1.0,1.0,0.7044217687074831,0.175,1.0,0.175,1.0,1.0,1.0,0.7044217687074831,0.15555555555555556,1.0,0.15555555555555556,1.0,1.0,1.0,0.7044217687074831,0.14,1.0,0.14,1.0,1.0,1.0,0.7044217687074831,webtable-cl_optim-v=9-distilroberta-dj_adpt~qwen3_4b-dj_adpt,omnimatch_culture_test,9
civic_art_collection_noisy_5.pq::facility,1.0,0.3333333333333333,1.0,0.3333333333333333,1.0,1.0,0.3333333333333333,0.6,1.0,0.6,1.0,1.0,1.0,0.8055555555555555,0.3,1.0,0.3,1.0,1.0,1.0,0.8055555555555555,0.2,1.0,0.2,1.0,1.0,1.0,0.8055555555555555,0.15,1.0,0.15,1.0,1.0,1.0,0.8055555555555555,0.12,1.0,0.12,1.0,1.0,1.0,0.8055555555555555,0.1,1.0,0.1,1.0,1.0,1.0,0.8055555555555555,0.08571428571428572,1.0,0.08571428571428572,1.0,1.0,1.0,0.8055555555555555,0.075,1.0,0.075,1.0,1.0,1.0,0.8055555555555555,0.06666666666666667,1.0,0.06666666666666667,1.0,1.0,1.0,0.8055555555555555,0.06,1.0,0.06,1.0,1.0,1.0,0.8055555555555555,webtable-cl_optim-v=9-distilroberta-dj_adpt~qwen3_4b-dj_adpt,omnimatch_culture_test,9
civic_art_collection_noisy_5.pq::location_description,0.0,0.0,1.0,0.3333333333333333,0.0,0.0,0.0,0.0,0.0,0.6,1.0,0.0,0.0,0.0,0.1,0.3333333333333333,0.3,1.0,1.0,0.16666666666666666,0.05555555555555555,0.06666666666666667,0.3333333333333333,0.2,1.0,1.0,0.16666666666666666,0.05555555555555555,0.15,1.0,0.15,1.0,1.0,0.16666666666666666,0.1503267973856209,0.12,1.0,0.12,1.0,1.0,0.16666666666666666,0.1503267973856209,0.1,1.0,0.1,1.0,1.0,0.16666666666666666,0.1503267973856209,0.08571428571428572,1.0,0.08571428571428572,1.0,1.0,0.16666666666666666,0.1503267973856209,0.075,1.0,0.075,1.0,1.0,0.16666666666666666,0.1503267973856209,0.06666666666666667,1.0,0.06666666666666667,1.0,1.0,0.16666666666666666,0.1503267973856209,0.06,1.0,0.06,1.0,1.0,0.16666666666666666,0.1503267973856209,webtable-cl_optim-v=9-distilroberta-dj_adpt~qwen3_4b-dj_adpt,omnimatch_culture_test,9
civic_art_collection_noisy_5.pq::media_support,0.0,0.0,1.0,0.3333333333333333,0.0,0.0,0.0,0.2,0.3333333333333333,0.6,1.0,1.0,0.25,0.08333333333333333,0.1,0.3333333333333333,0.3,1.0,1.0,0.25,0.08333333333333333,0.2,1.0,0.2,1.0,1.0,0.25,0.20604395604395606,0.15,1.0,0.15,1.0,1.0,0.25,0.20604395604395606,0.12,1.0,0.12,1.0,1.0,0.25,0.20604395604395606,0.1,1.0,0.1,1.0,1.0,0.25,0.20604395604395606,0.08571428571428572,1.0,0.08571428571428572,1.0,1.0,0.25,0.20604395604395606,0.075,1.0,0.075,1.0,1.0,0.25,0.20604395604395606,0.06666666666666667,1.0,0.06666666666666667,1.0,1.0,0.25,0.20604395604395606,0.06,1.0,0.06,1.0,1.0,0.25,0.20604395604395606,webtable-cl_optim-v=9-distilroberta-dj_adpt~qwen3_4b-dj_adpt,omnimatch_culture_test,9
civic_art_collection_noisy_5.pq::street_address_or_intersection,1.0,0.3333333333333333,1.0,0.3333333333333333,1.0,1.0,0.3333333333333333,0.2,0.3333333333333333,0.6,1.0,1.0,1.0,0.3333333333333333,0.1,0.3333333333333333,0.3,1.0,1.0,1.0,0.3333333333333333,0.06666666666666667,0.3333333333333333,0.2,1.0,1.0,1.0,0.3333333333333333,0.15,1.0,0.15,1.0,1.0,1.0,0.41842105263157897,0.12,1.0,0.12,1.0,1.0,1.0,0.41842105263157897,0.1,1.0,0.1,1.0,1.0,1.0,0.41842105263157897,0.08571428571428572,1.0,0.08571428571428572,1.0,1.0,1.0,0.41842105263157897,0.075,1.0,0.075,1.0,1.0,1.0,0.41842105263157897,0.06666666666666667,1.0,0.06666666666666667,1.0,1.0,1.0,0.41842105263157897,0.06,1.0,0.06,1.0,1.0,1.0,0.41842105263157897,webtable-cl_optim-v=9-distilroberta-dj_adpt~qwen3_4b-dj_adpt,omnimatch_culture_test,9
civic_art_collection_noisy_5.pq::zip_code,0.0,0.0,1.0,0.3333333333333333,0.0,0.0,0.0,0.2,0.3333333333333333,0.6,1.0,1.0,0.2,0.06666666666666667,0.1,0.3333333333333333,0.3,1.0,1.0,0.2,0.06666666666666667,0.2,1.0,0.2,1.0,1.0,0.2,0.19914529914529913,0.15,1.0,0.15,1.0,1.0,0.2,0.19914529914529913,0.12,1.0,0.12,1.0,1.0,0.2,0.19914529914529913,0.1,1.0,0.1,1.0,1.0,0.2,0.19914529914529913,0.08571428571428572,1.0,0.08571428571428572,1.0,1.0,0.2,0.19914529914529913,0.075,1.0,0.075,1.0,1.0,0.2,0.19914529914529913,0.06666666666666667,1.0,0.06666666666666667,1.0,1.0,0.2,0.19914529914529913,0.06,1.0,0.06,1.0,1.0,0.2,0.19914529914529913,webtable-cl_optim-v=9-distilroberta-dj_adpt~qwen3_4b-dj_adpt,omnimatch_culture_test,9
civic_art_collection_noisy_6.pq::artist,0.0,0.0,1.0,0.3333333333333333,0.0,0.0,0.0,0.6,1.0,0.6,1.0,1.0,0.5,0.6388888888888888,0.3,1.0,0.3,1.0,1.0,0.5,0.6388888888888888,0.2,1.0,0.2,1.0,1.0,0.5,0.6388888888888888,0.15,1.0,0.15,1.0,1.0,0.5,0.6388888888888888,0.12,1.0,0.12,1.0,1.0,0.5,0.6388888888888888,0.1,1.0,0.1,1.0,1.0,0.5,0.6388888888888888,0.08571428571428572,1.0,0.08571428571428572,1.0,1.0,0.5,0.6388888888888888,0.075,1.0,0.075,1.0,1.0,0.5,0.6388888888888888,0.06666666666666667,1.0,0.06666666666666667,1.0,1.0,0.5,0.6388888888888888,0.06,1.0,0.06,1.0,1.0,0.5,0.6388888888888888,webtable-cl_optim-v=9-distilroberta-dj_adpt~qwen3_4b-dj_adpt,omnimatch_culture_test,9
civic_art_collection_noisy_6.pq::creation_date,1.0,0.3333333333333333,1.0,0.3333333333333333,1.0,1.0,0.3333333333333333,0.6,1.0,0.6,1.0,1.0,1.0,1.0,0.3,1.0,0.3,1.0,1.0,1.0,1.0,0.2,1.0,0.2,1.0,1.0,1.0,1.0,0.15,1.0,0.15,1.0,1.0,1.0,1.0,0.12,1.0,0.12,1.0,1.0,1.0,1.0,0.1,1.0,0.1,1.0,1.0,1.0,1.0,0.08571428571428572,1.0,0.08571428571428572,1.0,1.0,1.0,1.0,0.075,1.0,0.075,1.0,1.0,1.0,1.0,0.06666666666666667,1.0,0.06666666666666667,1.0,1.0,1.0,1.0,0.06,1.0,0.06,1.0,1.0,1.0,1.0,webtable-cl_optim-v=9-distilroberta-dj_adpt~qwen3_4b-dj_adpt,omnimatch_culture_test,9
civic_art_collection_noisy_6.pq::credit_line,1.0,0.3333333333333333,1.0,0.3333333333333333,1.0,1.0,0.3333333333333333,0.2,0.3333333333333333,0.6,1.0,1.0,1.0,0.3333333333333333,0.1,0.3333333333333333,0.3,1.0,1.0,1.0,0.3333333333333333,0.06666666666666667,0.3333333333333333,0.2,1.0,1.0,1.0,0.3333333333333333,0.05,0.3333333333333333,0.15,1.0,1.0,1.0,0.3333333333333333,0.04,0.3333333333333333,0.12,1.0,1.0,1.0,0.3333333333333333,0.03333333333333333,0.3333333333333333,0.1,1.0,1.0,1.0,0.3333333333333333,0.02857142857142857,0.3333333333333333,0.08571428571428572,1.0,1.0,1.0,0.3333333333333333,0.025,0.3333333333333333,0.075,1.0,1.0,1.0,0.3333333333333333,0.022222222222222223,0.3333333333333333,0.06666666666666667,1.0,1.0,1.0,0.3333333333333333,0.02,0.3333333333333333,0.06,1.0,1.0,1.0,0.3333333333333333,webtable-cl_optim-v=9-distilroberta-dj_adpt~qwen3_4b-dj_adpt,omnimatch_culture_test,9
civic_art_collection_noisy_6.pq::display_dimensions,0.0,0.0,1.0,0.3333333333333333,0.0,0.0,0.0,0.6,1.0,0.6,1.0,1.0,0.5,0.6388888888888888,0.3,1.0,0.3,1.0,1.0,0.5,0.6388888888888888,0.2,1.0,0.2,1.0,1.0,0.5,0.6388888888888888,0.15,1.0,0.15,1.0,1.0,0.5,0.6388888888888888,0.12,1.0,0.12,1.0,1.0,0.5,0.6388888888888888,0.1,1.0,0.1,1.0,1.0,0.5,0.6388888888888888,0.08571428571428572,1.0,0.08571428571428572,1.0,1.0,0.5,0.6388888888888888,0.075,1.0,0.075,1.0,1.0,0.5,0.6388888888888888,0.06666666666666667,1.0,0.06666666666666667,1.0,1.0,0.5,0.6388888888888888,0.06,1.0,0.06,1.0,1.0,0.5,0.6388888888888888,webtable-cl_optim-v=9-distilroberta-dj_adpt~qwen3_4b-dj_adpt,omnimatch_culture_test,9
civic_art_collection_noisy_6.pq::display_title,1.0,0.16666666666666666,1.0,0.16666666666666666,1.0,1.0,0.16666666666666666,0.8,0.6666666666666666,1.0,0.8333333333333334,1.0,1.0,0.6333333333333333,0.6,1.0,0.6,1.0,1.0,1.0,0.825925925925926,0.4,1.0,0.4,1.0,1.0,1.0,0.825925925925926,0.3,1.0,0.3,1.0,1.0,1.0,0.825925925925926,0.24,1.0,0.24,1.0,1.0,1.0,0.825925925925926,0.2,1.0,0.2,1.0,1.0,1.0,0.825925925925926,0.17142857142857143,1.0,0.17142857142857143,1.0,1.0,1.0,0.825925925925926,0.15,1.0,0.15,1.0,1.0,1.0,0.825925925925926,0.13333333333333333,1.0,0.13333333333333333,1.0,1.0,1.0,0.825925925925926,0.12,1.0,0.12,1.0,1.0,1.0,0.825925925925926,webtable-cl_optim-v=9-distilroberta-dj_adpt~qwen3_4b-dj_adpt,omnimatch_culture_test,9
civic_art_collection_noisy_6.pq::medium,1.0,0.3333333333333333,1.0,0.3333333333333333,1.0,1.0,0.3333333333333333,0.4,0.6666666666666666,0.6,1.0,1.0,1.0,0.4666666666666666,0.3,1.0,0.3,1.0,1.0,1.0,0.6333333333333333,0.2,1.0,0.2,1.0,1.0,1.0,0.6333333333333333,0.15,1.0,0.15,1.0,1.0,1.0,0.6333333333333333,0.12,1.0,0.12,1.0,1.0,1.0,0.6333333333333333,0.1,1.0,0.1,1.0,1.0,1.0,0.6333333333333333,0.08571428571428572,1.0,0.08571428571428572,1.0,1.0,1.0,0.6333333333333333,0.075,1.0,0.075,1.0,1.0,1.0,0.6333333333333333,0.06666666666666667,1.0,0.06666666666666667,1.0,1.0,1.0,0.6333333333333333,0.06,1.0,0.06,1.0,1.0,1.0,0.6333333333333333,webtable-cl_optim-v=9-distilroberta-dj_adpt~qwen3_4b-dj_adpt,omnimatch_culture_test,9
civic_art_collection_noisy_7.pq::current_location,1.0,0.25,1.0,0.25,1.0,1.0,0.25,0.8,1.0,0.8,1.0,1.0,1.0,1.0,0.4,1.0,0.4,1.0,1.0,1.0,1.0,0.26666666666666666,1.0,0.26666666666666666,1.0,1.0,1.0,1.0,0.2,1.0,0.2,1.0,1.0,1.0,1.0,0.16,1.0,0.16,1.0,1.0,1.0,1.0,0.13333333333333333,1.0,0.13333333333333333,1.0,1.0,1.0,1.0,0.11428571428571428,1.0,0.11428571428571428,1.0,1.0,1.0,1.0,0.1,1.0,0.1,1.0,1.0,1.0,1.0,0.08888888888888889,1.0,0.08888888888888889,1.0,1.0,1.0,1.0,0.08,1.0,0.08,1.0,1.0,1.0,1.0,webtable-cl_optim-v=9-distilroberta-dj_adpt~qwen3_4b-dj_adpt,omnimatch_culture_test,9
civic_art_collection_noisy_7.pq::display_title,1.0,0.125,1.0,0.125,1.0,1.0,0.125,0.4,0.25,1.0,0.625,1.0,1.0,0.175,0.3,0.375,0.8,1.0,1.0,1.0,0.22857142857142856,0.26666666666666666,0.5,0.5333333333333333,1.0,1.0,1.0,0.2642857142857143,0.35,0.875,0.4,1.0,1.0,1.0,0.39607697245564893,0.28,0.875,0.32,1.0,1.0,1.0,0.39607697245564893,0.23333333333333334,0.875,0.26666666666666666,1.0,1.0,1.0,0.39607697245564893,0.2,0.875,0.22857142857142856,1.0,1.0,1.0,0.39607697245564893,0.2,1.0,0.2,1.0,1.0,1.0,0.4238547502334267,0.17777777777777778,1.0,0.17777777777777778,1.0,1.0,1.0,0.4238547502334267,0.16,1.0,0.16,1.0,1.0,1.0,0.4238547502334267,webtable-cl_optim-v=9-distilroberta-dj_adpt~qwen3_4b-dj_adpt,omnimatch_culture_test,9
civic_art_collection_noisy_7.pq::facility,1.0,0.25,1.0,0.25,1.0,1.0,0.25,0.8,1.0,0.8,1.0,1.0,1.0,1.0,0.4,1.0,0.4,1.0,1.0,1.0,1.0,0.26666666666666666,1.0,0.26666666666666666,1.0,1.0,1.0,1.0,0.2,1.0,0.2,1.0,1.0,1.0,1.0,0.16,1.0,0.16,1.0,1.0,1.0,1.0,0.13333333333333333,1.0,0.13333333333333333,1.0,1.0,1.0,1.0,0.11428571428571428,1.0,0.11428571428571428,1.0,1.0,1.0,1.0,0.1,1.0,0.1,1.0,1.0,1.0,1.0,0.08888888888888889,1.0,0.08888888888888889,1.0,1.0,1.0,1.0,0.08,1.0,0.08,1.0,1.0,1.0,1.0,webtable-cl_optim-v=9-distilroberta-dj_adpt~qwen3_4b-dj_adpt,omnimatch_culture_test,9
civic_art_collection_noisy_7.pq::location_description,0.0,0.0,1.0,0.25,0.0,0.0,0.0,0.4,0.5,0.8,1.0,1.0,0.3333333333333333,0.20833333333333331,0.2,0.5,0.4,1.0,1.0,0.3333333333333333,0.20833333333333331,0.2,0.75,0.26666666666666666,1.0,1.0,0.3333333333333333,0.2583333333333333,0.15,0.75,0.2,1.0,1.0,0.3333333333333333,0.2583333333333333,0.16,1.0,0.16,1.0,1.0,0.3333333333333333,0.29833333333333334,0.13333333333333333,1.0,0.13333333333333333,1.0,1.0,0.3333333333333333,0.29833333333333334,0.11428571428571428,1.0,0.11428571428571428,1.0,1.0,0.3333333333333333,0.29833333333333334,0.1,1.0,0.1,1.0,1.0,0.3333333333333333,0.29833333333333334,0.08888888888888889,1.0,0.08888888888888889,1.0,1.0,0.3333333333333333,0.29833333333333334,0.08,1.0,0.08,1.0,1.0,0.3333333333333333,0.29833333333333334,webtable-cl_optim-v=9-distilroberta-dj_adpt~qwen3_4b-dj_adpt,omnimatch_culture_test,9
civic_art_collection_noisy_7.pq::media_support,1.0,0.25,1.0,0.25,1.0,1.0,0.25,0.4,0.5,0.8,1.0,1.0,1.0,0.35,0.4,1.0,0.4,1.0,1.0,1.0,0.6178571428571429,0.26666666666666666,1.0,0.26666666666666666,1.0,1.0,1.0,0.6178571428571429,0.2,1.0,0.2,1.0,1.0,1.0,0.6178571428571429,0.16,1.0,0.16,1.0,1.0,1.0,0.6178571428571429,0.13333333333333333,1.0,0.13333333333333333,1.0,1.0,1.0,0.6178571428571429,0.11428571428571428,1.0,0.11428571428571428,1.0,1.0,1.0,0.6178571428571429,0.1,1.0,0.1,1.0,1.0,1.0,0.6178571428571429,0.08888888888888889,1.0,0.08888888888888889,1.0,1.0,1.0,0.6178571428571429,0.08,1.0,0.08,1.0,1.0,1.0,0.6178571428571429,webtable-cl_optim-v=9-distilroberta-dj_adpt~qwen3_4b-dj_adpt,omnimatch_culture_test,9
civic_art_collection_noisy_7.pq::street_address_or_intersection,0.0,0.0,1.0,0.25,0.0,0.0,0.0,0.2,0.25,0.8,1.0,1.0,0.3333333333333333,0.08333333333333333,0.1,0.25,0.4,1.0,1.0,0.3333333333333333,0.08333333333333333,0.06666666666666667,0.25,0.26666666666666666,1.0,1.0,0.3333333333333333,0.08333333333333333,0.15,0.75,0.2,1.0,1.0,0.3333333333333333,0.15441176470588236,0.16,1.0,0.16,1.0,1.0,0.3333333333333333,0.19607843137254902,0.13333333333333333,1.0,0.13333333333333333,1.0,1.0,0.3333333333333333,0.19607843137254902,0.11428571428571428,1.0,0.11428571428571428,1.0,1.0,0.3333333333333333,0.19607843137254902,0.1,1.0,0.1,1.0,1.0,0.3333333333333333,0.19607843137254902,0.08888888888888889,1.0,0.08888888888888889,1.0,1.0,0.3333333333333333,0.19607843137254902,0.08,1.0,0.08,1.0,1.0,0.3333333333333333,0.19607843137254902,webtable-cl_optim-v=9-distilroberta-dj_adpt~qwen3_4b-dj_adpt,omnimatch_culture_test,9
civic_art_collection_noisy_7.pq::zip_code,1.0,0.25,1.0,0.25,1.0,1.0,0.25,0.8,1.0,0.8,1.0,1.0,1.0,1.0,0.4,1.0,0.4,1.0,1.0,1.0,1.0,0.26666666666666666,1.0,0.26666666666666666,1.0,1.0,1.0,1.0,0.2,1.0,0.2,1.0,1.0,1.0,1.0,0.16,1.0,0.16,1.0,1.0,1.0,1.0,0.13333333333333333,1.0,0.13333333333333333,1.0,1.0,1.0,1.0,0.11428571428571428,1.0,0.11428571428571428,1.0,1.0,1.0,1.0,0.1,1.0,0.1,1.0,1.0,1.0,1.0,0.08888888888888889,1.0,0.08888888888888889,1.0,1.0,1.0,1.0,0.08,1.0,0.08,1.0,1.0,1.0,1.0,webtable-cl_optim-v=9-distilroberta-dj_adpt~qwen3_4b-dj_adpt,omnimatch_culture_test,9
civic_art_collection_noisy_9.pq::display_title,0.0,0.0,1.0,0.5,0.0,0.0,0.0,0.0,0.0,0.4,1.0,0.0,0.0,0.0,0.2,1.0,0.2,1.0,1.0,0.1111111111111111,0.15555555555555556,0.13333333333333333,1.0,0.13333333333333333,1.0,1.0,0.1111111111111111,0.15555555555555556,0.1,1.0,0.1,1.0,1.0,0.1111111111111111,0.15555555555555556,0.08,1.0,0.08,1.0,1.0,0.1111111111111111,0.15555555555555556,0.06666666666666667,1.0,0.06666666666666667,1.0,1.0,0.1111111111111111,0.15555555555555556,0.05714285714285714,1.0,0.05714285714285714,1.0,1.0,0.1111111111111111,0.15555555555555556,0.05,1.0,0.05,1.0,1.0,0.1111111111111111,0.15555555555555556,0.044444444444444446,1.0,0.044444444444444446,1.0,1.0,0.1111111111111111,0.15555555555555556,0.04,1.0,0.04,1.0,1.0,0.1111111111111111,0.15555555555555556,webtable-cl_optim-v=9-distilroberta-dj_adpt~qwen3_4b-dj_adpt,omnimatch_culture_test,9
exhibitions_noisy_0.pq::End Date,0.0,0.0,1.0,1.0,0.0,0.0,0.0,0.2,1.0,0.2,1.0,1.0,0.25,0.25,0.1,1.0,0.1,1.0,1.0,0.25,0.25,0.06666666666666667,1.0,0.06666666666666667,1.0,1.0,0.25,0.25,0.05,1.0,0.05,1.0,1.0,0.25,0.25,0.04,1.0,0.04,1.0,1.0,0.25,0.25,0.03333333333333333,1.0,0.03333333333333333,1.0,1.0,0.25,0.25,0.02857142857142857,1.0,0.02857142857142857,1.0,1.0,0.25,0.25,0.025,1.0,0.025,1.0,1.0,0.25,0.25,0.022222222222222223,1.0,0.022222222222222223,1.0,1.0,0.25,0.25,0.02,1.0,0.02,1.0,1.0,0.25,0.25,webtable-cl_optim-v=9-distilroberta-dj_adpt~qwen3_4b-dj_adpt,omnimatch_culture_test,9
exhibitions_noisy_0.pq::ID No.,0.0,0.0,1.0,0.3333333333333333,0.0,0.0,0.0,0.2,0.3333333333333333,0.6,1.0,1.0,0.5,0.16666666666666666,0.3,1.0,0.3,1.0,1.0,0.5,0.3611111111111111,0.2,1.0,0.2,1.0,1.0,0.5,0.3611111111111111,0.15,1.0,0.15,1.0,1.0,0.5,0.3611111111111111,0.12,1.0,0.12,1.0,1.0,0.5,0.3611111111111111,0.1,1.0,0.1,1.0,1.0,0.5,0.3611111111111111,0.08571428571428572,1.0,0.08571428571428572,1.0,1.0,0.5,0.3611111111111111,0.075,1.0,0.075,1.0,1.0,0.5,0.3611111111111111,0.06666666666666667,1.0,0.06666666666666667,1.0,1.0,0.5,0.3611111111111111,0.06,1.0,0.06,1.0,1.0,0.5,0.3611111111111111,webtable-cl_optim-v=9-distilroberta-dj_adpt~qwen3_4b-dj_adpt,omnimatch_culture_test,9
exhibitions_noisy_0.pq::Start Date,0.0,0.0,1.0,1.0,0.0,0.0,0.0,0.2,1.0,0.2,1.0,1.0,0.25,0.25,0.1,1.0,0.1,1.0,1.0,0.25,0.25,0.06666666666666667,1.0,0.06666666666666667,1.0,1.0,0.25,0.25,0.05,1.0,0.05,1.0,1.0,0.25,0.25,0.04,1.0,0.04,1.0,1.0,0.25,0.25,0.03333333333333333,1.0,0.03333333333333333,1.0,1.0,0.25,0.25,0.02857142857142857,1.0,0.02857142857142857,1.0,1.0,0.25,0.25,0.025,1.0,0.025,1.0,1.0,0.25,0.25,0.022222222222222223,1.0,0.022222222222222223,1.0,1.0,0.25,0.25,0.02,1.0,0.02,1.0,1.0,0.25,0.25,webtable-cl_optim-v=9-distilroberta-dj_adpt~qwen3_4b-dj_adpt,omnimatch_culture_test,9
exhibitions_noisy_1.pq::Exhibition Type,1.0,0.3333333333333333,1.0,0.3333333333333333,1.0,1.0,0.3333333333333333,0.6,1.0,0.6,1.0,1.0,1.0,0.8055555555555555,0.3,1.0,0.3,1.0,1.0,1.0,0.8055555555555555,0.2,1.0,0.2,1.0,1.0,1.0,0.8055555555555555,0.15,1.0,0.15,1.0,1.0,1.0,0.8055555555555555,0.12,1.0,0.12,1.0,1.0,1.0,0.8055555555555555,0.1,1.0,0.1,1.0,1.0,1.0,0.8055555555555555,0.08571428571428572,1.0,0.08571428571428572,1.0,1.0,1.0,0.8055555555555555,0.075,1.0,0.075,1.0,1.0,1.0,0.8055555555555555,0.06666666666666667,1.0,0.06666666666666667,1.0,1.0,1.0,0.8055555555555555,0.06,1.0,0.06,1.0,1.0,1.0,0.8055555555555555,webtable-cl_optim-v=9-distilroberta-dj_adpt~qwen3_4b-dj_adpt,omnimatch_culture_test,9
exhibitions_noisy_1.pq::Gallery Name,1.0,0.3333333333333333,1.0,0.3333333333333333,1.0,1.0,0.3333333333333333,0.6,1.0,0.6,1.0,1.0,1.0,0.7000000000000001,0.3,1.0,0.3,1.0,1.0,1.0,0.7000000000000001,0.2,1.0,0.2,1.0,1.0,1.0,0.7000000000000001,0.15,1.0,0.15,1.0,1.0,1.0,0.7000000000000001,0.12,1.0,0.12,1.0,1.0,1.0,0.7000000000000001,0.1,1.0,0.1,1.0,1.0,1.0,0.7000000000000001,0.08571428571428572,1.0,0.08571428571428572,1.0,1.0,1.0,0.7000000000000001,0.075,1.0,0.075,1.0,1.0,1.0,0.7000000000000001,0.06666666666666667,1.0,0.06666666666666667,1.0,1.0,1.0,0.7000000000000001,0.06,1.0,0.06,1.0,1.0,1.0,0.7000000000000001,webtable-cl_optim-v=9-distilroberta-dj_adpt~qwen3_4b-dj_adpt,omnimatch_culture_test,9
exhibitions_noisy_1.pq::ID No.,1.0,0.16666666666666666,1.0,0.16666666666666666,1.0,1.0,0.16666666666666666,0.8,0.6666666666666666,1.0,0.8333333333333334,1.0,1.0,0.6333333333333333,0.6,1.0,0.6,1.0,1.0,1.0,0.8634920634920635,0.4,1.0,0.4,1.0,1.0,1.0,0.8634920634920635,0.3,1.0,0.3,1.0,1.0,1.0,0.8634920634920635,0.24,1.0,0.24,1.0,1.0,1.0,0.8634920634920635,0.2,1.0,0.2,1.0,1.0,1.0,0.8634920634920635,0.17142857142857143,1.0,0.17142857142857143,1.0,1.0,1.0,0.8634920634920635,0.15,1.0,0.15,1.0,1.0,1.0,0.8634920634920635,0.13333333333333333,1.0,0.13333333333333333,1.0,1.0,1.0,0.8634920634920635,0.12,1.0,0.12,1.0,1.0,1.0,0.8634920634920635,webtable-cl_optim-v=9-distilroberta-dj_adpt~qwen3_4b-dj_adpt,omnimatch_culture_test,9
exhibitions_noisy_1.pq::Title,1.0,0.2,1.0,0.2,1.0,1.0,0.2,0.8,0.8,1.0,1.0,1.0,1.0,0.6433333333333333,0.5,1.0,0.5,1.0,1.0,1.0,0.8099999999999999,0.3333333333333333,1.0,0.3333333333333333,1.0,1.0,1.0,0.8099999999999999,0.25,1.0,0.25,1.0,1.0,1.0,0.8099999999999999,0.2,1.0,0.2,1.0,1.0,1.0,0.8099999999999999,0.16666666666666666,1.0,0.16666666666666666,1.0,1.0,1.0,0.8099999999999999,0.14285714285714285,1.0,0.14285714285714285,1.0,1.0,1.0,0.8099999999999999,0.125,1.0,0.125,1.0,1.0,1.0,0.8099999999999999,0.1111111111111111,1.0,0.1111111111111111,1.0,1.0,1.0,0.8099999999999999,0.1,1.0,0.1,1.0,1.0,1.0,0.8099999999999999,webtable-cl_optim-v=9-distilroberta-dj_adpt~qwen3_4b-dj_adpt,omnimatch_culture_test,9
exhibitions_noisy_3.pq::Exhibition Type,1.0,0.25,1.0,0.25,1.0,1.0,0.25,0.8,1.0,0.8,1.0,1.0,1.0,1.0,0.4,1.0,0.4,1.0,1.0,1.0,1.0,0.26666666666666666,1.0,0.26666666666666666,1.0,1.0,1.0,1.0,0.2,1.0,0.2,1.0,1.0,1.0,1.0,0.16,1.0,0.16,1.0,1.0,1.0,1.0,0.13333333333333333,1.0,0.13333333333333333,1.0,1.0,1.0,1.0,0.11428571428571428,1.0,0.11428571428571428,1.0,1.0,1.0,1.0,0.1,1.0,0.1,1.0,1.0,1.0,1.0,0.08888888888888889,1.0,0.08888888888888889,1.0,1.0,1.0,1.0,0.08,1.0,0.08,1.0,1.0,1.0,1.0,webtable-cl_optim-v=9-distilroberta-dj_adpt~qwen3_4b-dj_adpt,omnimatch_culture_test,9
exhibitions_noisy_3.pq::Gallery Name,1.0,0.25,1.0,0.25,1.0,1.0,0.25,0.8,1.0,0.8,1.0,1.0,1.0,1.0,0.4,1.0,0.4,1.0,1.0,1.0,1.0,0.26666666666666666,1.0,0.26666666666666666,1.0,1.0,1.0,1.0,0.2,1.0,0.2,1.0,1.0,1.0,1.0,0.16,1.0,0.16,1.0,1.0,1.0,1.0,0.13333333333333333,1.0,0.13333333333333333,1.0,1.0,1.0,1.0,0.11428571428571428,1.0,0.11428571428571428,1.0,1.0,1.0,1.0,0.1,1.0,0.1,1.0,1.0,1.0,1.0,0.08888888888888889,1.0,0.08888888888888889,1.0,1.0,1.0,1.0,0.08,1.0,0.08,1.0,1.0,1.0,1.0,webtable-cl_optim-v=9-distilroberta-dj_adpt~qwen3_4b-dj_adpt,omnimatch_culture_test,9
exhibitions_noisy_3.pq::ID No.,1.0,0.14285714285714285,1.0,0.14285714285714285,1.0,1.0,0.14285714285714285,0.8,0.5714285714285714,1.0,0.7142857142857143,1.0,1.0,0.5428571428571428,0.7,1.0,0.7,1.0,1.0,1.0,0.8801587301587303,0.4666666666666667,1.0,0.4666666666666667,1.0,1.0,1.0,0.8801587301587303,0.35,1.0,0.35,1.0,1.0,1.0,0.8801587301587303,0.28,1.0,0.28,1.0,1.0,1.0,0.8801587301587303,0.23333333333333334,1.0,0.23333333333333334,1.0,1.0,1.0,0.8801587301587303,0.2,1.0,0.2,1.0,1.0,1.0,0.8801587301587303,0.175,1.0,0.175,1.0,1.0,1.0,0.8801587301587303,0.15555555555555556,1.0,0.15555555555555556,1.0,1.0,1.0,0.8801587301587303,0.14,1.0,0.14,1.0,1.0,1.0,0.8801587301587303,webtable-cl_optim-v=9-distilroberta-dj_adpt~qwen3_4b-dj_adpt,omnimatch_culture_test,9
exhibitions_noisy_3.pq::Title,1.0,0.16666666666666666,1.0,0.16666666666666666,1.0,1.0,0.16666666666666666,0.8,0.6666666666666666,1.0,0.8333333333333334,1.0,1.0,0.5916666666666667,0.5,0.8333333333333334,0.6,1.0,1.0,1.0,0.6842592592592593,0.4,1.0,0.4,1.0,1.0,1.0,0.7675925925925927,0.3,1.0,0.3,1.0,1.0,1.0,0.7675925925925927,0.24,1.0,0.24,1.0,1.0,1.0,0.7675925925925927,0.2,1.0,0.2,1.0,1.0,1.0,0.7675925925925927,0.17142857142857143,1.0,0.17142857142857143,1.0,1.0,1.0,0.7675925925925927,0.15,1.0,0.15,1.0,1.0,1.0,0.7675925925925927,0.13333333333333333,1.0,0.13333333333333333,1.0,1.0,1.0,0.7675925925925927,0.12,1.0,0.12,1.0,1.0,1.0,0.7675925925925927,webtable-cl_optim-v=9-distilroberta-dj_adpt~qwen3_4b-dj_adpt,omnimatch_culture_test,9
exhibitions_noisy_4.pq::End Date,0.0,0.0,1.0,0.5,0.0,0.0,0.0,0.4,1.0,0.4,1.0,1.0,0.5,0.5,0.2,1.0,0.2,1.0,1.0,0.5,0.5,0.13333333333333333,1.0,0.13333333333333333,1.0,1.0,0.5,0.5,0.1,1.0,0.1,1.0,1.0,0.5,0.5,0.08,1.0,0.08,1.0,1.0,0.5,0.5,0.06666666666666667,1.0,0.06666666666666667,1.0,1.0,0.5,0.5,0.05714285714285714,1.0,0.05714285714285714,1.0,1.0,0.5,0.5,0.05,1.0,0.05,1.0,1.0,0.5,0.5,0.044444444444444446,1.0,0.044444444444444446,1.0,1.0,0.5,0.5,0.04,1.0,0.04,1.0,1.0,0.5,0.5,webtable-cl_optim-v=9-distilroberta-dj_adpt~qwen3_4b-dj_adpt,omnimatch_culture_test,9
exhibitions_noisy_4.pq::ID No.,1.0,0.25,1.0,0.25,1.0,1.0,0.25,0.6,0.75,0.8,1.0,1.0,1.0,0.65,0.4,1.0,0.4,1.0,1.0,1.0,0.775,0.26666666666666666,1.0,0.26666666666666666,1.0,1.0,1.0,0.775,0.2,1.0,0.2,1.0,1.0,1.0,0.775,0.16,1.0,0.16,1.0,1.0,1.0,0.775,0.13333333333333333,1.0,0.13333333333333333,1.0,1.0,1.0,0.775,0.11428571428571428,1.0,0.11428571428571428,1.0,1.0,1.0,0.775,0.1,1.0,0.1,1.0,1.0,1.0,0.775,0.08888888888888889,1.0,0.08888888888888889,1.0,1.0,1.0,0.775,0.08,1.0,0.08,1.0,1.0,1.0,0.775,webtable-cl_optim-v=9-distilroberta-dj_adpt~qwen3_4b-dj_adpt,omnimatch_culture_test,9
exhibitions_noisy_4.pq::Start Date,1.0,0.5,1.0,0.5,1.0,1.0,0.5,0.4,1.0,0.4,1.0,1.0,1.0,0.75,0.2,1.0,0.2,1.0,1.0,1.0,0.75,0.13333333333333333,1.0,0.13333333333333333,1.0,1.0,1.0,0.75,0.1,1.0,0.1,1.0,1.0,1.0,0.75,0.08,1.0,0.08,1.0,1.0,1.0,0.75,0.06666666666666667,1.0,0.06666666666666667,1.0,1.0,1.0,0.75,0.05714285714285714,1.0,0.05714285714285714,1.0,1.0,1.0,0.75,0.05,1.0,0.05,1.0,1.0,1.0,0.75,0.044444444444444446,1.0,0.044444444444444446,1.0,1.0,1.0,0.75,0.04,1.0,0.04,1.0,1.0,1.0,0.75,webtable-cl_optim-v=9-distilroberta-dj_adpt~qwen3_4b-dj_adpt,omnimatch_culture_test,9
exhibitions_noisy_4.pq::Title,0.0,0.0,1.0,0.3333333333333333,0.0,0.0,0.0,0.4,0.6666666666666666,0.6,1.0,1.0,0.5,0.3333333333333333,0.3,1.0,0.3,1.0,1.0,0.5,0.4761904761904762,0.2,1.0,0.2,1.0,1.0,0.5,0.4761904761904762,0.15,1.0,0.15,1.0,1.0,0.5,0.4761904761904762,0.12,1.0,0.12,1.0,1.0,0.5,0.4761904761904762,0.1,1.0,0.1,1.0,1.0,0.5,0.4761904761904762,0.08571428571428572,1.0,0.08571428571428572,1.0,1.0,0.5,0.4761904761904762,0.075,1.0,0.075,1.0,1.0,0.5,0.4761904761904762,0.06666666666666667,1.0,0.06666666666666667,1.0,1.0,0.5,0.4761904761904762,0.06,1.0,0.06,1.0,1.0,0.5,0.4761904761904762,webtable-cl_optim-v=9-distilroberta-dj_adpt~qwen3_4b-dj_adpt,omnimatch_culture_test,9
exhibitions_noisy_5.pq::Exhibition Type,0.0,0.0,1.0,0.5,0.0,0.0,0.0,0.4,1.0,0.4,1.0,1.0,0.5,0.5,0.2,1.0,0.2,1.0,1.0,0.5,0.5,0.13333333333333333,1.0,0.13333333333333333,1.0,1.0,0.5,0.5,0.1,1.0,0.1,1.0,1.0,0.5,0.5,0.08,1.0,0.08,1.0,1.0,0.5,0.5,0.06666666666666667,1.0,0.06666666666666667,1.0,1.0,0.5,0.5,0.05714285714285714,1.0,0.05714285714285714,1.0,1.0,0.5,0.5,0.05,1.0,0.05,1.0,1.0,0.5,0.5,0.044444444444444446,1.0,0.044444444444444446,1.0,1.0,0.5,0.5,0.04,1.0,0.04,1.0,1.0,0.5,0.5,webtable-cl_optim-v=9-distilroberta-dj_adpt~qwen3_4b-dj_adpt,omnimatch_culture_test,9
exhibitions_noisy_5.pq::Gallery Name,1.0,0.5,1.0,0.5,1.0,1.0,0.5,0.4,1.0,0.4,1.0,1.0,1.0,0.75,0.2,1.0,0.2,1.0,1.0,1.0,0.75,0.13333333333333333,1.0,0.13333333333333333,1.0,1.0,1.0,0.75,0.1,1.0,0.1,1.0,1.0,1.0,0.75,0.08,1.0,0.08,1.0,1.0,1.0,0.75,0.06666666666666667,1.0,0.06666666666666667,1.0,1.0,1.0,0.75,0.05714285714285714,1.0,0.05714285714285714,1.0,1.0,1.0,0.75,0.05,1.0,0.05,1.0,1.0,1.0,0.75,0.044444444444444446,1.0,0.044444444444444446,1.0,1.0,1.0,0.75,0.04,1.0,0.04,1.0,1.0,1.0,0.75,webtable-cl_optim-v=9-distilroberta-dj_adpt~qwen3_4b-dj_adpt,omnimatch_culture_test,9
exhibitions_noisy_5.pq::ID No.,1.0,0.2,1.0,0.2,1.0,1.0,0.2,0.8,0.8,1.0,1.0,1.0,1.0,0.76,0.5,1.0,0.5,1.0,1.0,1.0,0.885,0.3333333333333333,1.0,0.3333333333333333,1.0,1.0,1.0,0.885,0.25,1.0,0.25,1.0,1.0,1.0,0.885,0.2,1.0,0.2,1.0,1.0,1.0,0.885,0.16666666666666666,1.0,0.16666666666666666,1.0,1.0,1.0,0.885,0.14285714285714285,1.0,0.14285714285714285,1.0,1.0,1.0,0.885,0.125,1.0,0.125,1.0,1.0,1.0,0.885,0.1111111111111111,1.0,0.1111111111111111,1.0,1.0,1.0,0.885,0.1,1.0,0.1,1.0,1.0,1.0,0.885,webtable-cl_optim-v=9-distilroberta-dj_adpt~qwen3_4b-dj_adpt,omnimatch_culture_test,9
exhibitions_noisy_5.pq::Title,1.0,0.25,1.0,0.25,1.0,1.0,0.25,0.6,0.75,0.8,1.0,1.0,1.0,0.6041666666666666,0.4,1.0,0.4,1.0,1.0,1.0,0.7708333333333333,0.26666666666666666,1.0,0.26666666666666666,1.0,1.0,1.0,0.7708333333333333,0.2,1.0,0.2,1.0,1.0,1.0,0.7708333333333333,0.16,1.0,0.16,1.0,1.0,1.0,0.7708333333333333,0.13333333333333333,1.0,0.13333333333333333,1.0,1.0,1.0,0.7708333333333333,0.11428571428571428,1.0,0.11428571428571428,1.0,1.0,1.0,0.7708333333333333,0.1,1.0,0.1,1.0,1.0,1.0,0.7708333333333333,0.08888888888888889,1.0,0.08888888888888889,1.0,1.0,1.0,0.7708333333333333,0.08,1.0,0.08,1.0,1.0,1.0,0.7708333333333333,webtable-cl_optim-v=9-distilroberta-dj_adpt~qwen3_4b-dj_adpt,omnimatch_culture_test,9
exhibitions_noisy_6.pq::End Date,1.0,0.25,1.0,0.25,1.0,1.0,0.25,0.8,1.0,0.8,1.0,1.0,1.0,1.0,0.4,1.0,0.4,1.0,1.0,1.0,1.0,0.26666666666666666,1.0,0.26666666666666666,1.0,1.0,1.0,1.0,0.2,1.0,0.2,1.0,1.0,1.0,1.0,0.16,1.0,0.16,1.0,1.0,1.0,1.0,0.13333333333333333,1.0,0.13333333333333333,1.0,1.0,1.0,1.0,0.11428571428571428,1.0,0.11428571428571428,1.0,1.0,1.0,1.0,0.1,1.0,0.1,1.0,1.0,1.0,1.0,0.08888888888888889,1.0,0.08888888888888889,1.0,1.0,1.0,1.0,0.08,1.0,0.08,1.0,1.0,1.0,1.0,webtable-cl_optim-v=9-distilroberta-dj_adpt~qwen3_4b-dj_adpt,omnimatch_culture_test,9
exhibitions_noisy_6.pq::ID No.,1.0,0.1111111111111111,1.0,0.1111111111111111,1.0,1.0,0.1111111111111111,1.0,0.5555555555555556,1.0,0.5555555555555556,1.0,1.0,0.5555555555555556,0.9,1.0,0.9,1.0,1.0,1.0,1.0,0.6,1.0,0.6,1.0,1.0,1.0,1.0,0.45,1.0,0.45,1.0,1.0,1.0,1.0,0.36,1.0,0.36,1.0,1.0,1.0,1.0,0.3,1.0,0.3,1.0,1.0,1.0,1.0,0.2571428571428571,1.0,0.2571428571428571,1.0,1.0,1.0,1.0,0.225,1.0,0.225,1.0,1.0,1.0,1.0,0.2,1.0,0.2,1.0,1.0,1.0,1.0,0.18,1.0,0.18,1.0,1.0,1.0,1.0,webtable-cl_optim-v=9-distilroberta-dj_adpt~qwen3_4b-dj_adpt,omnimatch_culture_test,9
exhibitions_noisy_6.pq::Start Date,1.0,0.25,1.0,0.25,1.0,1.0,0.25,0.8,1.0,0.8,1.0,1.0,1.0,1.0,0.4,1.0,0.4,1.0,1.0,1.0,1.0,0.26666666666666666,1.0,0.26666666666666666,1.0,1.0,1.0,1.0,0.2,1.0,0.2,1.0,1.0,1.0,1.0,0.16,1.0,0.16,1.0,1.0,1.0,1.0,0.13333333333333333,1.0,0.13333333333333333,1.0,1.0,1.0,1.0,0.11428571428571428,1.0,0.11428571428571428,1.0,1.0,1.0,1.0,0.1,1.0,0.1,1.0,1.0,1.0,1.0,0.08888888888888889,1.0,0.08888888888888889,1.0,1.0,1.0,1.0,0.08,1.0,0.08,1.0,1.0,1.0,1.0,webtable-cl_optim-v=9-distilroberta-dj_adpt~qwen3_4b-dj_adpt,omnimatch_culture_test,9
exhibitions_noisy_6.pq::Title,1.0,0.14285714285714285,1.0,0.14285714285714285,1.0,1.0,0.14285714285714285,1.0,0.7142857142857143,1.0,0.7142857142857143,1.0,1.0,0.7142857142857143,0.6,0.8571428571428571,0.7,1.0,1.0,1.0,0.8571428571428571,0.4666666666666667,1.0,0.4666666666666667,1.0,1.0,1.0,0.9480519480519481,0.35,1.0,0.35,1.0,1.0,1.0,0.9480519480519481,0.28,1.0,0.28,1.0,1.0,1.0,0.9480519480519481,0.23333333333333334,1.0,0.23333333333333334,1.0,1.0,1.0,0.9480519480519481,0.2,1.0,0.2,1.0,1.0,1.0,0.9480519480519481,0.175,1.0,0.175,1.0,1.0,1.0,0.9480519480519481,0.15555555555555556,1.0,0.15555555555555556,1.0,1.0,1.0,0.9480519480519481,0.14,1.0,0.14,1.0,1.0,1.0,0.9480519480519481,webtable-cl_optim-v=9-distilroberta-dj_adpt~qwen3_4b-dj_adpt,omnimatch_culture_test,9
exhibitions_noisy_7.pq::Exhibition Type,0.0,0.0,1.0,1.0,0.0,0.0,0.0,0.2,1.0,0.2,1.0,1.0,0.5,0.5,0.1,1.0,0.1,1.0,1.0,0.5,0.5,0.06666666666666667,1.0,0.06666666666666667,1.0,1.0,0.5,0.5,0.05,1.0,0.05,1.0,1.0,0.5,0.5,0.04,1.0,0.04,1.0,1.0,0.5,0.5,0.03333333333333333,1.0,0.03333333333333333,1.0,1.0,0.5,0.5,0.02857142857142857,1.0,0.02857142857142857,1.0,1.0,0.5,0.5,0.025,1.0,0.025,1.0,1.0,0.5,0.5,0.022222222222222223,1.0,0.022222222222222223,1.0,1.0,0.5,0.5,0.02,1.0,0.02,1.0,1.0,0.5,0.5,webtable-cl_optim-v=9-distilroberta-dj_adpt~qwen3_4b-dj_adpt,omnimatch_culture_test,9
exhibitions_noisy_7.pq::Gallery Name,0.0,0.0,1.0,1.0,0.0,0.0,0.0,0.0,0.0,0.2,1.0,0.0,0.0,0.0,0.0,0.0,0.1,1.0,0.0,0.0,0.0,0.0,0.0,0.06666666666666667,1.0,0.0,0.0,0.0,0.0,0.0,0.05,1.0,0.0,0.0,0.0,0.0,0.0,0.04,1.0,0.0,0.0,0.0,0.03333333333333333,1.0,0.03333333333333333,1.0,1.0,0.03333333333333333,0.03333333333333333,0.02857142857142857,1.0,0.02857142857142857,1.0,1.0,0.03333333333333333,0.03333333333333333,0.025,1.0,0.025,1.0,1.0,0.03333333333333333,0.03333333333333333,0.022222222222222223,1.0,0.022222222222222223,1.0,1.0,0.03333333333333333,0.03333333333333333,0.02,1.0,0.02,1.0,1.0,0.03333333333333333,0.03333333333333333,webtable-cl_optim-v=9-distilroberta-dj_adpt~qwen3_4b-dj_adpt,omnimatch_culture_test,9
exhibitions_noisy_7.pq::ID No.,0.0,0.0,1.0,0.5,0.0,0.0,0.0,0.2,0.5,0.4,1.0,1.0,0.3333333333333333,0.16666666666666666,0.2,1.0,0.2,1.0,1.0,0.3333333333333333,0.29166666666666663,0.13333333333333333,1.0,0.13333333333333333,1.0,1.0,0.3333333333333333,0.29166666666666663,0.1,1.0,0.1,1.0,1.0,0.3333333333333333,0.29166666666666663,0.08,1.0,0.08,1.0,1.0,0.3333333333333333,0.29166666666666663,0.06666666666666667,1.0,0.06666666666666667,1.0,1.0,0.3333333333333333,0.29166666666666663,0.05714285714285714,1.0,0.05714285714285714,1.0,1.0,0.3333333333333333,0.29166666666666663,0.05,1.0,0.05,1.0,1.0,0.3333333333333333,0.29166666666666663,0.044444444444444446,1.0,0.044444444444444446,1.0,1.0,0.3333333333333333,0.29166666666666663,0.04,1.0,0.04,1.0,1.0,0.3333333333333333,0.29166666666666663,webtable-cl_optim-v=9-distilroberta-dj_adpt~qwen3_4b-dj_adpt,omnimatch_culture_test,9
exhibitions_noisy_7.pq::Title,0.0,0.0,1.0,0.5,0.0,0.0,0.0,0.0,0.0,0.4,1.0,0.0,0.0,0.0,0.1,0.5,0.2,1.0,1.0,0.125,0.0625,0.13333333333333333,1.0,0.13333333333333333,1.0,1.0,0.125,0.1534090909090909,0.1,1.0,0.1,1.0,1.0,0.125,0.1534090909090909,0.08,1.0,0.08,1.0,1.0,0.125,0.1534090909090909,0.06666666666666667,1.0,0.06666666666666667,1.0,1.0,0.125,0.1534090909090909,0.05714285714285714,1.0,0.05714285714285714,1.0,1.0,0.125,0.1534090909090909,0.05,1.0,0.05,1.0,1.0,0.125,0.1534090909090909,0.044444444444444446,1.0,0.044444444444444446,1.0,1.0,0.125,0.1534090909090909,0.04,1.0,0.04,1.0,1.0,0.125,0.1534090909090909,webtable-cl_optim-v=9-distilroberta-dj_adpt~qwen3_4b-dj_adpt,omnimatch_culture_test,9
exhibitions_noisy_8.pq::End Date,0.0,0.0,1.0,0.3333333333333333,0.0,0.0,0.0,0.6,1.0,0.6,1.0,1.0,0.5,0.6388888888888888,0.3,1.0,0.3,1.0,1.0,0.5,0.6388888888888888,0.2,1.0,0.2,1.0,1.0,0.5,0.6388888888888888,0.15,1.0,0.15,1.0,1.0,0.5,0.6388888888888888,0.12,1.0,0.12,1.0,1.0,0.5,0.6388888888888888,0.1,1.0,0.1,1.0,1.0,0.5,0.6388888888888888,0.08571428571428572,1.0,0.08571428571428572,1.0,1.0,0.5,0.6388888888888888,0.075,1.0,0.075,1.0,1.0,0.5,0.6388888888888888,0.06666666666666667,1.0,0.06666666666666667,1.0,1.0,0.5,0.6388888888888888,0.06,1.0,0.06,1.0,1.0,0.5,0.6388888888888888,webtable-cl_optim-v=9-distilroberta-dj_adpt~qwen3_4b-dj_adpt,omnimatch_culture_test,9
exhibitions_noisy_8.pq::ID No.,1.0,0.125,1.0,0.125,1.0,1.0,0.125,0.8,0.5,1.0,0.625,1.0,1.0,0.44375,0.8,1.0,0.8,1.0,1.0,1.0,0.875545634920635,0.5333333333333333,1.0,0.5333333333333333,1.0,1.0,1.0,0.875545634920635,0.4,1.0,0.4,1.0,1.0,1.0,0.875545634920635,0.32,1.0,0.32,1.0,1.0,1.0,0.875545634920635,0.26666666666666666,1.0,0.26666666666666666,1.0,1.0,1.0,0.875545634920635,0.22857142857142856,1.0,0.22857142857142856,1.0,1.0,1.0,0.875545634920635,0.2,1.0,0.2,1.0,1.0,1.0,0.875545634920635,0.17777777777777778,1.0,0.17777777777777778,1.0,1.0,1.0,0.875545634920635,0.16,1.0,0.16,1.0,1.0,1.0,0.875545634920635,webtable-cl_optim-v=9-distilroberta-dj_adpt~qwen3_4b-dj_adpt,omnimatch_culture_test,9
exhibitions_noisy_8.pq::Start Date,1.0,0.3333333333333333,1.0,0.3333333333333333,1.0,1.0,0.3333333333333333,0.6,1.0,0.6,1.0,1.0,1.0,0.8055555555555555,0.3,1.0,0.3,1.0,1.0,1.0,0.8055555555555555,0.2,1.0,0.2,1.0,1.0,1.0,0.8055555555555555,0.15,1.0,0.15,1.0,1.0,1.0,0.8055555555555555,0.12,1.0,0.12,1.0,1.0,1.0,0.8055555555555555,0.1,1.0,0.1,1.0,1.0,1.0,0.8055555555555555,0.08571428571428572,1.0,0.08571428571428572,1.0,1.0,1.0,0.8055555555555555,0.075,1.0,0.075,1.0,1.0,1.0,0.8055555555555555,0.06666666666666667,1.0,0.06666666666666667,1.0,1.0,1.0,0.8055555555555555,0.06,1.0,0.06,1.0,1.0,1.0,0.8055555555555555,webtable-cl_optim-v=9-distilroberta-dj_adpt~qwen3_4b-dj_adpt,omnimatch_culture_test,9
exhibitions_noisy_9.pq::ID No.,0.0,0.0,1.0,1.0,0.0,0.0,0.0,0.0,0.0,0.2,1.0,0.0,0.0,0.0,0.1,1.0,0.1,1.0,1.0,0.125,0.125,0.06666666666666667,1.0,0.06666666666666667,1.0,1.0,0.125,0.125,0.05,1.0,0.05,1.0,1.0,0.125,0.125,0.04,1.0,0.04,1.0,1.0,0.125,0.125,0.03333333333333333,1.0,0.03333333333333333,1.0,1.0,0.125,0.125,0.02857142857142857,1.0,0.02857142857142857,1.0,1.0,0.125,0.125,0.025,1.0,0.025,1.0,1.0,0.125,0.125,0.022222222222222223,1.0,0.022222222222222223,1.0,1.0,0.125,0.125,0.02,1.0,0.02,1.0,1.0,0.125,0.125,webtable-cl_optim-v=9-distilroberta-dj_adpt~qwen3_4b-dj_adpt,omnimatch_culture_test,9
exhibitions_noisy_9.pq::Title,0.0,0.0,1.0,1.0,0.0,0.0,0.0,0.2,1.0,0.2,1.0,1.0,0.3333333333333333,0.3333333333333333,0.1,1.0,0.1,1.0,1.0,0.3333333333333333,0.3333333333333333,0.06666666666666667,1.0,0.06666666666666667,1.0,1.0,0.3333333333333333,0.3333333333333333,0.05,1.0,0.05,1.0,1.0,0.3333333333333333,0.3333333333333333,0.04,1.0,0.04,1.0,1.0,0.3333333333333333,0.3333333333333333,0.03333333333333333,1.0,0.03333333333333333,1.0,1.0,0.3333333333333333,0.3333333333333333,0.02857142857142857,1.0,0.02857142857142857,1.0,1.0,0.3333333333333333,0.3333333333333333,0.025,1.0,0.025,1.0,1.0,0.3333333333333333,0.3333333333333333,0.022222222222222223,1.0,0.022222222222222223,1.0,1.0,0.3333333333333333,0.3333333333333333,0.02,1.0,0.02,1.0,1.0,0.3333333333333333,0.3333333333333333,webtable-cl_optim-v=9-distilroberta-dj_adpt~qwen3_4b-dj_adpt,omnimatch_culture_test,9
film_locations_noisy_0.pq::Distributor,0.0,0.0,1.0,1.0,0.0,0.0,0.0,0.2,1.0,0.2,1.0,1.0,0.5,0.5,0.1,1.0,0.1,1.0,1.0,0.5,0.5,0.06666666666666667,1.0,0.06666666666666667,1.0,1.0,0.5,0.5,0.05,1.0,0.05,1.0,1.0,0.5,0.5,0.04,1.0,0.04,1.0,1.0,0.5,0.5,0.03333333333333333,1.0,0.03333333333333333,1.0,1.0,0.5,0.5,0.02857142857142857,1.0,0.02857142857142857,1.0,1.0,0.5,0.5,0.025,1.0,0.025,1.0,1.0,0.5,0.5,0.022222222222222223,1.0,0.022222222222222223,1.0,1.0,0.5,0.5,0.02,1.0,0.02,1.0,1.0,0.5,0.5,webtable-cl_optim-v=9-distilroberta-dj_adpt~qwen3_4b-dj_adpt,omnimatch_culture_test,9
film_locations_noisy_0.pq::Locations,0.0,0.0,1.0,0.25,0.0,0.0,0.0,0.0,0.0,0.8,1.0,0.0,0.0,0.0,0.0,0.0,0.4,1.0,0.0,0.0,0.0,0.0,0.0,0.26666666666666666,1.0,0.0,0.0,0.0,0.1,0.5,0.2,1.0,1.0,0.05263157894736842,0.038157894736842106,0.12,0.75,0.16,1.0,1.0,0.05263157894736842,0.0722488038277512,0.1,0.75,0.13333333333333333,1.0,1.0,0.05263157894736842,0.0722488038277512,0.08571428571428572,0.75,0.11428571428571428,1.0,1.0,0.05263157894736842,0.0722488038277512,0.075,0.75,0.1,1.0,1.0,0.05263157894736842,0.0722488038277512,0.08888888888888889,1.0,0.08888888888888889,1.0,1.0,0.05263157894736842,0.09605832763727501,0.08,1.0,0.08,1.0,1.0,0.05263157894736842,0.09605832763727501,webtable-cl_optim-v=9-distilroberta-dj_adpt~qwen3_4b-dj_adpt,omnimatch_culture_test,9
film_locations_noisy_0.pq::Production Company,1.0,1.0,1.0,1.0,1.0,1.0,1.0,0.2,1.0,0.2,1.0,1.0,1.0,1.0,0.1,1.0,0.1,1.0,1.0,1.0,1.0,0.06666666666666667,1.0,0.06666666666666667,1.0,1.0,1.0,1.0,0.05,1.0,0.05,1.0,1.0,1.0,1.0,0.04,1.0,0.04,1.0,1.0,1.0,1.0,0.03333333333333333,1.0,0.03333333333333333,1.0,1.0,1.0,1.0,0.02857142857142857,1.0,0.02857142857142857,1.0,1.0,1.0,1.0,0.025,1.0,0.025,1.0,1.0,1.0,1.0,0.022222222222222223,1.0,0.022222222222222223,1.0,1.0,1.0,1.0,0.02,1.0,0.02,1.0,1.0,1.0,1.0,webtable-cl_optim-v=9-distilroberta-dj_adpt~qwen3_4b-dj_adpt,omnimatch_culture_test,9
film_locations_noisy_0.pq::Release Year,0.0,0.0,1.0,1.0,0.0,0.0,0.0,0.2,1.0,0.2,1.0,1.0,0.5,0.5,0.1,1.0,0.1,1.0,1.0,0.5,0.5,0.06666666666666667,1.0,0.06666666666666667,1.0,1.0,0.5,0.5,0.05,1.0,0.05,1.0,1.0,0.5,0.5,0.04,1.0,0.04,1.0,1.0,0.5,0.5,0.03333333333333333,1.0,0.03333333333333333,1.0,1.0,0.5,0.5,0.02857142857142857,1.0,0.02857142857142857,1.0,1.0,0.5,0.5,0.025,1.0,0.025,1.0,1.0,0.5,0.5,0.022222222222222223,1.0,0.022222222222222223,1.0,1.0,0.5,0.5,0.02,1.0,0.02,1.0,1.0,0.5,0.5,webtable-cl_optim-v=9-distilroberta-dj_adpt~qwen3_4b-dj_adpt,omnimatch_culture_test,9
film_locations_noisy_0.pq::Title,0.0,0.0,1.0,0.5,0.0,0.0,0.0,0.4,1.0,0.4,1.0,1.0,0.5,0.45,0.2,1.0,0.2,1.0,1.0,0.5,0.45,0.13333333333333333,1.0,0.13333333333333333,1.0,1.0,0.5,0.45,0.1,1.0,0.1,1.0,1.0,0.5,0.45,0.08,1.0,0.08,1.0,1.0,0.5,0.45,0.06666666666666667,1.0,0.06666666666666667,1.0,1.0,0.5,0.45,0.05714285714285714,1.0,0.05714285714285714,1.0,1.0,0.5,0.45,0.05,1.0,0.05,1.0,1.0,0.5,0.45,0.044444444444444446,1.0,0.044444444444444446,1.0,1.0,0.5,0.45,0.04,1.0,0.04,1.0,1.0,0.5,0.45,webtable-cl_optim-v=9-distilroberta-dj_adpt~qwen3_4b-dj_adpt,omnimatch_culture_test,9
film_locations_noisy_1.pq::Actor 1,1.0,0.3333333333333333,1.0,0.3333333333333333,1.0,1.0,0.3333333333333333,0.6,1.0,0.6,1.0,1.0,1.0,1.0,0.3,1.0,0.3,1.0,1.0,1.0,1.0,0.2,1.0,0.2,1.0,1.0,1.0,1.0,0.15,1.0,0.15,1.0,1.0,1.0,1.0,0.12,1.0,0.12,1.0,1.0,1.0,1.0,0.1,1.0,0.1,1.0,1.0,1.0,1.0,0.08571428571428572,1.0,0.08571428571428572,1.0,1.0,1.0,1.0,0.075,1.0,0.075,1.0,1.0,1.0,1.0,0.06666666666666667,1.0,0.06666666666666667,1.0,1.0,1.0,1.0,0.06,1.0,0.06,1.0,1.0,1.0,1.0,webtable-cl_optim-v=9-distilroberta-dj_adpt~qwen3_4b-dj_adpt,omnimatch_culture_test,9
film_locations_noisy_1.pq::Actor 2,0.0,0.0,1.0,0.3333333333333333,0.0,0.0,0.0,0.2,0.3333333333333333,0.6,1.0,1.0,0.2,0.06666666666666667,0.3,1.0,0.3,1.0,1.0,0.2,0.3206349206349206,0.2,1.0,0.2,1.0,1.0,0.2,0.3206349206349206,0.15,1.0,0.15,1.0,1.0,0.2,0.3206349206349206,0.12,1.0,0.12,1.0,1.0,0.2,0.3206349206349206,0.1,1.0,0.1,1.0,1.0,0.2,0.3206349206349206,0.08571428571428572,1.0,0.08571428571428572,1.0,1.0,0.2,0.3206349206349206,0.075,1.0,0.075,1.0,1.0,0.2,0.3206349206349206,0.06666666666666667,1.0,0.06666666666666667,1.0,1.0,0.2,0.3206349206349206,0.06,1.0,0.06,1.0,1.0,0.2,0.3206349206349206,webtable-cl_optim-v=9-distilroberta-dj_adpt~qwen3_4b-dj_adpt,omnimatch_culture_test,9
film_locations_noisy_1.pq::Actor 3,0.0,0.0,1.0,0.3333333333333333,0.0,0.0,0.0,0.0,0.0,0.6,1.0,0.0,0.0,0.0,0.2,0.6666666666666666,0.3,1.0,1.0,0.125,0.10833333333333334,0.2,1.0,0.2,1.0,1.0,0.125,0.19924242424242422,0.15,1.0,0.15,1.0,1.0,0.125,0.19924242424242422,0.12,1.0,0.12,1.0,1.0,0.125,0.19924242424242422,0.1,1.0,0.1,1.0,1.0,0.125,0.19924242424242422,0.08571428571428572,1.0,0.08571428571428572,1.0,1.0,0.125,0.19924242424242422,0.075,1.0,0.075,1.0,1.0,0.125,0.19924242424242422,0.06666666666666667,1.0,0.06666666666666667,1.0,1.0,0.125,0.19924242424242422,0.06,1.0,0.06,1.0,1.0,0.125,0.19924242424242422,webtable-cl_optim-v=9-distilroberta-dj_adpt~qwen3_4b-dj_adpt,omnimatch_culture_test,9
film_locations_noisy_1.pq::Director,1.0,0.25,1.0,0.25,1.0,1.0,0.25,0.4,0.5,0.8,1.0,1.0,1.0,0.5,0.4,1.0,0.4,1.0,1.0,1.0,0.7678571428571428,0.26666666666666666,1.0,0.26666666666666666,1.0,1.0,1.0,0.7678571428571428,0.2,1.0,0.2,1.0,1.0,1.0,0.7678571428571428,0.16,1.0,0.16,1.0,1.0,1.0,0.7678571428571428,0.13333333333333333,1.0,0.13333333333333333,1.0,1.0,1.0,0.7678571428571428,0.11428571428571428,1.0,0.11428571428571428,1.0,1.0,1.0,0.7678571428571428,0.1,1.0,0.1,1.0,1.0,1.0,0.7678571428571428,0.08888888888888889,1.0,0.08888888888888889,1.0,1.0,1.0,0.7678571428571428,0.08,1.0,0.08,1.0,1.0,1.0,0.7678571428571428,webtable-cl_optim-v=9-distilroberta-dj_adpt~qwen3_4b-dj_adpt,omnimatch_culture_test,9
film_locations_noisy_1.pq::Locations,1.0,0.14285714285714285,1.0,0.14285714285714285,1.0,1.0,0.14285714285714285,0.8,0.5714285714285714,1.0,0.7142857142857143,1.0,1.0,0.5071428571428571,0.5,0.7142857142857143,0.7,1.0,1.0,1.0,0.6091836734693877,0.4,0.8571428571428571,0.4666666666666667,1.0,1.0,1.0,0.6871057513914657,0.3,0.8571428571428571,0.35,1.0,1.0,1.0,0.6871057513914657,0.24,0.8571428571428571,0.28,1.0,1.0,1.0,0.6871057513914657,0.2,0.8571428571428571,0.23333333333333334,1.0,1.0,1.0,0.6871057513914657,0.17142857142857143,0.8571428571428571,0.2,1.0,1.0,1.0,0.6871057513914657,0.175,1.0,0.175,1.0,1.0,1.0,0.7127467770324912,0.15555555555555556,1.0,0.15555555555555556,1.0,1.0,1.0,0.7127467770324912,0.14,1.0,0.14,1.0,1.0,1.0,0.7127467770324912,webtable-cl_optim-v=9-distilroberta-dj_adpt~qwen3_4b-dj_adpt,omnimatch_culture_test,9
film_locations_noisy_1.pq::Writer,0.0,0.0,1.0,0.25,0.0,0.0,0.0,0.8,1.0,0.8,1.0,1.0,0.5,0.6791666666666667,0.4,1.0,0.4,1.0,1.0,0.5,0.6791666666666667,0.26666666666666666,1.0,0.26666666666666666,1.0,1.0,0.5,0.6791666666666667,0.2,1.0,0.2,1.0,1.0,0.5,0.6791666666666667,0.16,1.0,0.16,1.0,1.0,0.5,0.6791666666666667,0.13333333333333333,1.0,0.13333333333333333,1.0,1.0,0.5,0.6791666666666667,0.11428571428571428,1.0,0.11428571428571428,1.0,1.0,0.5,0.6791666666666667,0.1,1.0,0.1,1.0,1.0,0.5,0.6791666666666667,0.08888888888888889,1.0,0.08888888888888889,1.0,1.0,0.5,0.6791666666666667,0.08,1.0,0.08,1.0,1.0,0.5,0.6791666666666667,webtable-cl_optim-v=9-distilroberta-dj_adpt~qwen3_4b-dj_adpt,omnimatch_culture_test,9
film_locations_noisy_2.pq::Director,0.0,0.0,1.0,0.5,0.0,0.0,0.0,0.4,1.0,0.4,1.0,1.0,0.3333333333333333,0.41666666666666663,0.2,1.0,0.2,1.0,1.0,0.3333333333333333,0.41666666666666663,0.13333333333333333,1.0,0.13333333333333333,1.0,1.0,0.3333333333333333,0.41666666666666663,0.1,1.0,0.1,1.0,1.0,0.3333333333333333,0.41666666666666663,0.08,1.0,0.08,1.0,1.0,0.3333333333333333,0.41666666666666663,0.06666666666666667,1.0,0.06666666666666667,1.0,1.0,0.3333333333333333,0.41666666666666663,0.05714285714285714,1.0,0.05714285714285714,1.0,1.0,0.3333333333333333,0.41666666666666663,0.05,1.0,0.05,1.0,1.0,0.3333333333333333,0.41666666666666663,0.044444444444444446,1.0,0.044444444444444446,1.0,1.0,0.3333333333333333,0.41666666666666663,0.04,1.0,0.04,1.0,1.0,0.3333333333333333,0.41666666666666663,webtable-cl_optim-v=9-distilroberta-dj_adpt~qwen3_4b-dj_adpt,omnimatch_culture_test,9
film_locations_noisy_2.pq::Locations,0.0,0.0,1.0,0.5,0.0,0.0,0.0,0.0,0.0,0.4,1.0,0.0,0.0,0.0,0.1,0.5,0.2,1.0,1.0,0.16666666666666666,0.08333333333333333,0.06666666666666667,0.5,0.13333333333333333,1.0,1.0,0.16666666666666666,0.08333333333333333,0.05,0.5,0.1,1.0,1.0,0.16666666666666666,0.08333333333333333,0.08,1.0,0.08,1.0,1.0,0.16666666666666666,0.13095238095238093,0.06666666666666667,1.0,0.06666666666666667,1.0,1.0,0.16666666666666666,0.13095238095238093,0.05714285714285714,1.0,0.05714285714285714,1.0,1.0,0.16666666666666666,0.13095238095238093,0.05,1.0,0.05,1.0,1.0,0.16666666666666666,0.13095238095238093,0.044444444444444446,1.0,0.044444444444444446,1.0,1.0,0.16666666666666666,0.13095238095238093,0.04,1.0,0.04,1.0,1.0,0.16666666666666666,0.13095238095238093,webtable-cl_optim-v=9-distilroberta-dj_adpt~qwen3_4b-dj_adpt,omnimatch_culture_test,9
film_locations_noisy_2.pq::Title,0.0,0.0,1.0,1.0,0.0,0.0,0.0,0.2,1.0,0.2,1.0,1.0,0.2,0.2,0.1,1.0,0.1,1.0,1.0,0.2,0.2,0.06666666666666667,1.0,0.06666666666666667,1.0,1.0,0.2,0.2,0.05,1.0,0.05,1.0,1.0,0.2,0.2,0.04,1.0,0.04,1.0,1.0,0.2,0.2,0.03333333333333333,1.0,0.03333333333333333,1.0,1.0,0.2,0.2,0.02857142857142857,1.0,0.02857142857142857,1.0,1.0,0.2,0.2,0.025,1.0,0.025,1.0,1.0,0.2,0.2,0.022222222222222223,1.0,0.022222222222222223,1.0,1.0,0.2,0.2,0.02,1.0,0.02,1.0,1.0,0.2,0.2,webtable-cl_optim-v=9-distilroberta-dj_adpt~qwen3_4b-dj_adpt,omnimatch_culture_test,9
film_locations_noisy_3.pq::Actor 1,1.0,0.25,1.0,0.25,1.0,1.0,0.25,0.8,1.0,0.8,1.0,1.0,1.0,1.0,0.4,1.0,0.4,1.0,1.0,1.0,1.0,0.26666666666666666,1.0,0.26666666666666666,1.0,1.0,1.0,1.0,0.2,1.0,0.2,1.0,1.0,1.0,1.0,0.16,1.0,0.16,1.0,1.0,1.0,1.0,0.13333333333333333,1.0,0.13333333333333333,1.0,1.0,1.0,1.0,0.11428571428571428,1.0,0.11428571428571428,1.0,1.0,1.0,1.0,0.1,1.0,0.1,1.0,1.0,1.0,1.0,0.08888888888888889,1.0,0.08888888888888889,1.0,1.0,1.0,1.0,0.08,1.0,0.08,1.0,1.0,1.0,1.0,webtable-cl_optim-v=9-distilroberta-dj_adpt~qwen3_4b-dj_adpt,omnimatch_culture_test,9
film_locations_noisy_3.pq::Actor 2,1.0,0.25,1.0,0.25,1.0,1.0,0.25,0.8,1.0,0.8,1.0,1.0,1.0,1.0,0.4,1.0,0.4,1.0,1.0,1.0,1.0,0.26666666666666666,1.0,0.26666666666666666,1.0,1.0,1.0,1.0,0.2,1.0,0.2,1.0,1.0,1.0,1.0,0.16,1.0,0.16,1.0,1.0,1.0,1.0,0.13333333333333333,1.0,0.13333333333333333,1.0,1.0,1.0,1.0,0.11428571428571428,1.0,0.11428571428571428,1.0,1.0,1.0,1.0,0.1,1.0,0.1,1.0,1.0,1.0,1.0,0.08888888888888889,1.0,0.08888888888888889,1.0,1.0,1.0,1.0,0.08,1.0,0.08,1.0,1.0,1.0,1.0,webtable-cl_optim-v=9-distilroberta-dj_adpt~qwen3_4b-dj_adpt,omnimatch_culture_test,9
film_locations_noisy_3.pq::Actor 3,0.0,0.0,1.0,0.25,0.0,0.0,0.0,0.0,0.0,0.8,1.0,0.0,0.0,0.0,0.1,0.25,0.4,1.0,1.0,0.1,0.025,0.26666666666666666,1.0,0.26666666666666666,1.0,1.0,0.1,0.2098776223776224,0.2,1.0,0.2,1.0,1.0,0.1,0.2098776223776224,0.16,1.0,0.16,1.0,1.0,0.1,0.2098776223776224,0.13333333333333333,1.0,0.13333333333333333,1.0,1.0,0.1,0.2098776223776224,0.11428571428571428,1.0,0.11428571428571428,1.0,1.0,0.1,0.2098776223776224,0.1,1.0,0.1,1.0,1.0,0.1,0.2098776223776224,0.08888888888888889,1.0,0.08888888888888889,1.0,1.0,0.1,0.2098776223776224,0.08,1.0,0.08,1.0,1.0,0.1,0.2098776223776224,webtable-cl_optim-v=9-distilroberta-dj_adpt~qwen3_4b-dj_adpt,omnimatch_culture_test,9
film_locations_noisy_3.pq::Locations,0.0,0.0,1.0,0.125,0.0,0.0,0.0,0.8,0.5,1.0,0.625,1.0,0.5,0.33958333333333335,0.6,0.75,0.8,1.0,1.0,0.5,0.5508928571428572,0.4666666666666667,0.875,0.5333333333333333,1.0,1.0,0.5,0.6304383116883117,0.35,0.875,0.4,1.0,1.0,0.5,0.6304383116883117,0.28,0.875,0.32,1.0,1.0,0.5,0.6304383116883117,0.23333333333333334,0.875,0.26666666666666666,1.0,1.0,0.5,0.6304383116883117,0.2,0.875,0.22857142857142856,1.0,1.0,0.5,0.6304383116883117,0.175,0.875,0.2,1.0,1.0,0.5,0.6304383116883117,0.17777777777777778,1.0,0.17777777777777778,1.0,1.0,0.5,0.6526605339105339,0.16,1.0,0.16,1.0,1.0,0.5,0.6526605339105339,webtable-cl_optim-v=9-distilroberta-dj_adpt~qwen3_4b-dj_adpt,omnimatch_culture_test,9
film_locations_noisy_3.pq::Title,1.0,0.2,1.0,0.2,1.0,1.0,0.2,0.8,0.8,1.0,1.0,1.0,1.0,0.8,0.5,1.0,0.5,1.0,1.0,1.0,0.9666666666666666,0.3333333333333333,1.0,0.3333333333333333,1.0,1.0,1.0,0.9666666666666666,0.25,1.0,0.25,1.0,1.0,1.0,0.9666666666666666,0.2,1.0,0.2,1.0,1.0,1.0,0.9666666666666666,0.16666666666666666,1.0,0.16666666666666666,1.0,1.0,1.0,0.9666666666666666,0.14285714285714285,1.0,0.14285714285714285,1.0,1.0,1.0,0.9666666666666666,0.125,1.0,0.125,1.0,1.0,1.0,0.9666666666666666,0.1111111111111111,1.0,0.1111111111111111,1.0,1.0,1.0,0.9666666666666666,0.1,1.0,0.1,1.0,1.0,1.0,0.9666666666666666,webtable-cl_optim-v=9-distilroberta-dj_adpt~qwen3_4b-dj_adpt,omnimatch_culture_test,9
film_locations_noisy_3.pq::Writer,1.0,0.2,1.0,0.2,1.0,1.0,0.2,1.0,1.0,1.0,1.0,1.0,1.0,1.0,0.5,1.0,0.5,1.0,1.0,1.0,1.0,0.3333333333333333,1.0,0.3333333333333333,1.0,1.0,1.0,1.0,0.25,1.0,0.25,1.0,1.0,1.0,1.0,0.2,1.0,0.2,1.0,1.0,1.0,1.0,0.16666666666666666,1.0,0.16666666666666666,1.0,1.0,1.0,1.0,0.14285714285714285,1.0,0.14285714285714285,1.0,1.0,1.0,1.0,0.125,1.0,0.125,1.0,1.0,1.0,1.0,0.1111111111111111,1.0,0.1111111111111111,1.0,1.0,1.0,1.0,0.1,1.0,0.1,1.0,1.0,1.0,1.0,webtable-cl_optim-v=9-distilroberta-dj_adpt~qwen3_4b-dj_adpt,omnimatch_culture_test,9
film_locations_noisy_4.pq::Distributor,1.0,0.5,1.0,0.5,1.0,1.0,0.5,0.4,1.0,0.4,1.0,1.0,1.0,1.0,0.2,1.0,0.2,1.0,1.0,1.0,1.0,0.13333333333333333,1.0,0.13333333333333333,1.0,1.0,1.0,1.0,0.1,1.0,0.1,1.0,1.0,1.0,1.0,0.08,1.0,0.08,1.0,1.0,1.0,1.0,0.06666666666666667,1.0,0.06666666666666667,1.0,1.0,1.0,1.0,0.05714285714285714,1.0,0.05714285714285714,1.0,1.0,1.0,1.0,0.05,1.0,0.05,1.0,1.0,1.0,1.0,0.044444444444444446,1.0,0.044444444444444446,1.0,1.0,1.0,1.0,0.04,1.0,0.04,1.0,1.0,1.0,1.0,webtable-cl_optim-v=9-distilroberta-dj_adpt~qwen3_4b-dj_adpt,omnimatch_culture_test,9
film_locations_noisy_4.pq::Locations,1.0,0.2,1.0,0.2,1.0,1.0,0.2,0.6,0.6,1.0,1.0,1.0,1.0,0.55,0.3,0.6,0.5,1.0,1.0,1.0,0.55,0.26666666666666666,0.8,0.3333333333333333,1.0,1.0,1.0,0.6227272727272728,0.25,1.0,0.25,1.0,1.0,1.0,0.6782828282828283,0.2,1.0,0.2,1.0,1.0,1.0,0.6782828282828283,0.16666666666666666,1.0,0.16666666666666666,1.0,1.0,1.0,0.6782828282828283,0.14285714285714285,1.0,0.14285714285714285,1.0,1.0,1.0,0.6782828282828283,0.125,1.0,0.125,1.0,1.0,1.0,0.6782828282828283,0.1111111111111111,1.0,0.1111111111111111,1.0,1.0,1.0,0.6782828282828283,0.1,1.0,0.1,1.0,1.0,1.0,0.6782828282828283,webtable-cl_optim-v=9-distilroberta-dj_adpt~qwen3_4b-dj_adpt,omnimatch_culture_test,9
film_locations_noisy_4.pq::Production Company,1.0,0.5,1.0,0.5,1.0,1.0,0.5,0.4,1.0,0.4,1.0,1.0,1.0,0.75,0.2,1.0,0.2,1.0,1.0,1.0,0.75,0.13333333333333333,1.0,0.13333333333333333,1.0,1.0,1.0,0.75,0.1,1.0,0.1,1.0,1.0,1.0,0.75,0.08,1.0,0.08,1.0,1.0,1.0,0.75,0.06666666666666667,1.0,0.06666666666666667,1.0,1.0,1.0,0.75,0.05714285714285714,1.0,0.05714285714285714,1.0,1.0,1.0,0.75,0.05,1.0,0.05,1.0,1.0,1.0,0.75,0.044444444444444446,1.0,0.044444444444444446,1.0,1.0,1.0,0.75,0.04,1.0,0.04,1.0,1.0,1.0,0.75,webtable-cl_optim-v=9-distilroberta-dj_adpt~qwen3_4b-dj_adpt,omnimatch_culture_test,9
film_locations_noisy_4.pq::Release Year,1.0,0.5,1.0,0.5,1.0,1.0,0.5,0.4,1.0,0.4,1.0,1.0,1.0,0.75,0.2,1.0,0.2,1.0,1.0,1.0,0.75,0.13333333333333333,1.0,0.13333333333333333,1.0,1.0,1.0,0.75,0.1,1.0,0.1,1.0,1.0,1.0,0.75,0.08,1.0,0.08,1.0,1.0,1.0,0.75,0.06666666666666667,1.0,0.06666666666666667,1.0,1.0,1.0,0.75,0.05714285714285714,1.0,0.05714285714285714,1.0,1.0,1.0,0.75,0.05,1.0,0.05,1.0,1.0,1.0,0.75,0.044444444444444446,1.0,0.044444444444444446,1.0,1.0,1.0,0.75,0.04,1.0,0.04,1.0,1.0,1.0,0.75,webtable-cl_optim-v=9-distilroberta-dj_adpt~qwen3_4b-dj_adpt,omnimatch_culture_test,9
film_locations_noisy_4.pq::Title,1.0,0.3333333333333333,1.0,0.3333333333333333,1.0,1.0,0.3333333333333333,0.6,1.0,0.6,1.0,1.0,1.0,0.7000000000000001,0.3,1.0,0.3,1.0,1.0,1.0,0.7000000000000001,0.2,1.0,0.2,1.0,1.0,1.0,0.7000000000000001,0.15,1.0,0.15,1.0,1.0,1.0,0.7000000000000001,0.12,1.0,0.12,1.0,1.0,1.0,0.7000000000000001,0.1,1.0,0.1,1.0,1.0,1.0,0.7000000000000001,0.08571428571428572,1.0,0.08571428571428572,1.0,1.0,1.0,0.7000000000000001,0.075,1.0,0.075,1.0,1.0,1.0,0.7000000000000001,0.06666666666666667,1.0,0.06666666666666667,1.0,1.0,1.0,0.7000000000000001,0.06,1.0,0.06,1.0,1.0,1.0,0.7000000000000001,webtable-cl_optim-v=9-distilroberta-dj_adpt~qwen3_4b-dj_adpt,omnimatch_culture_test,9
film_locations_noisy_5.pq::Actor 1,1.0,0.5,1.0,0.5,1.0,1.0,0.5,0.4,1.0,0.4,1.0,1.0,1.0,1.0,0.2,1.0,0.2,1.0,1.0,1.0,1.0,0.13333333333333333,1.0,0.13333333333333333,1.0,1.0,1.0,1.0,0.1,1.0,0.1,1.0,1.0,1.0,1.0,0.08,1.0,0.08,1.0,1.0,1.0,1.0,0.06666666666666667,1.0,0.06666666666666667,1.0,1.0,1.0,1.0,0.05714285714285714,1.0,0.05714285714285714,1.0,1.0,1.0,1.0,0.05,1.0,0.05,1.0,1.0,1.0,1.0,0.044444444444444446,1.0,0.044444444444444446,1.0,1.0,1.0,1.0,0.04,1.0,0.04,1.0,1.0,1.0,1.0,webtable-cl_optim-v=9-distilroberta-dj_adpt~qwen3_4b-dj_adpt,omnimatch_culture_test,9
film_locations_noisy_5.pq::Actor 2,1.0,0.5,1.0,0.5,1.0,1.0,0.5,0.4,1.0,0.4,1.0,1.0,1.0,0.8333333333333333,0.2,1.0,0.2,1.0,1.0,1.0,0.8333333333333333,0.13333333333333333,1.0,0.13333333333333333,1.0,1.0,1.0,0.8333333333333333,0.1,1.0,0.1,1.0,1.0,1.0,0.8333333333333333,0.08,1.0,0.08,1.0,1.0,1.0,0.8333333333333333,0.06666666666666667,1.0,0.06666666666666667,1.0,1.0,1.0,0.8333333333333333,0.05714285714285714,1.0,0.05714285714285714,1.0,1.0,1.0,0.8333333333333333,0.05,1.0,0.05,1.0,1.0,1.0,0.8333333333333333,0.044444444444444446,1.0,0.044444444444444446,1.0,1.0,1.0,0.8333333333333333,0.04,1.0,0.04,1.0,1.0,1.0,0.8333333333333333,webtable-cl_optim-v=9-distilroberta-dj_adpt~qwen3_4b-dj_adpt,omnimatch_culture_test,9
film_locations_noisy_5.pq::Actor 3,0.0,0.0,1.0,0.5,0.0,0.0,0.0,0.0,0.0,0.4,1.0,0.0,0.0,0.0,0.0,0.0,0.2,1.0,0.0,0.0,0.0,0.13333333333333333,1.0,0.13333333333333333,1.0,1.0,0.09090909090909091,0.11688311688311688,0.1,1.0,0.1,1.0,1.0,0.09090909090909091,0.11688311688311688,0.08,1.0,0.08,1.0,1.0,0.09090909090909091,0.11688311688311688,0.06666666666666667,1.0,0.06666666666666667,1.0,1.0,0.09090909090909091,0.11688311688311688,0.05714285714285714,1.0,0.05714285714285714,1.0,1.0,0.09090909090909091,0.11688311688311688,0.05,1.0,0.05,1.0,1.0,0.09090909090909091,0.11688311688311688,0.044444444444444446,1.0,0.044444444444444446,1.0,1.0,0.09090909090909091,0.11688311688311688,0.04,1.0,0.04,1.0,1.0,0.09090909090909091,0.11688311688311688,webtable-cl_optim-v=9-distilroberta-dj_adpt~qwen3_4b-dj_adpt,omnimatch_culture_test,9
film_locations_noisy_5.pq::Director,0.0,0.0,1.0,0.3333333333333333,0.0,0.0,0.0,0.0,0.0,0.6,1.0,0.0,0.0,0.0,0.0,0.0,0.3,1.0,0.0,0.0,0.0,0.13333333333333333,0.6666666666666666,0.2,1.0,1.0,0.09090909090909091,0.07792207792207792,0.15,1.0,0.15,1.0,1.0,0.09090909090909091,0.13674560733384264,0.12,1.0,0.12,1.0,1.0,0.09090909090909091,0.13674560733384264,0.1,1.0,0.1,1.0,1.0,0.09090909090909091,0.13674560733384264,0.08571428571428572,1.0,0.08571428571428572,1.0,1.0,0.09090909090909091,0.13674560733384264,0.075,1.0,0.075,1.0,1.0,0.09090909090909091,0.13674560733384264,0.06666666666666667,1.0,0.06666666666666667,1.0,1.0,0.09090909090909091,0.13674560733384264,0.06,1.0,0.06,1.0,1.0,0.09090909090909091,0.13674560733384264,webtable-cl_optim-v=9-distilroberta-dj_adpt~qwen3_4b-dj_adpt,omnimatch_culture_test,9
film_locations_noisy_5.pq::Locations,0.0,0.0,1.0,0.3333333333333333,0.0,0.0,0.0,0.4,0.6666666666666666,0.6,1.0,1.0,0.5,0.3,0.3,1.0,0.3,1.0,1.0,0.5,0.39999999999999997,0.2,1.0,0.2,1.0,1.0,0.5,0.39999999999999997,0.15,1.0,0.15,1.0,1.0,0.5,0.39999999999999997,0.12,1.0,0.12,1.0,1.0,0.5,0.39999999999999997,0.1,1.0,0.1,1.0,1.0,0.5,0.39999999999999997,0.08571428571428572,1.0,0.08571428571428572,1.0,1.0,0.5,0.39999999999999997,0.075,1.0,0.075,1.0,1.0,0.5,0.39999999999999997,0.06666666666666667,1.0,0.06666666666666667,1.0,1.0,0.5,0.39999999999999997,0.06,1.0,0.06,1.0,1.0,0.5,0.39999999999999997,webtable-cl_optim-v=9-distilroberta-dj_adpt~qwen3_4b-dj_adpt,omnimatch_culture_test,9
film_locations_noisy_5.pq::Writer,1.0,0.5,1.0,0.5,1.0,1.0,0.5,0.4,1.0,0.4,1.0,1.0,1.0,0.8333333333333333,0.2,1.0,0.2,1.0,1.0,1.0,0.8333333333333333,0.13333333333333333,1.0,0.13333333333333333,1.0,1.0,1.0,0.8333333333333333,0.1,1.0,0.1,1.0,1.0,1.0,0.8333333333333333,0.08,1.0,0.08,1.0,1.0,1.0,0.8333333333333333,0.06666666666666667,1.0,0.06666666666666667,1.0,1.0,1.0,0.8333333333333333,0.05714285714285714,1.0,0.05714285714285714,1.0,1.0,1.0,0.8333333333333333,0.05,1.0,0.05,1.0,1.0,1.0,0.8333333333333333,0.044444444444444446,1.0,0.044444444444444446,1.0,1.0,1.0,0.8333333333333333,0.04,1.0,0.04,1.0,1.0,1.0,0.8333333333333333,webtable-cl_optim-v=9-distilroberta-dj_adpt~qwen3_4b-dj_adpt,omnimatch_culture_test,9
film_locations_noisy_6.pq::Distributor,0.0,0.0,1.0,0.3333333333333333,0.0,0.0,0.0,0.6,1.0,0.6,1.0,1.0,0.5,0.6388888888888888,0.3,1.0,0.3,1.0,1.0,0.5,0.6388888888888888,0.2,1.0,0.2,1.0,1.0,0.5,0.6388888888888888,0.15,1.0,0.15,1.0,1.0,0.5,0.6388888888888888,0.12,1.0,0.12,1.0,1.0,0.5,0.6388888888888888,0.1,1.0,0.1,1.0,1.0,0.5,0.6388888888888888,0.08571428571428572,1.0,0.08571428571428572,1.0,1.0,0.5,0.6388888888888888,0.075,1.0,0.075,1.0,1.0,0.5,0.6388888888888888,0.06666666666666667,1.0,0.06666666666666667,1.0,1.0,0.5,0.6388888888888888,0.06,1.0,0.06,1.0,1.0,0.5,0.6388888888888888,webtable-cl_optim-v=9-distilroberta-dj_adpt~qwen3_4b-dj_adpt,omnimatch_culture_test,9
film_locations_noisy_6.pq::Locations,0.0,0.0,1.0,0.16666666666666666,0.0,0.0,0.0,0.6,0.5,1.0,0.8333333333333334,1.0,0.5,0.26666666666666666,0.4,0.6666666666666666,0.6,1.0,1.0,0.5,0.37777777777777777,0.3333333333333333,0.8333333333333334,0.4,1.0,1.0,0.5,0.4535353535353535,0.25,0.8333333333333334,0.3,1.0,1.0,0.5,0.4535353535353535,0.2,0.8333333333333334,0.24,1.0,1.0,0.5,0.4535353535353535,0.16666666666666666,0.8333333333333334,0.2,1.0,1.0,0.5,0.4535353535353535,0.14285714285714285,0.8333333333333334,0.17142857142857143,1.0,1.0,0.5,0.4535353535353535,0.125,0.8333333333333334,0.15,1.0,1.0,0.5,0.4535353535353535,0.1111111111111111,0.8333333333333334,0.13333333333333333,1.0,1.0,0.5,0.4535353535353535,0.1,0.8333333333333334,0.12,1.0,1.0,0.5,0.4535353535353535,webtable-cl_optim-v=9-distilroberta-dj_adpt~qwen3_4b-dj_adpt,omnimatch_culture_test,9
film_locations_noisy_6.pq::Production Company,1.0,0.3333333333333333,1.0,0.3333333333333333,1.0,1.0,0.3333333333333333,0.6,1.0,0.6,1.0,1.0,1.0,0.8055555555555555,0.3,1.0,0.3,1.0,1.0,1.0,0.8055555555555555,0.2,1.0,0.2,1.0,1.0,1.0,0.8055555555555555,0.15,1.0,0.15,1.0,1.0,1.0,0.8055555555555555,0.12,1.0,0.12,1.0,1.0,1.0,0.8055555555555555,0.1,1.0,0.1,1.0,1.0,1.0,0.8055555555555555,0.08571428571428572,1.0,0.08571428571428572,1.0,1.0,1.0,0.8055555555555555,0.075,1.0,0.075,1.0,1.0,1.0,0.8055555555555555,0.06666666666666667,1.0,0.06666666666666667,1.0,1.0,1.0,0.8055555555555555,0.06,1.0,0.06,1.0,1.0,1.0,0.8055555555555555,webtable-cl_optim-v=9-distilroberta-dj_adpt~qwen3_4b-dj_adpt,omnimatch_culture_test,9
film_locations_noisy_6.pq::Release Year,0.0,0.0,1.0,0.3333333333333333,0.0,0.0,0.0,0.6,1.0,0.6,1.0,1.0,0.5,0.6388888888888888,0.3,1.0,0.3,1.0,1.0,0.5,0.6388888888888888,0.2,1.0,0.2,1.0,1.0,0.5,0.6388888888888888,0.15,1.0,0.15,1.0,1.0,0.5,0.6388888888888888,0.12,1.0,0.12,1.0,1.0,0.5,0.6388888888888888,0.1,1.0,0.1,1.0,1.0,0.5,0.6388888888888888,0.08571428571428572,1.0,0.08571428571428572,1.0,1.0,0.5,0.6388888888888888,0.075,1.0,0.075,1.0,1.0,0.5,0.6388888888888888,0.06666666666666667,1.0,0.06666666666666667,1.0,1.0,0.5,0.6388888888888888,0.06,1.0,0.06,1.0,1.0,0.5,0.6388888888888888,webtable-cl_optim-v=9-distilroberta-dj_adpt~qwen3_4b-dj_adpt,omnimatch_culture_test,9
film_locations_noisy_6.pq::Title,0.0,0.0,1.0,0.25,0.0,0.0,0.0,0.6,0.75,0.8,1.0,1.0,0.5,0.47916666666666663,0.4,1.0,0.4,1.0,1.0,0.5,0.6458333333333333,0.26666666666666666,1.0,0.26666666666666666,1.0,1.0,0.5,0.6458333333333333,0.2,1.0,0.2,1.0,1.0,0.5,0.6458333333333333,0.16,1.0,0.16,1.0,1.0,0.5,0.6458333333333333,0.13333333333333333,1.0,0.13333333333333333,1.0,1.0,0.5,0.6458333333333333,0.11428571428571428,1.0,0.11428571428571428,1.0,1.0,0.5,0.6458333333333333,0.1,1.0,0.1,1.0,1.0,0.5,0.6458333333333333,0.08888888888888889,1.0,0.08888888888888889,1.0,1.0,0.5,0.6458333333333333,0.08,1.0,0.08,1.0,1.0,0.5,0.6458333333333333,webtable-cl_optim-v=9-distilroberta-dj_adpt~qwen3_4b-dj_adpt,omnimatch_culture_test,9
film_locations_noisy_6.pq::Writer,0.0,0.0,1.0,0.3333333333333333,0.0,0.0,0.0,0.6,1.0,0.6,1.0,1.0,0.5,0.5333333333333333,0.3,1.0,0.3,1.0,1.0,0.5,0.5333333333333333,0.2,1.0,0.2,1.0,1.0,0.5,0.5333333333333333,0.15,1.0,0.15,1.0,1.0,0.5,0.5333333333333333,0.12,1.0,0.12,1.0,1.0,0.5,0.5333333333333333,0.1,1.0,0.1,1.0,1.0,0.5,0.5333333333333333,0.08571428571428572,1.0,0.08571428571428572,1.0,1.0,0.5,0.5333333333333333,0.075,1.0,0.075,1.0,1.0,0.5,0.5333333333333333,0.06666666666666667,1.0,0.06666666666666667,1.0,1.0,0.5,0.5333333333333333,0.06,1.0,0.06,1.0,1.0,0.5,0.5333333333333333,webtable-cl_optim-v=9-distilroberta-dj_adpt~qwen3_4b-dj_adpt,omnimatch_culture_test,9
film_locations_noisy_7.pq::Actor 1,0.0,0.0,1.0,1.0,0.0,0.0,0.0,0.2,1.0,0.2,1.0,1.0,0.5,0.5,0.1,1.0,0.1,1.0,1.0,0.5,0.5,0.06666666666666667,1.0,0.06666666666666667,1.0,1.0,0.5,0.5,0.05,1.0,0.05,1.0,1.0,0.5,0.5,0.04,1.0,0.04,1.0,1.0,0.5,0.5,0.03333333333333333,1.0,0.03333333333333333,1.0,1.0,0.5,0.5,0.02857142857142857,1.0,0.02857142857142857,1.0,1.0,0.5,0.5,0.025,1.0,0.025,1.0,1.0,0.5,0.5,0.022222222222222223,1.0,0.022222222222222223,1.0,1.0,0.5,0.5,0.02,1.0,0.02,1.0,1.0,0.5,0.5,webtable-cl_optim-v=9-distilroberta-dj_adpt~qwen3_4b-dj_adpt,omnimatch_culture_test,9
film_locations_noisy_7.pq::Actor 2,0.0,0.0,1.0,1.0,0.0,0.0,0.0,0.2,1.0,0.2,1.0,1.0,0.5,0.5,0.1,1.0,0.1,1.0,1.0,0.5,0.5,0.06666666666666667,1.0,0.06666666666666667,1.0,1.0,0.5,0.5,0.05,1.0,0.05,1.0,1.0,0.5,0.5,0.04,1.0,0.04,1.0,1.0,0.5,0.5,0.03333333333333333,1.0,0.03333333333333333,1.0,1.0,0.5,0.5,0.02857142857142857,1.0,0.02857142857142857,1.0,1.0,0.5,0.5,0.025,1.0,0.025,1.0,1.0,0.5,0.5,0.022222222222222223,1.0,0.022222222222222223,1.0,1.0,0.5,0.5,0.02,1.0,0.02,1.0,1.0,0.5,0.5,webtable-cl_optim-v=9-distilroberta-dj_adpt~qwen3_4b-dj_adpt,omnimatch_culture_test,9
film_locations_noisy_7.pq::Actor 3,0.0,0.0,1.0,1.0,0.0,0.0,0.0,0.2,1.0,0.2,1.0,1.0,0.2,0.2,0.1,1.0,0.1,1.0,1.0,0.2,0.2,0.06666666666666667,1.0,0.06666666666666667,1.0,1.0,0.2,0.2,0.05,1.0,0.05,1.0,1.0,0.2,0.2,0.04,1.0,0.04,1.0,1.0,0.2,0.2,0.03333333333333333,1.0,0.03333333333333333,1.0,1.0,0.2,0.2,0.02857142857142857,1.0,0.02857142857142857,1.0,1.0,0.2,0.2,0.025,1.0,0.025,1.0,1.0,0.2,0.2,0.022222222222222223,1.0,0.022222222222222223,1.0,1.0,0.2,0.2,0.02,1.0,0.02,1.0,1.0,0.2,0.2,webtable-cl_optim-v=9-distilroberta-dj_adpt~qwen3_4b-dj_adpt,omnimatch_culture_test,9
film_locations_noisy_7.pq::Director,1.0,1.0,1.0,1.0,1.0,1.0,1.0,0.2,1.0,0.2,1.0,1.0,1.0,1.0,0.1,1.0,0.1,1.0,1.0,1.0,1.0,0.06666666666666667,1.0,0.06666666666666667,1.0,1.0,1.0,1.0,0.05,1.0,0.05,1.0,1.0,1.0,1.0,0.04,1.0,0.04,1.0,1.0,1.0,1.0,0.03333333333333333,1.0,0.03333333333333333,1.0,1.0,1.0,1.0,0.02857142857142857,1.0,0.02857142857142857,1.0,1.0,1.0,1.0,0.025,1.0,0.025,1.0,1.0,1.0,1.0,0.022222222222222223,1.0,0.022222222222222223,1.0,1.0,1.0,1.0,0.02,1.0,0.02,1.0,1.0,1.0,1.0,webtable-cl_optim-v=9-distilroberta-dj_adpt~qwen3_4b-dj_adpt,omnimatch_culture_test,9
film_locations_noisy_7.pq::Locations,0.0,0.0,1.0,1.0,0.0,0.0,0.0,0.0,0.0,0.2,1.0,0.0,0.0,0.0,0.1,1.0,0.1,1.0,1.0,0.125,0.125,0.06666666666666667,1.0,0.06666666666666667,1.0,1.0,0.125,0.125,0.05,1.0,0.05,1.0,1.0,0.125,0.125,0.04,1.0,0.04,1.0,1.0,0.125,0.125,0.03333333333333333,1.0,0.03333333333333333,1.0,1.0,0.125,0.125,0.02857142857142857,1.0,0.02857142857142857,1.0,1.0,0.125,0.125,0.025,1.0,0.025,1.0,1.0,0.125,0.125,0.022222222222222223,1.0,0.022222222222222223,1.0,1.0,0.125,0.125,0.02,1.0,0.02,1.0,1.0,0.125,0.125,webtable-cl_optim-v=9-distilroberta-dj_adpt~qwen3_4b-dj_adpt,omnimatch_culture_test,9
film_locations_noisy_7.pq::Writer,1.0,1.0,1.0,1.0,1.0,1.0,1.0,0.2,1.0,0.2,1.0,1.0,1.0,1.0,0.1,1.0,0.1,1.0,1.0,1.0,1.0,0.06666666666666667,1.0,0.06666666666666667,1.0,1.0,1.0,1.0,0.05,1.0,0.05,1.0,1.0,1.0,1.0,0.04,1.0,0.04,1.0,1.0,1.0,1.0,0.03333333333333333,1.0,0.03333333333333333,1.0,1.0,1.0,1.0,0.02857142857142857,1.0,0.02857142857142857,1.0,1.0,1.0,1.0,0.025,1.0,0.025,1.0,1.0,1.0,1.0,0.022222222222222223,1.0,0.022222222222222223,1.0,1.0,1.0,1.0,0.02,1.0,0.02,1.0,1.0,1.0,1.0,webtable-cl_optim-v=9-distilroberta-dj_adpt~qwen3_4b-dj_adpt,omnimatch_culture_test,9
film_locations_noisy_8.pq::Distributor,1.0,0.25,1.0,0.25,1.0,1.0,0.25,0.8,1.0,0.8,1.0,1.0,1.0,1.0,0.4,1.0,0.4,1.0,1.0,1.0,1.0,0.26666666666666666,1.0,0.26666666666666666,1.0,1.0,1.0,1.0,0.2,1.0,0.2,1.0,1.0,1.0,1.0,0.16,1.0,0.16,1.0,1.0,1.0,1.0,0.13333333333333333,1.0,0.13333333333333333,1.0,1.0,1.0,1.0,0.11428571428571428,1.0,0.11428571428571428,1.0,1.0,1.0,1.0,0.1,1.0,0.1,1.0,1.0,1.0,1.0,0.08888888888888889,1.0,0.08888888888888889,1.0,1.0,1.0,1.0,0.08,1.0,0.08,1.0,1.0,1.0,1.0,webtable-cl_optim-v=9-distilroberta-dj_adpt~qwen3_4b-dj_adpt,omnimatch_culture_test,9
film_locations_noisy_8.pq::Locations,1.0,0.1111111111111111,1.0,0.1111111111111111,1.0,1.0,0.1111111111111111,1.0,0.5555555555555556,1.0,0.5555555555555556,1.0,1.0,0.5555555555555556,0.6,0.6666666666666666,0.9,1.0,1.0,1.0,0.6222222222222222,0.5333333333333333,0.8888888888888888,0.6,1.0,1.0,1.0,0.7554131054131054,0.4,0.8888888888888888,0.45,1.0,1.0,1.0,0.7554131054131054,0.32,0.8888888888888888,0.36,1.0,1.0,1.0,0.7554131054131054,0.26666666666666666,0.8888888888888888,0.3,1.0,1.0,1.0,0.7554131054131054,0.22857142857142856,0.8888888888888888,0.2571428571428571,1.0,1.0,1.0,0.7554131054131054,0.2,0.8888888888888888,0.225,1.0,1.0,1.0,0.7554131054131054,0.2,1.0,0.2,1.0,1.0,1.0,0.7786689193665938,0.18,1.0,0.18,1.0,1.0,1.0,0.7786689193665938,webtable-cl_optim-v=9-distilroberta-dj_adpt~qwen3_4b-dj_adpt,omnimatch_culture_test,9
film_locations_noisy_8.pq::Production Company,1.0,0.25,1.0,0.25,1.0,1.0,0.25,0.8,1.0,0.8,1.0,1.0,1.0,1.0,0.4,1.0,0.4,1.0,1.0,1.0,1.0,0.26666666666666666,1.0,0.26666666666666666,1.0,1.0,1.0,1.0,0.2,1.0,0.2,1.0,1.0,1.0,1.0,0.16,1.0,0.16,1.0,1.0,1.0,1.0,0.13333333333333333,1.0,0.13333333333333333,1.0,1.0,1.0,1.0,0.11428571428571428,1.0,0.11428571428571428,1.0,1.0,1.0,1.0,0.1,1.0,0.1,1.0,1.0,1.0,1.0,0.08888888888888889,1.0,0.08888888888888889,1.0,1.0,1.0,1.0,0.08,1.0,0.08,1.0,1.0,1.0,1.0,webtable-cl_optim-v=9-distilroberta-dj_adpt~qwen3_4b-dj_adpt,omnimatch_culture_test,9
film_locations_noisy_8.pq::Release Year,1.0,0.25,1.0,0.25,1.0,1.0,0.25,0.8,1.0,0.8,1.0,1.0,1.0,1.0,0.4,1.0,0.4,1.0,1.0,1.0,1.0,0.26666666666666666,1.0,0.26666666666666666,1.0,1.0,1.0,1.0,0.2,1.0,0.2,1.0,1.0,1.0,1.0,0.16,1.0,0.16,1.0,1.0,1.0,1.0,0.13333333333333333,1.0,0.13333333333333333,1.0,1.0,1.0,1.0,0.11428571428571428,1.0,0.11428571428571428,1.0,1.0,1.0,1.0,0.1,1.0,0.1,1.0,1.0,1.0,1.0,0.08888888888888889,1.0,0.08888888888888889,1.0,1.0,1.0,1.0,0.08,1.0,0.08,1.0,1.0,1.0,1.0,webtable-cl_optim-v=9-distilroberta-dj_adpt~qwen3_4b-dj_adpt,omnimatch_culture_test,9
film_locations_noisy_8.pq::Title,1.0,0.16666666666666666,1.0,0.16666666666666666,1.0,1.0,0.16666666666666666,1.0,0.8333333333333334,1.0,0.8333333333333334,1.0,1.0,0.8333333333333334,0.6,1.0,0.6,1.0,1.0,1.0,1.0,0.4,1.0,0.4,1.0,1.0,1.0,1.0,0.3,1.0,0.3,1.0,1.0,1.0,1.0,0.24,1.0,0.24,1.0,1.0,1.0,1.0,0.2,1.0,0.2,1.0,1.0,1.0,1.0,0.17142857142857143,1.0,0.17142857142857143,1.0,1.0,1.0,1.0,0.15,1.0,0.15,1.0,1.0,1.0,1.0,0.13333333333333333,1.0,0.13333333333333333,1.0,1.0,1.0,1.0,0.12,1.0,0.12,1.0,1.0,1.0,1.0,webtable-cl_optim-v=9-distilroberta-dj_adpt~qwen3_4b-dj_adpt,omnimatch_culture_test,9
galleries_noisy_0.pq::Gallery Name,0.0,0.0,1.0,0.25,0.0,0.0,0.0,0.0,0.0,0.8,1.0,0.0,0.0,0.0,0.2,0.5,0.4,1.0,1.0,0.14285714285714285,0.08571428571428572,0.26666666666666666,1.0,0.26666666666666666,1.0,1.0,0.14285714285714285,0.23081918081918082,0.2,1.0,0.2,1.0,1.0,0.14285714285714285,0.23081918081918082,0.16,1.0,0.16,1.0,1.0,0.14285714285714285,0.23081918081918082,0.13333333333333333,1.0,0.13333333333333333,1.0,1.0,0.14285714285714285,0.23081918081918082,0.11428571428571428,1.0,0.11428571428571428,1.0,1.0,0.14285714285714285,0.23081918081918082,0.1,1.0,0.1,1.0,1.0,0.14285714285714285,0.23081918081918082,0.08888888888888889,1.0,0.08888888888888889,1.0,1.0,0.14285714285714285,0.23081918081918082,0.08,1.0,0.08,1.0,1.0,0.14285714285714285,0.23081918081918082,webtable-cl_optim-v=9-distilroberta-dj_adpt~qwen3_4b-dj_adpt,omnimatch_culture_test,9
galleries_noisy_0.pq::Gallery Site,0.0,0.0,1.0,0.3333333333333333,0.0,0.0,0.0,0.6,1.0,0.6,1.0,1.0,0.5,0.6388888888888888,0.3,1.0,0.3,1.0,1.0,0.5,0.6388888888888888,0.2,1.0,0.2,1.0,1.0,0.5,0.6388888888888888,0.15,1.0,0.15,1.0,1.0,0.5,0.6388888888888888,0.12,1.0,0.12,1.0,1.0,0.5,0.6388888888888888,0.1,1.0,0.1,1.0,1.0,0.5,0.6388888888888888,0.08571428571428572,1.0,0.08571428571428572,1.0,1.0,0.5,0.6388888888888888,0.075,1.0,0.075,1.0,1.0,0.5,0.6388888888888888,0.06666666666666667,1.0,0.06666666666666667,1.0,1.0,0.5,0.6388888888888888,0.06,1.0,0.06,1.0,1.0,0.5,0.6388888888888888,webtable-cl_optim-v=9-distilroberta-dj_adpt~qwen3_4b-dj_adpt,omnimatch_culture_test,9
galleries_noisy_1.pq::Gallery Area,1.0,0.25,1.0,0.25,1.0,1.0,0.25,0.8,1.0,0.8,1.0,1.0,1.0,1.0,0.4,1.0,0.4,1.0,1.0,1.0,1.0,0.26666666666666666,1.0,0.26666666666666666,1.0,1.0,1.0,1.0,0.2,1.0,0.2,1.0,1.0,1.0,1.0,0.16,1.0,0.16,1.0,1.0,1.0,1.0,0.13333333333333333,1.0,0.13333333333333333,1.0,1.0,1.0,1.0,0.11428571428571428,1.0,0.11428571428571428,1.0,1.0,1.0,1.0,0.1,1.0,0.1,1.0,1.0,1.0,1.0,0.08888888888888889,1.0,0.08888888888888889,1.0,1.0,1.0,1.0,0.08,1.0,0.08,1.0,1.0,1.0,1.0,webtable-cl_optim-v=9-distilroberta-dj_adpt~qwen3_4b-dj_adpt,omnimatch_culture_test,9
galleries_noisy_1.pq::Gallery Name,0.0,0.0,1.0,0.1111111111111111,0.0,0.0,0.0,0.0,0.0,1.0,0.5555555555555556,0.0,0.0,0.0,0.5,0.5555555555555556,0.9,1.0,1.0,0.16666666666666666,0.19686948853615518,0.6,1.0,0.6,1.0,1.0,0.16666666666666666,0.46209500376167045,0.45,1.0,0.45,1.0,1.0,0.16666666666666666,0.46209500376167045,0.36,1.0,0.36,1.0,1.0,0.16666666666666666,0.46209500376167045,0.3,1.0,0.3,1.0,1.0,0.16666666666666666,0.46209500376167045,0.2571428571428571,1.0,0.2571428571428571,1.0,1.0,0.16666666666666666,0.46209500376167045,0.225,1.0,0.225,1.0,1.0,0.16666666666666666,0.46209500376167045,0.2,1.0,0.2,1.0,1.0,0.16666666666666666,0.46209500376167045,0.18,1.0,0.18,1.0,1.0,0.16666666666666666,0.46209500376167045,webtable-cl_optim-v=9-distilroberta-dj_adpt~qwen3_4b-dj_adpt,omnimatch_culture_test,9
galleries_noisy_1.pq::Gallery Terminal,1.0,0.25,1.0,0.25,1.0,1.0,0.25,0.8,1.0,0.8,1.0,1.0,1.0,1.0,0.4,1.0,0.4,1.0,1.0,1.0,1.0,0.26666666666666666,1.0,0.26666666666666666,1.0,1.0,1.0,1.0,0.2,1.0,0.2,1.0,1.0,1.0,1.0,0.16,1.0,0.16,1.0,1.0,1.0,1.0,0.13333333333333333,1.0,0.13333333333333333,1.0,1.0,1.0,1.0,0.11428571428571428,1.0,0.11428571428571428,1.0,1.0,1.0,1.0,0.1,1.0,0.1,1.0,1.0,1.0,1.0,0.08888888888888889,1.0,0.08888888888888889,1.0,1.0,1.0,1.0,0.08,1.0,0.08,1.0,1.0,1.0,1.0,webtable-cl_optim-v=9-distilroberta-dj_adpt~qwen3_4b-dj_adpt,omnimatch_culture_test,9
galleries_noisy_2.pq::Gallery Name,0.0,0.0,1.0,1.0,0.0,0.0,0.0,0.0,0.0,0.2,1.0,0.0,0.0,0.0,0.0,0.0,0.1,1.0,0.0,0.0,0.0,0.06666666666666667,1.0,0.06666666666666667,1.0,1.0,0.07692307692307693,0.07692307692307693,0.05,1.0,0.05,1.0,1.0,0.07692307692307693,0.07692307692307693,0.04,1.0,0.04,1.0,1.0,0.07692307692307693,0.07692307692307693,0.03333333333333333,1.0,0.03333333333333333,1.0,1.0,0.07692307692307693,0.07692307692307693,0.02857142857142857,1.0,0.02857142857142857,1.0,1.0,0.07692307692307693,0.07692307692307693,0.025,1.0,0.025,1.0,1.0,0.07692307692307693,0.07692307692307693,0.022222222222222223,1.0,0.022222222222222223,1.0,1.0,0.07692307692307693,0.07692307692307693,0.02,1.0,0.02,1.0,1.0,0.07692307692307693,0.07692307692307693,webtable-cl_optim-v=9-distilroberta-dj_adpt~qwen3_4b-dj_adpt,omnimatch_culture_test,9
galleries_noisy_2.pq::Gallery Site,0.0,0.0,1.0,1.0,0.0,0.0,0.0,0.2,1.0,0.2,1.0,1.0,0.3333333333333333,0.3333333333333333,0.1,1.0,0.1,1.0,1.0,0.3333333333333333,0.3333333333333333,0.06666666666666667,1.0,0.06666666666666667,1.0,1.0,0.3333333333333333,0.3333333333333333,0.05,1.0,0.05,1.0,1.0,0.3333333333333333,0.3333333333333333,0.04,1.0,0.04,1.0,1.0,0.3333333333333333,0.3333333333333333,0.03333333333333333,1.0,0.03333333333333333,1.0,1.0,0.3333333333333333,0.3333333333333333,0.02857142857142857,1.0,0.02857142857142857,1.0,1.0,0.3333333333333333,0.3333333333333333,0.025,1.0,0.025,1.0,1.0,0.3333333333333333,0.3333333333333333,0.022222222222222223,1.0,0.022222222222222223,1.0,1.0,0.3333333333333333,0.3333333333333333,0.02,1.0,0.02,1.0,1.0,0.3333333333333333,0.3333333333333333,webtable-cl_optim-v=9-distilroberta-dj_adpt~qwen3_4b-dj_adpt,omnimatch_culture_test,9
galleries_noisy_3.pq::Gallery Area,1.0,0.5,1.0,0.5,1.0,1.0,0.5,0.4,1.0,0.4,1.0,1.0,1.0,1.0,0.2,1.0,0.2,1.0,1.0,1.0,1.0,0.13333333333333333,1.0,0.13333333333333333,1.0,1.0,1.0,1.0,0.1,1.0,0.1,1.0,1.0,1.0,1.0,0.08,1.0,0.08,1.0,1.0,1.0,1.0,0.06666666666666667,1.0,0.06666666666666667,1.0,1.0,1.0,1.0,0.05714285714285714,1.0,0.05714285714285714,1.0,1.0,1.0,1.0,0.05,1.0,0.05,1.0,1.0,1.0,1.0,0.044444444444444446,1.0,0.044444444444444446,1.0,1.0,1.0,1.0,0.04,1.0,0.04,1.0,1.0,1.0,1.0,webtable-cl_optim-v=9-distilroberta-dj_adpt~qwen3_4b-dj_adpt,omnimatch_culture_test,9
galleries_noisy_3.pq::Gallery Name,1.0,0.14285714285714285,1.0,0.14285714285714285,1.0,1.0,0.14285714285714285,0.4,0.2857142857142857,1.0,0.7142857142857143,1.0,1.0,0.2857142857142857,0.3,0.42857142857142855,0.7,1.0,1.0,1.0,0.35714285714285715,0.26666666666666666,0.5714285714285714,0.4666666666666667,1.0,1.0,1.0,0.3979591836734694,0.25,0.7142857142857143,0.35,1.0,1.0,1.0,0.43764172335600904,0.28,1.0,0.28,1.0,1.0,1.0,0.5200810231866132,0.23333333333333334,1.0,0.23333333333333334,1.0,1.0,1.0,0.5200810231866132,0.2,1.0,0.2,1.0,1.0,1.0,0.5200810231866132,0.175,1.0,0.175,1.0,1.0,1.0,0.5200810231866132,0.15555555555555556,1.0,0.15555555555555556,1.0,1.0,1.0,0.5200810231866132,0.14,1.0,0.14,1.0,1.0,1.0,0.5200810231866132,webtable-cl_optim-v=9-distilroberta-dj_adpt~qwen3_4b-dj_adpt,omnimatch_culture_test,9
galleries_noisy_3.pq::Gallery Terminal,0.0,0.0,1.0,0.5,0.0,0.0,0.0,0.4,1.0,0.4,1.0,1.0,0.5,0.5833333333333333,0.2,1.0,0.2,1.0,1.0,0.5,0.5833333333333333,0.13333333333333333,1.0,0.13333333333333333,1.0,1.0,0.5,0.5833333333333333,0.1,1.0,0.1,1.0,1.0,0.5,0.5833333333333333,0.08,1.0,0.08,1.0,1.0,0.5,0.5833333333333333,0.06666666666666667,1.0,0.06666666666666667,1.0,1.0,0.5,0.5833333333333333,0.05714285714285714,1.0,0.05714285714285714,1.0,1.0,0.5,0.5833333333333333,0.05,1.0,0.05,1.0,1.0,0.5,0.5833333333333333,0.044444444444444446,1.0,0.044444444444444446,1.0,1.0,0.5,0.5833333333333333,0.04,1.0,0.04,1.0,1.0,0.5,0.5833333333333333,webtable-cl_optim-v=9-distilroberta-dj_adpt~qwen3_4b-dj_adpt,omnimatch_culture_test,9
galleries_noisy_4.pq::Gallery Name,1.0,0.2,1.0,0.2,1.0,1.0,0.2,0.4,0.4,1.0,1.0,1.0,1.0,0.3,0.2,0.4,0.5,1.0,1.0,1.0,0.3,0.13333333333333333,0.4,0.3333333333333333,1.0,1.0,1.0,0.3,0.2,0.8,0.25,1.0,1.0,1.0,0.37739938080495355,0.16,0.8,0.2,1.0,1.0,1.0,0.37739938080495355,0.16666666666666666,1.0,0.16666666666666666,1.0,1.0,1.0,0.41311366651923925,0.14285714285714285,1.0,0.14285714285714285,1.0,1.0,1.0,0.41311366651923925,0.125,1.0,0.125,1.0,1.0,1.0,0.41311366651923925,0.1111111111111111,1.0,0.1111111111111111,1.0,1.0,1.0,0.41311366651923925,0.1,1.0,0.1,1.0,1.0,1.0,0.41311366651923925,webtable-cl_optim-v=9-distilroberta-dj_adpt~qwen3_4b-dj_adpt,omnimatch_culture_test,9
galleries_noisy_4.pq::Gallery Site,1.0,0.25,1.0,0.25,1.0,1.0,0.25,0.8,1.0,0.8,1.0,1.0,1.0,1.0,0.4,1.0,0.4,1.0,1.0,1.0,1.0,0.26666666666666666,1.0,0.26666666666666666,1.0,1.0,1.0,1.0,0.2,1.0,0.2,1.0,1.0,1.0,1.0,0.16,1.0,0.16,1.0,1.0,1.0,1.0,0.13333333333333333,1.0,0.13333333333333333,1.0,1.0,1.0,1.0,0.11428571428571428,1.0,0.11428571428571428,1.0,1.0,1.0,1.0,0.1,1.0,0.1,1.0,1.0,1.0,1.0,0.08888888888888889,1.0,0.08888888888888889,1.0,1.0,1.0,1.0,0.08,1.0,0.08,1.0,1.0,1.0,1.0,webtable-cl_optim-v=9-distilroberta-dj_adpt~qwen3_4b-dj_adpt,omnimatch_culture_test,9
galleries_noisy_5.pq::Gallery Area,0.0,0.0,1.0,1.0,0.0,0.0,0.0,0.2,1.0,0.2,1.0,1.0,0.3333333333333333,0.3333333333333333,0.1,1.0,0.1,1.0,1.0,0.3333333333333333,0.3333333333333333,0.06666666666666667,1.0,0.06666666666666667,1.0,1.0,0.3333333333333333,0.3333333333333333,0.05,1.0,0.05,1.0,1.0,0.3333333333333333,0.3333333333333333,0.04,1.0,0.04,1.0,1.0,0.3333333333333333,0.3333333333333333,0.03333333333333333,1.0,0.03333333333333333,1.0,1.0,0.3333333333333333,0.3333333333333333,0.02857142857142857,1.0,0.02857142857142857,1.0,1.0,0.3333333333333333,0.3333333333333333,0.025,1.0,0.025,1.0,1.0,0.3333333333333333,0.3333333333333333,0.022222222222222223,1.0,0.022222222222222223,1.0,1.0,0.3333333333333333,0.3333333333333333,0.02,1.0,0.02,1.0,1.0,0.3333333333333333,0.3333333333333333,webtable-cl_optim-v=9-distilroberta-dj_adpt~qwen3_4b-dj_adpt,omnimatch_culture_test,9
galleries_noisy_5.pq::Gallery Name,1.0,0.16666666666666666,1.0,0.16666666666666666,1.0,1.0,0.16666666666666666,0.2,0.16666666666666666,1.0,0.8333333333333334,1.0,1.0,0.16666666666666666,0.3,0.5,0.6,1.0,1.0,1.0,0.2537037037037037,0.3333333333333333,0.8333333333333334,0.4,1.0,1.0,1.0,0.38375420875420874,0.3,1.0,0.3,1.0,1.0,1.0,0.44257773816597346,0.24,1.0,0.24,1.0,1.0,1.0,0.44257773816597346,0.2,1.0,0.2,1.0,1.0,1.0,0.44257773816597346,0.17142857142857143,1.0,0.17142857142857143,1.0,1.0,1.0,0.44257773816597346,0.15,1.0,0.15,1.0,1.0,1.0,0.44257773816597346,0.13333333333333333,1.0,0.13333333333333333,1.0,1.0,1.0,0.44257773816597346,0.12,1.0,0.12,1.0,1.0,1.0,0.44257773816597346,webtable-cl_optim-v=9-distilroberta-dj_adpt~qwen3_4b-dj_adpt,omnimatch_culture_test,9
galleries_noisy_5.pq::Gallery Terminal,1.0,1.0,1.0,1.0,1.0,1.0,1.0,0.2,1.0,0.2,1.0,1.0,1.0,1.0,0.1,1.0,0.1,1.0,1.0,1.0,1.0,0.06666666666666667,1.0,0.06666666666666667,1.0,1.0,1.0,1.0,0.05,1.0,0.05,1.0,1.0,1.0,1.0,0.04,1.0,0.04,1.0,1.0,1.0,1.0,0.03333333333333333,1.0,0.03333333333333333,1.0,1.0,1.0,1.0,0.02857142857142857,1.0,0.02857142857142857,1.0,1.0,1.0,1.0,0.025,1.0,0.025,1.0,1.0,1.0,1.0,0.022222222222222223,1.0,0.022222222222222223,1.0,1.0,1.0,1.0,0.02,1.0,0.02,1.0,1.0,1.0,1.0,webtable-cl_optim-v=9-distilroberta-dj_adpt~qwen3_4b-dj_adpt,omnimatch_culture_test,9
galleries_noisy_7.pq::Gallery Name,0.0,0.0,1.0,0.5,0.0,0.0,0.0,0.0,0.0,0.4,1.0,0.0,0.0,0.0,0.1,0.5,0.2,1.0,1.0,0.125,0.0625,0.13333333333333333,1.0,0.13333333333333333,1.0,1.0,0.125,0.1534090909090909,0.1,1.0,0.1,1.0,1.0,0.125,0.1534090909090909,0.08,1.0,0.08,1.0,1.0,0.125,0.1534090909090909,0.06666666666666667,1.0,0.06666666666666667,1.0,1.0,0.125,0.1534090909090909,0.05714285714285714,1.0,0.05714285714285714,1.0,1.0,0.125,0.1534090909090909,0.05,1.0,0.05,1.0,1.0,0.125,0.1534090909090909,0.044444444444444446,1.0,0.044444444444444446,1.0,1.0,0.125,0.1534090909090909,0.04,1.0,0.04,1.0,1.0,0.125,0.1534090909090909,webtable-cl_optim-v=9-distilroberta-dj_adpt~qwen3_4b-dj_adpt,omnimatch_culture_test,9
galleries_noisy_8.pq::Gallery Name,0.0,0.0,1.0,0.3333333333333333,0.0,0.0,0.0,0.2,0.3333333333333333,0.6,1.0,1.0,0.3333333333333333,0.1111111111111111,0.2,0.6666666666666666,0.3,1.0,1.0,0.3333333333333333,0.1851851851851852,0.13333333333333333,0.6666666666666666,0.2,1.0,1.0,0.3333333333333333,0.1851851851851852,0.15,1.0,0.15,1.0,1.0,0.3333333333333333,0.24400871459694987,0.12,1.0,0.12,1.0,1.0,0.3333333333333333,0.24400871459694987,0.1,1.0,0.1,1.0,1.0,0.3333333333333333,0.24400871459694987,0.08571428571428572,1.0,0.08571428571428572,1.0,1.0,0.3333333333333333,0.24400871459694987,0.075,1.0,0.075,1.0,1.0,0.3333333333333333,0.24400871459694987,0.06666666666666667,1.0,0.06666666666666667,1.0,1.0,0.3333333333333333,0.24400871459694987,0.06,1.0,0.06,1.0,1.0,0.3333333333333333,0.24400871459694987,webtable-cl_optim-v=9-distilroberta-dj_adpt~qwen3_4b-dj_adpt,omnimatch_culture_test,9
galleries_noisy_8.pq::Gallery Site,1.0,0.5,1.0,0.5,1.0,1.0,0.5,0.4,1.0,0.4,1.0,1.0,1.0,0.75,0.2,1.0,0.2,1.0,1.0,1.0,0.75,0.13333333333333333,1.0,0.13333333333333333,1.0,1.0,1.0,0.75,0.1,1.0,0.1,1.0,1.0,1.0,0.75,0.08,1.0,0.08,1.0,1.0,1.0,0.75,0.06666666666666667,1.0,0.06666666666666667,1.0,1.0,1.0,0.75,0.05714285714285714,1.0,0.05714285714285714,1.0,1.0,1.0,0.75,0.05,1.0,0.05,1.0,1.0,1.0,0.75,0.044444444444444446,1.0,0.044444444444444446,1.0,1.0,1.0,0.75,0.04,1.0,0.04,1.0,1.0,1.0,0.75,webtable-cl_optim-v=9-distilroberta-dj_adpt~qwen3_4b-dj_adpt,omnimatch_culture_test,9
galleries_noisy_9.pq::Gallery Area,0.0,0.0,1.0,0.3333333333333333,0.0,0.0,0.0,0.6,1.0,0.6,1.0,1.0,0.5,0.6388888888888888,0.3,1.0,0.3,1.0,1.0,0.5,0.6388888888888888,0.2,1.0,0.2,1.0,1.0,0.5,0.6388888888888888,0.15,1.0,0.15,1.0,1.0,0.5,0.6388888888888888,0.12,1.0,0.12,1.0,1.0,0.5,0.6388888888888888,0.1,1.0,0.1,1.0,1.0,0.5,0.6388888888888888,0.08571428571428572,1.0,0.08571428571428572,1.0,1.0,0.5,0.6388888888888888,0.075,1.0,0.075,1.0,1.0,0.5,0.6388888888888888,0.06666666666666667,1.0,0.06666666666666667,1.0,1.0,0.5,0.6388888888888888,0.06,1.0,0.06,1.0,1.0,0.5,0.6388888888888888,webtable-cl_optim-v=9-distilroberta-dj_adpt~qwen3_4b-dj_adpt,omnimatch_culture_test,9
galleries_noisy_9.pq::Gallery Name,0.0,0.0,1.0,0.125,0.0,0.0,0.0,0.8,0.5,1.0,0.625,1.0,0.5,0.33958333333333335,0.4,0.5,0.8,1.0,1.0,0.5,0.33958333333333335,0.4,0.75,0.5333333333333333,1.0,1.0,0.5,0.45890151515151517,0.35,0.875,0.4,1.0,1.0,0.5,0.5103721033868093,0.32,1.0,0.32,1.0,1.0,0.5,0.5558266488413547,0.26666666666666666,1.0,0.26666666666666666,1.0,1.0,0.5,0.5558266488413547,0.22857142857142856,1.0,0.22857142857142856,1.0,1.0,0.5,0.5558266488413547,0.2,1.0,0.2,1.0,1.0,0.5,0.5558266488413547,0.17777777777777778,1.0,0.17777777777777778,1.0,1.0,0.5,0.5558266488413547,0.16,1.0,0.16,1.0,1.0,0.5,0.5558266488413547,webtable-cl_optim-v=9-distilroberta-dj_adpt~qwen3_4b-dj_adpt,omnimatch_culture_test,9
galleries_noisy_9.pq::Gallery Terminal,1.0,0.3333333333333333,1.0,0.3333333333333333,1.0,1.0,0.3333333333333333,0.6,1.0,0.6,1.0,1.0,1.0,1.0,0.3,1.0,0.3,1.0,1.0,1.0,1.0,0.2,1.0,0.2,1.0,1.0,1.0,1.0,0.15,1.0,0.15,1.0,1.0,1.0,1.0,0.12,1.0,0.12,1.0,1.0,1.0,1.0,0.1,1.0,0.1,1.0,1.0,1.0,1.0,0.08571428571428572,1.0,0.08571428571428572,1.0,1.0,1.0,1.0,0.075,1.0,0.075,1.0,1.0,1.0,1.0,0.06666666666666667,1.0,0.06666666666666667,1.0,1.0,1.0,1.0,0.06,1.0,0.06,1.0,1.0,1.0,1.0,webtable-cl_optim-v=9-distilroberta-dj_adpt~qwen3_4b-dj_adpt,omnimatch_culture_test,9
public_art_noisy_0.pq::Medium,0.0,0.0,1.0,1.0,0.0,0.0,0.0,0.0,0.0,0.2,1.0,0.0,0.0,0.0,0.1,1.0,0.1,1.0,1.0,0.125,0.125,0.06666666666666667,1.0,0.06666666666666667,1.0,1.0,0.125,0.125,0.05,1.0,0.05,1.0,1.0,0.125,0.125,0.04,1.0,0.04,1.0,1.0,0.125,0.125,0.03333333333333333,1.0,0.03333333333333333,1.0,1.0,0.125,0.125,0.02857142857142857,1.0,0.02857142857142857,1.0,1.0,0.125,0.125,0.025,1.0,0.025,1.0,1.0,0.125,0.125,0.022222222222222223,1.0,0.022222222222222223,1.0,1.0,0.125,0.125,0.02,1.0,0.02,1.0,1.0,0.125,0.125,webtable-cl_optim-v=9-distilroberta-dj_adpt~qwen3_4b-dj_adpt,omnimatch_culture_test,9
public_art_noisy_0.pq::Name,0.0,0.0,1.0,1.0,0.0,0.0,0.0,0.2,1.0,0.2,1.0,1.0,0.25,0.25,0.1,1.0,0.1,1.0,1.0,0.25,0.25,0.06666666666666667,1.0,0.06666666666666667,1.0,1.0,0.25,0.25,0.05,1.0,0.05,1.0,1.0,0.25,0.25,0.04,1.0,0.04,1.0,1.0,0.25,0.25,0.03333333333333333,1.0,0.03333333333333333,1.0,1.0,0.25,0.25,0.02857142857142857,1.0,0.02857142857142857,1.0,1.0,0.25,0.25,0.025,1.0,0.025,1.0,1.0,0.25,0.25,0.022222222222222223,1.0,0.022222222222222223,1.0,1.0,0.25,0.25,0.02,1.0,0.02,1.0,1.0,0.25,0.25,webtable-cl_optim-v=9-distilroberta-dj_adpt~qwen3_4b-dj_adpt,omnimatch_culture_test,9
public_art_noisy_0.pq::Title,0.0,0.0,1.0,1.0,0.0,0.0,0.0,0.0,0.0,0.2,1.0,0.0,0.0,0.0,0.1,1.0,0.1,1.0,1.0,0.1111111111111111,0.1111111111111111,0.06666666666666667,1.0,0.06666666666666667,1.0,1.0,0.1111111111111111,0.1111111111111111,0.05,1.0,0.05,1.0,1.0,0.1111111111111111,0.1111111111111111,0.04,1.0,0.04,1.0,1.0,0.1111111111111111,0.1111111111111111,0.03333333333333333,1.0,0.03333333333333333,1.0,1.0,0.1111111111111111,0.1111111111111111,0.02857142857142857,1.0,0.02857142857142857,1.0,1.0,0.1111111111111111,0.1111111111111111,0.025,1.0,0.025,1.0,1.0,0.1111111111111111,0.1111111111111111,0.022222222222222223,1.0,0.022222222222222223,1.0,1.0,0.1111111111111111,0.1111111111111111,0.02,1.0,0.02,1.0,1.0,0.1111111111111111,0.1111111111111111,webtable-cl_optim-v=9-distilroberta-dj_adpt~qwen3_4b-dj_adpt,omnimatch_culture_test,9
public_art_noisy_0.pq::Type,1.0,1.0,1.0,1.0,1.0,1.0,1.0,0.2,1.0,0.2,1.0,1.0,1.0,1.0,0.1,1.0,0.1,1.0,1.0,1.0,1.0,0.06666666666666667,1.0,0.06666666666666667,1.0,1.0,1.0,1.0,0.05,1.0,0.05,1.0,1.0,1.0,1.0,0.04,1.0,0.04,1.0,1.0,1.0,1.0,0.03333333333333333,1.0,0.03333333333333333,1.0,1.0,1.0,1.0,0.02857142857142857,1.0,0.02857142857142857,1.0,1.0,1.0,1.0,0.025,1.0,0.025,1.0,1.0,1.0,1.0,0.022222222222222223,1.0,0.022222222222222223,1.0,1.0,1.0,1.0,0.02,1.0,0.02,1.0,1.0,1.0,1.0,webtable-cl_optim-v=9-distilroberta-dj_adpt~qwen3_4b-dj_adpt,omnimatch_culture_test,9
public_art_noisy_1.pq::Accessibil,1.0,0.5,1.0,0.5,1.0,1.0,0.5,0.4,1.0,0.4,1.0,1.0,1.0,0.75,0.2,1.0,0.2,1.0,1.0,1.0,0.75,0.13333333333333333,1.0,0.13333333333333333,1.0,1.0,1.0,0.75,0.1,1.0,0.1,1.0,1.0,1.0,0.75,0.08,1.0,0.08,1.0,1.0,1.0,0.75,0.06666666666666667,1.0,0.06666666666666667,1.0,1.0,1.0,0.75,0.05714285714285714,1.0,0.05714285714285714,1.0,1.0,1.0,0.75,0.05,1.0,0.05,1.0,1.0,1.0,0.75,0.044444444444444446,1.0,0.044444444444444446,1.0,1.0,1.0,0.75,0.04,1.0,0.04,1.0,1.0,1.0,0.75,webtable-cl_optim-v=9-distilroberta-dj_adpt~qwen3_4b-dj_adpt,omnimatch_culture_test,9
public_art_noisy_1.pq::ArtistLink,1.0,0.5,1.0,0.5,1.0,1.0,0.5,0.4,1.0,0.4,1.0,1.0,1.0,0.8333333333333333,0.2,1.0,0.2,1.0,1.0,1.0,0.8333333333333333,0.13333333333333333,1.0,0.13333333333333333,1.0,1.0,1.0,0.8333333333333333,0.1,1.0,0.1,1.0,1.0,1.0,0.8333333333333333,0.08,1.0,0.08,1.0,1.0,1.0,0.8333333333333333,0.06666666666666667,1.0,0.06666666666666667,1.0,1.0,1.0,0.8333333333333333,0.05714285714285714,1.0,0.05714285714285714,1.0,1.0,1.0,0.8333333333333333,0.05,1.0,0.05,1.0,1.0,1.0,0.8333333333333333,0.044444444444444446,1.0,0.044444444444444446,1.0,1.0,1.0,0.8333333333333333,0.04,1.0,0.04,1.0,1.0,1.0,0.8333333333333333,webtable-cl_optim-v=9-distilroberta-dj_adpt~qwen3_4b-dj_adpt,omnimatch_culture_test,9
public_art_noisy_1.pq::Descriptio,0.0,0.0,1.0,0.5,0.0,0.0,0.0,0.4,1.0,0.4,1.0,1.0,0.5,0.5,0.2,1.0,0.2,1.0,1.0,0.5,0.5,0.13333333333333333,1.0,0.13333333333333333,1.0,1.0,0.5,0.5,0.1,1.0,0.1,1.0,1.0,0.5,0.5,0.08,1.0,0.08,1.0,1.0,0.5,0.5,0.06666666666666667,1.0,0.06666666666666667,1.0,1.0,0.5,0.5,0.05714285714285714,1.0,0.05714285714285714,1.0,1.0,0.5,0.5,0.05,1.0,0.05,1.0,1.0,0.5,0.5,0.044444444444444446,1.0,0.044444444444444446,1.0,1.0,0.5,0.5,0.04,1.0,0.04,1.0,1.0,0.5,0.5,webtable-cl_optim-v=9-distilroberta-dj_adpt~qwen3_4b-dj_adpt,omnimatch_culture_test,9
public_art_noisy_1.pq::Location,0.0,0.0,1.0,0.3333333333333333,0.0,0.0,0.0,0.0,0.0,0.6,1.0,0.0,0.0,0.0,0.0,0.0,0.3,1.0,0.0,0.0,0.0,0.2,1.0,0.2,1.0,1.0,0.08333333333333333,0.15048840048840048,0.15,1.0,0.15,1.0,1.0,0.08333333333333333,0.15048840048840048,0.12,1.0,0.12,1.0,1.0,0.08333333333333333,0.15048840048840048,0.1,1.0,0.1,1.0,1.0,0.08333333333333333,0.15048840048840048,0.08571428571428572,1.0,0.08571428571428572,1.0,1.0,0.08333333333333333,0.15048840048840048,0.075,1.0,0.075,1.0,1.0,0.08333333333333333,0.15048840048840048,0.06666666666666667,1.0,0.06666666666666667,1.0,1.0,0.08333333333333333,0.15048840048840048,0.06,1.0,0.06,1.0,1.0,0.08333333333333333,0.15048840048840048,webtable-cl_optim-v=9-distilroberta-dj_adpt~qwen3_4b-dj_adpt,omnimatch_culture_test,9
public_art_noisy_1.pq::Title,0.0,0.0,1.0,0.16666666666666666,0.0,0.0,0.0,0.6,0.5,1.0,0.8333333333333334,1.0,0.5,0.3194444444444444,0.4,0.6666666666666666,0.6,1.0,1.0,0.5,0.38611111111111107,0.4,1.0,0.4,1.0,1.0,0.5,0.5387917637917637,0.3,1.0,0.3,1.0,1.0,0.5,0.5387917637917637,0.24,1.0,0.24,1.0,1.0,0.5,0.5387917637917637,0.2,1.0,0.2,1.0,1.0,0.5,0.5387917637917637,0.17142857142857143,1.0,0.17142857142857143,1.0,1.0,0.5,0.5387917637917637,0.15,1.0,0.15,1.0,1.0,0.5,0.5387917637917637,0.13333333333333333,1.0,0.13333333333333333,1.0,1.0,0.5,0.5387917637917637,0.12,1.0,0.12,1.0,1.0,0.5,0.5387917637917637,webtable-cl_optim-v=9-distilroberta-dj_adpt~qwen3_4b-dj_adpt,omnimatch_culture_test,9
public_art_noisy_3.pq::Accessibil,1.0,0.25,1.0,0.25,1.0,1.0,0.25,0.4,0.5,0.8,1.0,1.0,1.0,0.5,0.4,1.0,0.4,1.0,1.0,1.0,0.7071428571428572,0.26666666666666666,1.0,0.26666666666666666,1.0,1.0,1.0,0.7071428571428572,0.2,1.0,0.2,1.0,1.0,1.0,0.7071428571428572,0.16,1.0,0.16,1.0,1.0,1.0,0.7071428571428572,0.13333333333333333,1.0,0.13333333333333333,1.0,1.0,1.0,0.7071428571428572,0.11428571428571428,1.0,0.11428571428571428,1.0,1.0,1.0,0.7071428571428572,0.1,1.0,0.1,1.0,1.0,1.0,0.7071428571428572,0.08888888888888889,1.0,0.08888888888888889,1.0,1.0,1.0,0.7071428571428572,0.08,1.0,0.08,1.0,1.0,1.0,0.7071428571428572,webtable-cl_optim-v=9-distilroberta-dj_adpt~qwen3_4b-dj_adpt,omnimatch_culture_test,9
public_art_noisy_3.pq::ArtistLink,1.0,0.25,1.0,0.25,1.0,1.0,0.25,0.8,1.0,0.8,1.0,1.0,1.0,1.0,0.4,1.0,0.4,1.0,1.0,1.0,1.0,0.26666666666666666,1.0,0.26666666666666666,1.0,1.0,1.0,1.0,0.2,1.0,0.2,1.0,1.0,1.0,1.0,0.16,1.0,0.16,1.0,1.0,1.0,1.0,0.13333333333333333,1.0,0.13333333333333333,1.0,1.0,1.0,1.0,0.11428571428571428,1.0,0.11428571428571428,1.0,1.0,1.0,1.0,0.1,1.0,0.1,1.0,1.0,1.0,1.0,0.08888888888888889,1.0,0.08888888888888889,1.0,1.0,1.0,1.0,0.08,1.0,0.08,1.0,1.0,1.0,1.0,webtable-cl_optim-v=9-distilroberta-dj_adpt~qwen3_4b-dj_adpt,omnimatch_culture_test,9
public_art_noisy_3.pq::Descriptio,1.0,0.25,1.0,0.25,1.0,1.0,0.25,0.8,1.0,0.8,1.0,1.0,1.0,1.0,0.4,1.0,0.4,1.0,1.0,1.0,1.0,0.26666666666666666,1.0,0.26666666666666666,1.0,1.0,1.0,1.0,0.2,1.0,0.2,1.0,1.0,1.0,1.0,0.16,1.0,0.16,1.0,1.0,1.0,1.0,0.13333333333333333,1.0,0.13333333333333333,1.0,1.0,1.0,1.0,0.11428571428571428,1.0,0.11428571428571428,1.0,1.0,1.0,1.0,0.1,1.0,0.1,1.0,1.0,1.0,1.0,0.08888888888888889,1.0,0.08888888888888889,1.0,1.0,1.0,1.0,0.08,1.0,0.08,1.0,1.0,1.0,1.0,webtable-cl_optim-v=9-distilroberta-dj_adpt~qwen3_4b-dj_adpt,omnimatch_culture_test,9
public_art_noisy_3.pq::Location,0.0,0.0,1.0,0.2,0.0,0.0,0.0,0.0,0.0,1.0,1.0,0.0,0.0,0.0,0.2,0.4,0.5,1.0,1.0,0.125,0.065,0.2,0.6,0.3333333333333333,1.0,1.0,0.125,0.11954545454545454,0.2,0.8,0.25,1.0,1.0,0.125,0.16954545454545453,0.16,0.8,0.2,1.0,1.0,0.125,0.16954545454545453,0.13333333333333333,0.8,0.16666666666666666,1.0,1.0,0.125,0.16954545454545453,0.11428571428571428,0.8,0.14285714285714285,1.0,1.0,0.125,0.16954545454545453,0.1,0.8,0.125,1.0,1.0,0.125,0.16954545454545453,0.08888888888888889,0.8,0.1111111111111111,1.0,1.0,0.125,0.16954545454545453,0.1,1.0,0.1,1.0,1.0,0.125,0.19037878787878787,webtable-cl_optim-v=9-distilroberta-dj_adpt~qwen3_4b-dj_adpt,omnimatch_culture_test,9
public_art_noisy_3.pq::Title,1.0,0.125,1.0,0.125,1.0,1.0,0.125,0.8,0.5,1.0,0.625,1.0,1.0,0.44375,0.7,0.875,0.8,1.0,1.0,1.0,0.7425595238095238,0.4666666666666667,0.875,0.5333333333333333,1.0,1.0,1.0,0.7425595238095238,0.35,0.875,0.4,1.0,1.0,1.0,0.7425595238095238,0.28,0.875,0.32,1.0,1.0,1.0,0.7425595238095238,0.23333333333333334,0.875,0.26666666666666666,1.0,1.0,1.0,0.7425595238095238,0.2,0.875,0.22857142857142856,1.0,1.0,1.0,0.7425595238095238,0.175,0.875,0.2,1.0,1.0,1.0,0.7425595238095238,0.15555555555555556,0.875,0.17777777777777778,1.0,1.0,1.0,0.7425595238095238,0.14,0.875,0.16,1.0,1.0,1.0,0.7425595238095238,webtable-cl_optim-v=9-distilroberta-dj_adpt~qwen3_4b-dj_adpt,omnimatch_culture_test,9
public_art_noisy_4.pq::ArtistLink,1.0,0.2,1.0,0.2,1.0,1.0,0.2,1.0,1.0,1.0,1.0,1.0,1.0,1.0,0.5,1.0,0.5,1.0,1.0,1.0,1.0,0.3333333333333333,1.0,0.3333333333333333,1.0,1.0,1.0,1.0,0.25,1.0,0.25,1.0,1.0,1.0,1.0,0.2,1.0,0.2,1.0,1.0,1.0,1.0,0.16666666666666666,1.0,0.16666666666666666,1.0,1.0,1.0,1.0,0.14285714285714285,1.0,0.14285714285714285,1.0,1.0,1.0,1.0,0.125,1.0,0.125,1.0,1.0,1.0,1.0,0.1111111111111111,1.0,0.1111111111111111,1.0,1.0,1.0,1.0,0.1,1.0,0.1,1.0,1.0,1.0,1.0,webtable-cl_optim-v=9-distilroberta-dj_adpt~qwen3_4b-dj_adpt,omnimatch_culture_test,9
public_art_noisy_4.pq::Location,0.0,0.0,1.0,0.16666666666666666,0.0,0.0,0.0,0.0,0.0,1.0,0.8333333333333334,0.0,0.0,0.0,0.3,0.5,0.6,1.0,1.0,0.125,0.10787037037037035,0.3333333333333333,0.8333333333333334,0.4,1.0,1.0,0.125,0.22403198653198653,0.25,0.8333333333333334,0.3,1.0,1.0,0.125,0.22403198653198653,0.2,0.8333333333333334,0.24,1.0,1.0,0.125,0.22403198653198653,0.2,1.0,0.2,1.0,1.0,0.125,0.25736531986531985,0.17142857142857143,1.0,0.17142857142857143,1.0,1.0,0.125,0.25736531986531985,0.15,1.0,0.15,1.0,1.0,0.125,0.25736531986531985,0.13333333333333333,1.0,0.13333333333333333,1.0,1.0,0.125,0.25736531986531985,0.12,1.0,0.12,1.0,1.0,0.125,0.25736531986531985,webtable-cl_optim-v=9-distilroberta-dj_adpt~qwen3_4b-dj_adpt,omnimatch_culture_test,9
public_art_noisy_4.pq::Name,0.0,0.0,1.0,0.25,0.0,0.0,0.0,0.2,0.25,0.8,1.0,1.0,0.3333333333333333,0.08333333333333333,0.1,0.25,0.4,1.0,1.0,0.3333333333333333,0.08333333333333333,0.26666666666666666,1.0,0.26666666666666666,1.0,1.0,0.3333333333333333,0.2541208791208791,0.2,1.0,0.2,1.0,1.0,0.3333333333333333,0.2541208791208791,0.16,1.0,0.16,1.0,1.0,0.3333333333333333,0.2541208791208791,0.13333333333333333,1.0,0.13333333333333333,1.0,1.0,0.3333333333333333,0.2541208791208791,0.11428571428571428,1.0,0.11428571428571428,1.0,1.0,0.3333333333333333,0.2541208791208791,0.1,1.0,0.1,1.0,1.0,0.3333333333333333,0.2541208791208791,0.08888888888888889,1.0,0.08888888888888889,1.0,1.0,0.3333333333333333,0.2541208791208791,0.08,1.0,0.08,1.0,1.0,0.3333333333333333,0.2541208791208791,webtable-cl_optim-v=9-distilroberta-dj_adpt~qwen3_4b-dj_adpt,omnimatch_culture_test,9
public_art_noisy_4.pq::Title,1.0,0.1111111111111111,1.0,0.1111111111111111,1.0,1.0,0.1111111111111111,1.0,0.5555555555555556,1.0,0.5555555555555556,1.0,1.0,0.5555555555555556,0.8,0.8888888888888888,0.9,1.0,1.0,1.0,0.8419753086419752,0.5333333333333333,0.8888888888888888,0.6,1.0,1.0,1.0,0.8419753086419752,0.4,0.8888888888888888,0.45,1.0,1.0,1.0,0.8419753086419752,0.32,0.8888888888888888,0.36,1.0,1.0,1.0,0.8419753086419752,0.3,1.0,0.3,1.0,1.0,1.0,0.8790123456790124,0.2571428571428571,1.0,0.2571428571428571,1.0,1.0,1.0,0.8790123456790124,0.225,1.0,0.225,1.0,1.0,1.0,0.8790123456790124,0.2,1.0,0.2,1.0,1.0,1.0,0.8790123456790124,0.18,1.0,0.18,1.0,1.0,1.0,0.8790123456790124,webtable-cl_optim-v=9-distilroberta-dj_adpt~qwen3_4b-dj_adpt,omnimatch_culture_test,9
public_art_noisy_4.pq::Type,1.0,0.25,1.0,0.25,1.0,1.0,0.25,0.8,1.0,0.8,1.0,1.0,1.0,0.8875,0.4,1.0,0.4,1.0,1.0,1.0,0.8875,0.26666666666666666,1.0,0.26666666666666666,1.0,1.0,1.0,0.8875,0.2,1.0,0.2,1.0,1.0,1.0,0.8875,0.16,1.0,0.16,1.0,1.0,1.0,0.8875,0.13333333333333333,1.0,0.13333333333333333,1.0,1.0,1.0,0.8875,0.11428571428571428,1.0,0.11428571428571428,1.0,1.0,1.0,0.8875,0.1,1.0,0.1,1.0,1.0,1.0,0.8875,0.08888888888888889,1.0,0.08888888888888889,1.0,1.0,1.0,0.8875,0.08,1.0,0.08,1.0,1.0,1.0,0.8875,webtable-cl_optim-v=9-distilroberta-dj_adpt~qwen3_4b-dj_adpt,omnimatch_culture_test,9
public_art_noisy_5.pq::Location,0.0,0.0,1.0,1.0,0.0,0.0,0.0,0.0,0.0,0.2,1.0,0.0,0.0,0.0,0.1,1.0,0.1,1.0,1.0,0.1111111111111111,0.1111111111111111,0.06666666666666667,1.0,0.06666666666666667,1.0,1.0,0.1111111111111111,0.1111111111111111,0.05,1.0,0.05,1.0,1.0,0.1111111111111111,0.1111111111111111,0.04,1.0,0.04,1.0,1.0,0.1111111111111111,0.1111111111111111,0.03333333333333333,1.0,0.03333333333333333,1.0,1.0,0.1111111111111111,0.1111111111111111,0.02857142857142857,1.0,0.02857142857142857,1.0,1.0,0.1111111111111111,0.1111111111111111,0.025,1.0,0.025,1.0,1.0,0.1111111111111111,0.1111111111111111,0.022222222222222223,1.0,0.022222222222222223,1.0,1.0,0.1111111111111111,0.1111111111111111,0.02,1.0,0.02,1.0,1.0,0.1111111111111111,0.1111111111111111,webtable-cl_optim-v=9-distilroberta-dj_adpt~qwen3_4b-dj_adpt,omnimatch_culture_test,9
public_art_noisy_5.pq::Medium,1.0,0.25,1.0,0.25,1.0,1.0,0.25,0.6,0.75,0.8,1.0,1.0,1.0,0.75,0.4,1.0,0.4,1.0,1.0,1.0,0.8611111111111112,0.26666666666666666,1.0,0.26666666666666666,1.0,1.0,1.0,0.8611111111111112,0.2,1.0,0.2,1.0,1.0,1.0,0.8611111111111112,0.16,1.0,0.16,1.0,1.0,1.0,0.8611111111111112,0.13333333333333333,1.0,0.13333333333333333,1.0,1.0,1.0,0.8611111111111112,0.11428571428571428,1.0,0.11428571428571428,1.0,1.0,1.0,0.8611111111111112,0.1,1.0,0.1,1.0,1.0,1.0,0.8611111111111112,0.08888888888888889,1.0,0.08888888888888889,1.0,1.0,1.0,0.8611111111111112,0.08,1.0,0.08,1.0,1.0,1.0,0.8611111111111112,webtable-cl_optim-v=9-distilroberta-dj_adpt~qwen3_4b-dj_adpt,omnimatch_culture_test,9
public_art_noisy_5.pq::Title,0.0,0.0,1.0,0.25,0.0,0.0,0.0,0.4,0.5,0.8,1.0,1.0,0.3333333333333333,0.18333333333333335,0.2,0.5,0.4,1.0,1.0,0.3333333333333333,0.18333333333333335,0.26666666666666666,1.0,0.26666666666666666,1.0,1.0,0.3333333333333333,0.33484848484848484,0.2,1.0,0.2,1.0,1.0,0.3333333333333333,0.33484848484848484,0.16,1.0,0.16,1.0,1.0,0.3333333333333333,0.33484848484848484,0.13333333333333333,1.0,0.13333333333333333,1.0,1.0,0.3333333333333333,0.33484848484848484,0.11428571428571428,1.0,0.11428571428571428,1.0,1.0,0.3333333333333333,0.33484848484848484,0.1,1.0,0.1,1.0,1.0,0.3333333333333333,0.33484848484848484,0.08888888888888889,1.0,0.08888888888888889,1.0,1.0,0.3333333333333333,0.33484848484848484,0.08,1.0,0.08,1.0,1.0,0.3333333333333333,0.33484848484848484,webtable-cl_optim-v=9-distilroberta-dj_adpt~qwen3_4b-dj_adpt,omnimatch_culture_test,9
public_art_noisy_6.pq::Medium,1.0,0.3333333333333333,1.0,0.3333333333333333,1.0,1.0,0.3333333333333333,0.2,0.3333333333333333,0.6,1.0,1.0,1.0,0.3333333333333333,0.2,0.6666666666666666,0.3,1.0,1.0,1.0,0.39999999999999997,0.2,1.0,0.2,1.0,1.0,1.0,0.4909090909090909,0.15,1.0,0.15,1.0,1.0,1.0,0.4909090909090909,0.12,1.0,0.12,1.0,1.0,1.0,0.4909090909090909,0.1,1.0,0.1,1.0,1.0,1.0,0.4909090909090909,0.08571428571428572,1.0,0.08571428571428572,1.0,1.0,1.0,0.4909090909090909,0.075,1.0,0.075,1.0,1.0,1.0,0.4909090909090909,0.06666666666666667,1.0,0.06666666666666667,1.0,1.0,1.0,0.4909090909090909,0.06,1.0,0.06,1.0,1.0,1.0,0.4909090909090909,webtable-cl_optim-v=9-distilroberta-dj_adpt~qwen3_4b-dj_adpt,omnimatch_culture_test,9
public_art_noisy_6.pq::Name,0.0,0.0,1.0,0.3333333333333333,0.0,0.0,0.0,0.0,0.0,0.6,1.0,0.0,0.0,0.0,0.0,0.0,0.3,1.0,0.0,0.0,0.0,0.0,0.0,0.2,1.0,0.0,0.0,0.0,0.0,0.0,0.15,1.0,0.0,0.0,0.0,0.0,0.0,0.12,1.0,0.0,0.0,0.0,0.0,0.0,0.1,1.0,0.0,0.0,0.0,0.05714285714285714,0.6666666666666666,0.08571428571428572,1.0,1.0,0.03225806451612903,0.030954708374063212,0.05,0.6666666666666666,0.075,1.0,1.0,0.03225806451612903,0.030954708374063212,0.044444444444444446,0.6666666666666666,0.06666666666666667,1.0,1.0,0.03225806451612903,0.030954708374063212,0.04,0.6666666666666666,0.06,1.0,1.0,0.03225806451612903,0.030954708374063212,webtable-cl_optim-v=9-distilroberta-dj_adpt~qwen3_4b-dj_adpt,omnimatch_culture_test,9
public_art_noisy_6.pq::Title,0.0,0.0,1.0,0.3333333333333333,0.0,0.0,0.0,0.2,0.3333333333333333,0.6,1.0,1.0,0.25,0.08333333333333333,0.1,0.3333333333333333,0.3,1.0,1.0,0.25,0.08333333333333333,0.06666666666666667,0.3333333333333333,0.2,1.0,1.0,0.25,0.08333333333333333,0.1,0.6666666666666666,0.15,1.0,1.0,0.25,0.12254901960784315,0.08,0.6666666666666666,0.12,1.0,1.0,0.25,0.12254901960784315,0.06666666666666667,0.6666666666666666,0.1,1.0,1.0,0.25,0.12254901960784315,0.05714285714285714,0.6666666666666666,0.08571428571428572,1.0,1.0,0.25,0.12254901960784315,0.075,1.0,0.075,1.0,1.0,0.25,0.14957604663487015,0.06666666666666667,1.0,0.06666666666666667,1.0,1.0,0.25,0.14957604663487015,0.06,1.0,0.06,1.0,1.0,0.25,0.14957604663487015,webtable-cl_optim-v=9-distilroberta-dj_adpt~qwen3_4b-dj_adpt,omnimatch_culture_test,9
public_art_noisy_6.pq::Type,0.0,0.0,1.0,0.3333333333333333,0.0,0.0,0.0,0.6,1.0,0.6,1.0,1.0,0.5,0.6388888888888888,0.3,1.0,0.3,1.0,1.0,0.5,0.6388888888888888,0.2,1.0,0.2,1.0,1.0,0.5,0.6388888888888888,0.15,1.0,0.15,1.0,1.0,0.5,0.6388888888888888,0.12,1.0,0.12,1.0,1.0,0.5,0.6388888888888888,0.1,1.0,0.1,1.0,1.0,0.5,0.6388888888888888,0.08571428571428572,1.0,0.08571428571428572,1.0,1.0,0.5,0.6388888888888888,0.075,1.0,0.075,1.0,1.0,0.5,0.6388888888888888,0.06666666666666667,1.0,0.06666666666666667,1.0,1.0,0.5,0.6388888888888888,0.06,1.0,0.06,1.0,1.0,0.5,0.6388888888888888,webtable-cl_optim-v=9-distilroberta-dj_adpt~qwen3_4b-dj_adpt,omnimatch_culture_test,9
public_art_noisy_7.pq::Accessibil,0.0,0.0,1.0,1.0,0.0,0.0,0.0,0.2,1.0,0.2,1.0,1.0,0.25,0.25,0.1,1.0,0.1,1.0,1.0,0.25,0.25,0.06666666666666667,1.0,0.06666666666666667,1.0,1.0,0.25,0.25,0.05,1.0,0.05,1.0,1.0,0.25,0.25,0.04,1.0,0.04,1.0,1.0,0.25,0.25,0.03333333333333333,1.0,0.03333333333333333,1.0,1.0,0.25,0.25,0.02857142857142857,1.0,0.02857142857142857,1.0,1.0,0.25,0.25,0.025,1.0,0.025,1.0,1.0,0.25,0.25,0.022222222222222223,1.0,0.022222222222222223,1.0,1.0,0.25,0.25,0.02,1.0,0.02,1.0,1.0,0.25,0.25,webtable-cl_optim-v=9-distilroberta-dj_adpt~qwen3_4b-dj_adpt,omnimatch_culture_test,9
public_art_noisy_7.pq::ArtistLink,1.0,1.0,1.0,1.0,1.0,1.0,1.0,0.2,1.0,0.2,1.0,1.0,1.0,1.0,0.1,1.0,0.1,1.0,1.0,1.0,1.0,0.06666666666666667,1.0,0.06666666666666667,1.0,1.0,1.0,1.0,0.05,1.0,0.05,1.0,1.0,1.0,1.0,0.04,1.0,0.04,1.0,1.0,1.0,1.0,0.03333333333333333,1.0,0.03333333333333333,1.0,1.0,1.0,1.0,0.02857142857142857,1.0,0.02857142857142857,1.0,1.0,1.0,1.0,0.025,1.0,0.025,1.0,1.0,1.0,1.0,0.022222222222222223,1.0,0.022222222222222223,1.0,1.0,1.0,1.0,0.02,1.0,0.02,1.0,1.0,1.0,1.0,webtable-cl_optim-v=9-distilroberta-dj_adpt~qwen3_4b-dj_adpt,omnimatch_culture_test,9
public_art_noisy_7.pq::Descriptio,0.0,0.0,1.0,1.0,0.0,0.0,0.0,0.2,1.0,0.2,1.0,1.0,0.25,0.25,0.1,1.0,0.1,1.0,1.0,0.25,0.25,0.06666666666666667,1.0,0.06666666666666667,1.0,1.0,0.25,0.25,0.05,1.0,0.05,1.0,1.0,0.25,0.25,0.04,1.0,0.04,1.0,1.0,0.25,0.25,0.03333333333333333,1.0,0.03333333333333333,1.0,1.0,0.25,0.25,0.02857142857142857,1.0,0.02857142857142857,1.0,1.0,0.25,0.25,0.025,1.0,0.025,1.0,1.0,0.25,0.25,0.022222222222222223,1.0,0.022222222222222223,1.0,1.0,0.25,0.25,0.02,1.0,0.02,1.0,1.0,0.25,0.25,webtable-cl_optim-v=9-distilroberta-dj_adpt~qwen3_4b-dj_adpt,omnimatch_culture_test,9
public_art_noisy_7.pq::Location,0.0,0.0,1.0,0.5,0.0,0.0,0.0,0.0,0.0,0.4,1.0,0.0,0.0,0.0,0.0,0.0,0.2,1.0,0.0,0.0,0.0,0.06666666666666667,0.5,0.13333333333333333,1.0,1.0,0.07142857142857142,0.03571428571428571,0.1,1.0,0.1,1.0,1.0,0.07142857142857142,0.09453781512605042,0.08,1.0,0.08,1.0,1.0,0.07142857142857142,0.09453781512605042,0.06666666666666667,1.0,0.06666666666666667,1.0,1.0,0.07142857142857142,0.09453781512605042,0.05714285714285714,1.0,0.05714285714285714,1.0,1.0,0.07142857142857142,0.09453781512605042,0.05,1.0,0.05,1.0,1.0,0.07142857142857142,0.09453781512605042,0.044444444444444446,1.0,0.044444444444444446,1.0,1.0,0.07142857142857142,0.09453781512605042,0.04,1.0,0.04,1.0,1.0,0.07142857142857142,0.09453781512605042,webtable-cl_optim-v=9-distilroberta-dj_adpt~qwen3_4b-dj_adpt,omnimatch_culture_test,9
public_art_noisy_7.pq::Title,0.0,0.0,1.0,0.2,0.0,0.0,0.0,0.0,0.0,1.0,1.0,0.0,0.0,0.0,0.2,0.4,0.5,1.0,1.0,0.16666666666666666,0.07777777777777777,0.2,0.6,0.3333333333333333,1.0,1.0,0.16666666666666666,0.12777777777777777,0.2,0.8,0.25,1.0,1.0,0.16666666666666666,0.1698830409356725,0.16,0.8,0.2,1.0,1.0,0.16666666666666666,0.1698830409356725,0.16666666666666666,1.0,0.16666666666666666,1.0,1.0,0.16666666666666666,0.20692007797270953,0.14285714285714285,1.0,0.14285714285714285,1.0,1.0,0.16666666666666666,0.20692007797270953,0.125,1.0,0.125,1.0,1.0,0.16666666666666666,0.20692007797270953,0.1111111111111111,1.0,0.1111111111111111,1.0,1.0,0.16666666666666666,0.20692007797270953,0.1,1.0,0.1,1.0,1.0,0.16666666666666666,0.20692007797270953,webtable-cl_optim-v=9-distilroberta-dj_adpt~qwen3_4b-dj_adpt,omnimatch_culture_test,9
public_art_noisy_8.pq::Medium,0.0,0.0,1.0,0.5,0.0,0.0,0.0,0.0,0.0,0.4,1.0,0.0,0.0,0.0,0.1,0.5,0.2,1.0,1.0,0.1,0.05,0.13333333333333333,1.0,0.13333333333333333,1.0,1.0,0.1,0.14090909090909093,0.1,1.0,0.1,1.0,1.0,0.1,0.14090909090909093,0.08,1.0,0.08,1.0,1.0,0.1,0.14090909090909093,0.06666666666666667,1.0,0.06666666666666667,1.0,1.0,0.1,0.14090909090909093,0.05714285714285714,1.0,0.05714285714285714,1.0,1.0,0.1,0.14090909090909093,0.05,1.0,0.05,1.0,1.0,0.1,0.14090909090909093,0.044444444444444446,1.0,0.044444444444444446,1.0,1.0,0.1,0.14090909090909093,0.04,1.0,0.04,1.0,1.0,0.1,0.14090909090909093,webtable-cl_optim-v=9-distilroberta-dj_adpt~qwen3_4b-dj_adpt,omnimatch_culture_test,9
public_art_noisy_8.pq::Name,0.0,0.0,1.0,0.5,0.0,0.0,0.0,0.0,0.0,0.4,1.0,0.0,0.0,0.0,0.0,0.0,0.2,1.0,0.0,0.0,0.0,0.0,0.0,0.13333333333333333,1.0,0.0,0.0,0.0,0.0,0.0,0.1,1.0,0.0,0.0,0.0,0.0,0.0,0.08,1.0,0.0,0.0,0.0,0.0,0.0,0.06666666666666667,1.0,0.0,0.0,0.0,0.02857142857142857,0.5,0.05714285714285714,1.0,1.0,0.03225806451612903,0.016129032258064516,0.025,0.5,0.05,1.0,1.0,0.03225806451612903,0.016129032258064516,0.022222222222222223,0.5,0.044444444444444446,1.0,1.0,0.03225806451612903,0.016129032258064516,0.02,0.5,0.04,1.0,1.0,0.03225806451612903,0.016129032258064516,webtable-cl_optim-v=9-distilroberta-dj_adpt~qwen3_4b-dj_adpt,omnimatch_culture_test,9
public_art_noisy_8.pq::Title,0.0,0.0,1.0,0.5,0.0,0.0,0.0,0.0,0.0,0.4,1.0,0.0,0.0,0.0,0.0,0.0,0.2,1.0,0.0,0.0,0.0,0.0,0.0,0.13333333333333333,1.0,0.0,0.0,0.0,0.0,0.0,0.1,1.0,0.0,0.0,0.0,0.04,0.5,0.08,1.0,1.0,0.043478260869565216,0.021739130434782608,0.03333333333333333,0.5,0.06666666666666667,1.0,1.0,0.043478260869565216,0.021739130434782608,0.02857142857142857,0.5,0.05714285714285714,1.0,1.0,0.043478260869565216,0.021739130434782608,0.025,0.5,0.05,1.0,1.0,0.043478260869565216,0.021739130434782608,0.022222222222222223,0.5,0.044444444444444446,1.0,1.0,0.043478260869565216,0.021739130434782608,0.02,0.5,0.04,1.0,1.0,0.043478260869565216,0.021739130434782608,webtable-cl_optim-v=9-distilroberta-dj_adpt~qwen3_4b-dj_adpt,omnimatch_culture_test,9
public_art_noisy_8.pq::Type,0.0,0.0,1.0,0.5,0.0,0.0,0.0,0.4,1.0,0.4,1.0,1.0,0.5,0.5,0.2,1.0,0.2,1.0,1.0,0.5,0.5,0.13333333333333333,1.0,0.13333333333333333,1.0,1.0,0.5,0.5,0.1,1.0,0.1,1.0,1.0,0.5,0.5,0.08,1.0,0.08,1.0,1.0,0.5,0.5,0.06666666666666667,1.0,0.06666666666666667,1.0,1.0,0.5,0.5,0.05714285714285714,1.0,0.05714285714285714,1.0,1.0,0.5,0.5,0.05,1.0,0.05,1.0,1.0,0.5,0.5,0.044444444444444446,1.0,0.044444444444444446,1.0,1.0,0.5,0.5,0.04,1.0,0.04,1.0,1.0,0.5,0.5,webtable-cl_optim-v=9-distilroberta-dj_adpt~qwen3_4b-dj_adpt,omnimatch_culture_test,9
public_art_noisy_9.pq::Accessibil,1.0,0.3333333333333333,1.0,0.3333333333333333,1.0,1.0,0.3333333333333333,0.6,1.0,0.6,1.0,1.0,1.0,0.8055555555555555,0.3,1.0,0.3,1.0,1.0,1.0,0.8055555555555555,0.2,1.0,0.2,1.0,1.0,1.0,0.8055555555555555,0.15,1.0,0.15,1.0,1.0,1.0,0.8055555555555555,0.12,1.0,0.12,1.0,1.0,1.0,0.8055555555555555,0.1,1.0,0.1,1.0,1.0,1.0,0.8055555555555555,0.08571428571428572,1.0,0.08571428571428572,1.0,1.0,1.0,0.8055555555555555,0.075,1.0,0.075,1.0,1.0,1.0,0.8055555555555555,0.06666666666666667,1.0,0.06666666666666667,1.0,1.0,1.0,0.8055555555555555,0.06,1.0,0.06,1.0,1.0,1.0,0.8055555555555555,webtable-cl_optim-v=9-distilroberta-dj_adpt~qwen3_4b-dj_adpt,omnimatch_culture_test,9
public_art_noisy_9.pq::ArtistLink,1.0,0.3333333333333333,1.0,0.3333333333333333,1.0,1.0,0.3333333333333333,0.6,1.0,0.6,1.0,1.0,1.0,0.8666666666666667,0.3,1.0,0.3,1.0,1.0,1.0,0.8666666666666667,0.2,1.0,0.2,1.0,1.0,1.0,0.8666666666666667,0.15,1.0,0.15,1.0,1.0,1.0,0.8666666666666667,0.12,1.0,0.12,1.0,1.0,1.0,0.8666666666666667,0.1,1.0,0.1,1.0,1.0,1.0,0.8666666666666667,0.08571428571428572,1.0,0.08571428571428572,1.0,1.0,1.0,0.8666666666666667,0.075,1.0,0.075,1.0,1.0,1.0,0.8666666666666667,0.06666666666666667,1.0,0.06666666666666667,1.0,1.0,1.0,0.8666666666666667,0.06,1.0,0.06,1.0,1.0,1.0,0.8666666666666667,webtable-cl_optim-v=9-distilroberta-dj_adpt~qwen3_4b-dj_adpt,omnimatch_culture_test,9
public_art_noisy_9.pq::Descriptio,0.0,0.0,1.0,0.3333333333333333,0.0,0.0,0.0,0.6,1.0,0.6,1.0,1.0,0.5,0.6388888888888888,0.3,1.0,0.3,1.0,1.0,0.5,0.6388888888888888,0.2,1.0,0.2,1.0,1.0,0.5,0.6388888888888888,0.15,1.0,0.15,1.0,1.0,0.5,0.6388888888888888,0.12,1.0,0.12,1.0,1.0,0.5,0.6388888888888888,0.1,1.0,0.1,1.0,1.0,0.5,0.6388888888888888,0.08571428571428572,1.0,0.08571428571428572,1.0,1.0,0.5,0.6388888888888888,0.075,1.0,0.075,1.0,1.0,0.5,0.6388888888888888,0.06666666666666667,1.0,0.06666666666666667,1.0,1.0,0.5,0.6388888888888888,0.06,1.0,0.06,1.0,1.0,0.5,0.6388888888888888,webtable-cl_optim-v=9-distilroberta-dj_adpt~qwen3_4b-dj_adpt,omnimatch_culture_test,9
public_art_noisy_9.pq::Location,0.0,0.0,1.0,0.25,0.0,0.0,0.0,0.0,0.0,0.8,1.0,0.0,0.0,0.0,0.1,0.25,0.4,1.0,1.0,0.1111111111111111,0.027777777777777776,0.13333333333333333,0.5,0.26666666666666666,1.0,1.0,0.1111111111111111,0.06349206349206349,0.15,0.75,0.2,1.0,1.0,0.1111111111111111,0.10760971055088703,0.16,1.0,0.16,1.0,1.0,0.1111111111111111,0.14927637721755369,0.13333333333333333,1.0,0.13333333333333333,1.0,1.0,0.1111111111111111,0.14927637721755369,0.11428571428571428,1.0,0.11428571428571428,1.0,1.0,0.1111111111111111,0.14927637721755369,0.1,1.0,0.1,1.0,1.0,0.1111111111111111,0.14927637721755369,0.08888888888888889,1.0,0.08888888888888889,1.0,1.0,0.1111111111111111,0.14927637721755369,0.08,1.0,0.08,1.0,1.0,0.1111111111111111,0.14927637721755369,webtable-cl_optim-v=9-distilroberta-dj_adpt~qwen3_4b-dj_adpt,omnimatch_culture_test,9
public_art_noisy_9.pq::Title,0.0,0.0,1.0,0.14285714285714285,0.0,0.0,0.0,0.0,0.0,1.0,0.7142857142857143,0.0,0.0,0.0,0.2,0.2857142857142857,0.7,1.0,1.0,0.16666666666666666,0.055555555555555546,0.3333333333333333,0.7142857142857143,0.4666666666666667,1.0,1.0,0.16666666666666666,0.18624629338915052,0.3,0.8571428571428571,0.35,1.0,1.0,0.16666666666666666,0.23135907534403774,0.24,0.8571428571428571,0.28,1.0,1.0,0.16666666666666666,0.23135907534403774,0.23333333333333334,1.0,0.23333333333333334,1.0,1.0,0.16666666666666666,0.2683961123810748,0.2,1.0,0.2,1.0,1.0,0.16666666666666666,0.2683961123810748,0.175,1.0,0.175,1.0,1.0,0.16666666666666666,0.2683961123810748,0.15555555555555556,1.0,0.15555555555555556,1.0,1.0,0.16666666666666666,0.2683961123810748,0.14,1.0,0.14,1.0,1.0,0.16666666666666666,0.2683961123810748,webtable-cl_optim-v=9-distilroberta-dj_adpt~qwen3_4b-dj_adpt,omnimatch_culture_test,9
public_open_spaces_noisy_0.pq::HOURS,0.0,0.0,1.0,1.0,0.0,0.0,0.0,0.2,1.0,0.2,1.0,1.0,0.5,0.5,0.1,1.0,0.1,1.0,1.0,0.5,0.5,0.06666666666666667,1.0,0.06666666666666667,1.0,1.0,0.5,0.5,0.05,1.0,0.05,1.0,1.0,0.5,0.5,0.04,1.0,0.04,1.0,1.0,0.5,0.5,0.03333333333333333,1.0,0.03333333333333333,1.0,1.0,0.5,0.5,0.02857142857142857,1.0,0.02857142857142857,1.0,1.0,0.5,0.5,0.025,1.0,0.025,1.0,1.0,0.5,0.5,0.022222222222222223,1.0,0.022222222222222223,1.0,1.0,0.5,0.5,0.02,1.0,0.02,1.0,1.0,0.5,0.5,webtable-cl_optim-v=9-distilroberta-dj_adpt~qwen3_4b-dj_adpt,omnimatch_culture_test,9
public_open_spaces_noisy_0.pq::LANDSCAPING,1.0,1.0,1.0,1.0,1.0,1.0,1.0,0.2,1.0,0.2,1.0,1.0,1.0,1.0,0.1,1.0,0.1,1.0,1.0,1.0,1.0,0.06666666666666667,1.0,0.06666666666666667,1.0,1.0,1.0,1.0,0.05,1.0,0.05,1.0,1.0,1.0,1.0,0.04,1.0,0.04,1.0,1.0,1.0,1.0,0.03333333333333333,1.0,0.03333333333333333,1.0,1.0,1.0,1.0,0.02857142857142857,1.0,0.02857142857142857,1.0,1.0,1.0,1.0,0.025,1.0,0.025,1.0,1.0,1.0,1.0,0.022222222222222223,1.0,0.022222222222222223,1.0,1.0,1.0,1.0,0.02,1.0,0.02,1.0,1.0,1.0,1.0,webtable-cl_optim-v=9-distilroberta-dj_adpt~qwen3_4b-dj_adpt,omnimatch_culture_test,9
public_open_spaces_noisy_0.pq::NAME,0.0,0.0,1.0,0.5,0.0,0.0,0.0,0.2,0.5,0.4,1.0,1.0,0.5,0.25,0.2,1.0,0.2,1.0,1.0,0.5,0.39285714285714285,0.13333333333333333,1.0,0.13333333333333333,1.0,1.0,0.5,0.39285714285714285,0.1,1.0,0.1,1.0,1.0,0.5,0.39285714285714285,0.08,1.0,0.08,1.0,1.0,0.5,0.39285714285714285,0.06666666666666667,1.0,0.06666666666666667,1.0,1.0,0.5,0.39285714285714285,0.05714285714285714,1.0,0.05714285714285714,1.0,1.0,0.5,0.39285714285714285,0.05,1.0,0.05,1.0,1.0,0.5,0.39285714285714285,0.044444444444444446,1.0,0.044444444444444446,1.0,1.0,0.5,0.39285714285714285,0.04,1.0,0.04,1.0,1.0,0.5,0.39285714285714285,webtable-cl_optim-v=9-distilroberta-dj_adpt~qwen3_4b-dj_adpt,omnimatch_culture_test,9
public_open_spaces_noisy_0.pq::POPOS_ADDRESS,0.0,0.0,1.0,1.0,0.0,0.0,0.0,0.0,0.0,0.2,1.0,0.0,0.0,0.0,0.1,1.0,0.1,1.0,1.0,0.1111111111111111,0.1111111111111111,0.06666666666666667,1.0,0.06666666666666667,1.0,1.0,0.1111111111111111,0.1111111111111111,0.05,1.0,0.05,1.0,1.0,0.1111111111111111,0.1111111111111111,0.04,1.0,0.04,1.0,1.0,0.1111111111111111,0.1111111111111111,0.03333333333333333,1.0,0.03333333333333333,1.0,1.0,0.1111111111111111,0.1111111111111111,0.02857142857142857,1.0,0.02857142857142857,1.0,1.0,0.1111111111111111,0.1111111111111111,0.025,1.0,0.025,1.0,1.0,0.1111111111111111,0.1111111111111111,0.022222222222222223,1.0,0.022222222222222223,1.0,1.0,0.1111111111111111,0.1111111111111111,0.02,1.0,0.02,1.0,1.0,0.1111111111111111,0.1111111111111111,webtable-cl_optim-v=9-distilroberta-dj_adpt~qwen3_4b-dj_adpt,omnimatch_culture_test,9
public_open_spaces_noisy_0.pq::TYPE,0.0,0.0,1.0,1.0,0.0,0.0,0.0,0.0,0.0,0.2,1.0,0.0,0.0,0.0,0.1,1.0,0.1,1.0,1.0,0.125,0.125,0.06666666666666667,1.0,0.06666666666666667,1.0,1.0,0.125,0.125,0.05,1.0,0.05,1.0,1.0,0.125,0.125,0.04,1.0,0.04,1.0,1.0,0.125,0.125,0.03333333333333333,1.0,0.03333333333333333,1.0,1.0,0.125,0.125,0.02857142857142857,1.0,0.02857142857142857,1.0,1.0,0.125,0.125,0.025,1.0,0.025,1.0,1.0,0.125,0.125,0.022222222222222223,1.0,0.022222222222222223,1.0,1.0,0.125,0.125,0.02,1.0,0.02,1.0,1.0,0.125,0.125,webtable-cl_optim-v=9-distilroberta-dj_adpt~qwen3_4b-dj_adpt,omnimatch_culture_test,9
public_open_spaces_noisy_1.pq::Description,0.0,0.0,1.0,1.0,0.0,0.0,0.0,0.2,1.0,0.2,1.0,1.0,0.5,0.5,0.1,1.0,0.1,1.0,1.0,0.5,0.5,0.06666666666666667,1.0,0.06666666666666667,1.0,1.0,0.5,0.5,0.05,1.0,0.05,1.0,1.0,0.5,0.5,0.04,1.0,0.04,1.0,1.0,0.5,0.5,0.03333333333333333,1.0,0.03333333333333333,1.0,1.0,0.5,0.5,0.02857142857142857,1.0,0.02857142857142857,1.0,1.0,0.5,0.5,0.025,1.0,0.025,1.0,1.0,0.5,0.5,0.022222222222222223,1.0,0.022222222222222223,1.0,1.0,0.5,0.5,0.02,1.0,0.02,1.0,1.0,0.5,0.5,webtable-cl_optim-v=9-distilroberta-dj_adpt~qwen3_4b-dj_adpt,omnimatch_culture_test,9
public_open_spaces_noisy_1.pq::LOCATION,0.0,0.0,1.0,1.0,0.0,0.0,0.0,0.2,1.0,0.2,1.0,1.0,0.5,0.5,0.1,1.0,0.1,1.0,1.0,0.5,0.5,0.06666666666666667,1.0,0.06666666666666667,1.0,1.0,0.5,0.5,0.05,1.0,0.05,1.0,1.0,0.5,0.5,0.04,1.0,0.04,1.0,1.0,0.5,0.5,0.03333333333333333,1.0,0.03333333333333333,1.0,1.0,0.5,0.5,0.02857142857142857,1.0,0.02857142857142857,1.0,1.0,0.5,0.5,0.025,1.0,0.025,1.0,1.0,0.5,0.5,0.022222222222222223,1.0,0.022222222222222223,1.0,1.0,0.5,0.5,0.02,1.0,0.02,1.0,1.0,0.5,0.5,webtable-cl_optim-v=9-distilroberta-dj_adpt~qwen3_4b-dj_adpt,omnimatch_culture_test,9
public_open_spaces_noisy_1.pq::NAME,0.0,0.0,1.0,0.25,0.0,0.0,0.0,0.4,0.5,0.8,1.0,1.0,0.5,0.25,0.4,1.0,0.4,1.0,1.0,0.5,0.5,0.26666666666666666,1.0,0.26666666666666666,1.0,1.0,0.5,0.5,0.2,1.0,0.2,1.0,1.0,0.5,0.5,0.16,1.0,0.16,1.0,1.0,0.5,0.5,0.13333333333333333,1.0,0.13333333333333333,1.0,1.0,0.5,0.5,0.11428571428571428,1.0,0.11428571428571428,1.0,1.0,0.5,0.5,0.1,1.0,0.1,1.0,1.0,0.5,0.5,0.08888888888888889,1.0,0.08888888888888889,1.0,1.0,0.5,0.5,0.08,1.0,0.08,1.0,1.0,0.5,0.5,webtable-cl_optim-v=9-distilroberta-dj_adpt~qwen3_4b-dj_adpt,omnimatch_culture_test,9
public_open_spaces_noisy_1.pq::SEATING_No,0.0,0.0,1.0,1.0,0.0,0.0,0.0,0.2,1.0,0.2,1.0,1.0,0.5,0.5,0.1,1.0,0.1,1.0,1.0,0.5,0.5,0.06666666666666667,1.0,0.06666666666666667,1.0,1.0,0.5,0.5,0.05,1.0,0.05,1.0,1.0,0.5,0.5,0.04,1.0,0.04,1.0,1.0,0.5,0.5,0.03333333333333333,1.0,0.03333333333333333,1.0,1.0,0.5,0.5,0.02857142857142857,1.0,0.02857142857142857,1.0,1.0,0.5,0.5,0.025,1.0,0.025,1.0,1.0,0.5,0.5,0.022222222222222223,1.0,0.022222222222222223,1.0,1.0,0.5,0.5,0.02,1.0,0.02,1.0,1.0,0.5,0.5,webtable-cl_optim-v=9-distilroberta-dj_adpt~qwen3_4b-dj_adpt,omnimatch_culture_test,9
public_open_spaces_noisy_1.pq::Signage,0.0,0.0,1.0,1.0,0.0,0.0,0.0,0.2,1.0,0.2,1.0,1.0,0.3333333333333333,0.3333333333333333,0.1,1.0,0.1,1.0,1.0,0.3333333333333333,0.3333333333333333,0.06666666666666667,1.0,0.06666666666666667,1.0,1.0,0.3333333333333333,0.3333333333333333,0.05,1.0,0.05,1.0,1.0,0.3333333333333333,0.3333333333333333,0.04,1.0,0.04,1.0,1.0,0.3333333333333333,0.3333333333333333,0.03333333333333333,1.0,0.03333333333333333,1.0,1.0,0.3333333333333333,0.3333333333333333,0.02857142857142857,1.0,0.02857142857142857,1.0,1.0,0.3333333333333333,0.3333333333333333,0.025,1.0,0.025,1.0,1.0,0.3333333333333333,0.3333333333333333,0.022222222222222223,1.0,0.022222222222222223,1.0,1.0,0.3333333333333333,0.3333333333333333,0.02,1.0,0.02,1.0,1.0,0.3333333333333333,0.3333333333333333,webtable-cl_optim-v=9-distilroberta-dj_adpt~qwen3_4b-dj_adpt,omnimatch_culture_test,9
public_open_spaces_noisy_1.pq::YEAR,0.0,0.0,1.0,1.0,0.0,0.0,0.0,0.2,1.0,0.2,1.0,1.0,0.3333333333333333,0.3333333333333333,0.1,1.0,0.1,1.0,1.0,0.3333333333333333,0.3333333333333333,0.06666666666666667,1.0,0.06666666666666667,1.0,1.0,0.3333333333333333,0.3333333333333333,0.05,1.0,0.05,1.0,1.0,0.3333333333333333,0.3333333333333333,0.04,1.0,0.04,1.0,1.0,0.3333333333333333,0.3333333333333333,0.03333333333333333,1.0,0.03333333333333333,1.0,1.0,0.3333333333333333,0.3333333333333333,0.02857142857142857,1.0,0.02857142857142857,1.0,1.0,0.3333333333333333,0.3333333333333333,0.025,1.0,0.025,1.0,1.0,0.3333333333333333,0.3333333333333333,0.022222222222222223,1.0,0.022222222222222223,1.0,1.0,0.3333333333333333,0.3333333333333333,0.02,1.0,0.02,1.0,1.0,0.3333333333333333,0.3333333333333333,webtable-cl_optim-v=9-distilroberta-dj_adpt~qwen3_4b-dj_adpt,omnimatch_culture_test,9
public_open_spaces_noisy_3.pq::Description,1.0,0.25,1.0,0.25,1.0,1.0,0.25,0.8,1.0,0.8,1.0,1.0,1.0,0.95,0.4,1.0,0.4,1.0,1.0,1.0,0.95,0.26666666666666666,1.0,0.26666666666666666,1.0,1.0,1.0,0.95,0.2,1.0,0.2,1.0,1.0,1.0,0.95,0.16,1.0,0.16,1.0,1.0,1.0,0.95,0.13333333333333333,1.0,0.13333333333333333,1.0,1.0,1.0,0.95,0.11428571428571428,1.0,0.11428571428571428,1.0,1.0,1.0,0.95,0.1,1.0,0.1,1.0,1.0,1.0,0.95,0.08888888888888889,1.0,0.08888888888888889,1.0,1.0,1.0,0.95,0.08,1.0,0.08,1.0,1.0,1.0,0.95,webtable-cl_optim-v=9-distilroberta-dj_adpt~qwen3_4b-dj_adpt,omnimatch_culture_test,9
public_open_spaces_noisy_3.pq::LOCATION,1.0,0.25,1.0,0.25,1.0,1.0,0.25,0.8,1.0,0.8,1.0,1.0,1.0,0.8875,0.4,1.0,0.4,1.0,1.0,1.0,0.8875,0.26666666666666666,1.0,0.26666666666666666,1.0,1.0,1.0,0.8875,0.2,1.0,0.2,1.0,1.0,1.0,0.8875,0.16,1.0,0.16,1.0,1.0,1.0,0.8875,0.13333333333333333,1.0,0.13333333333333333,1.0,1.0,1.0,0.8875,0.11428571428571428,1.0,0.11428571428571428,1.0,1.0,1.0,0.8875,0.1,1.0,0.1,1.0,1.0,1.0,0.8875,0.08888888888888889,1.0,0.08888888888888889,1.0,1.0,1.0,0.8875,0.08,1.0,0.08,1.0,1.0,1.0,0.8875,webtable-cl_optim-v=9-distilroberta-dj_adpt~qwen3_4b-dj_adpt,omnimatch_culture_test,9
public_open_spaces_noisy_3.pq::NAME,0.0,0.0,1.0,0.125,0.0,0.0,0.0,0.0,0.0,1.0,0.625,0.0,0.0,0.0,0.0,0.0,0.8,1.0,0.0,0.0,0.0,0.0,0.0,0.5333333333333333,1.0,0.0,0.0,0.0,0.05,0.125,0.4,1.0,1.0,0.05,0.00625,0.08,0.25,0.32,1.0,1.0,0.05,0.018154761904761903,0.1,0.375,0.26666666666666666,1.0,1.0,0.05,0.03154761904761905,0.11428571428571428,0.5,0.22857142857142856,1.0,1.0,0.05,0.04767665130568356,0.125,0.625,0.2,1.0,1.0,0.05,0.06412401972673619,0.13333333333333333,0.75,0.17777777777777778,1.0,1.0,0.05,0.08198116258387905,0.14,0.875,0.16,1.0,1.0,0.05,0.10021032925054571,webtable-cl_optim-v=9-distilroberta-dj_adpt~qwen3_4b-dj_adpt,omnimatch_culture_test,9
public_open_spaces_noisy_3.pq::SEATING_No,1.0,0.25,1.0,0.25,1.0,1.0,0.25,0.8,1.0,0.8,1.0,1.0,1.0,0.8875,0.4,1.0,0.4,1.0,1.0,1.0,0.8875,0.26666666666666666,1.0,0.26666666666666666,1.0,1.0,1.0,0.8875,0.2,1.0,0.2,1.0,1.0,1.0,0.8875,0.16,1.0,0.16,1.0,1.0,1.0,0.8875,0.13333333333333333,1.0,0.13333333333333333,1.0,1.0,1.0,0.8875,0.11428571428571428,1.0,0.11428571428571428,1.0,1.0,1.0,0.8875,0.1,1.0,0.1,1.0,1.0,1.0,0.8875,0.08888888888888889,1.0,0.08888888888888889,1.0,1.0,1.0,0.8875,0.08,1.0,0.08,1.0,1.0,1.0,0.8875,webtable-cl_optim-v=9-distilroberta-dj_adpt~qwen3_4b-dj_adpt,omnimatch_culture_test,9
public_open_spaces_noisy_3.pq::Signage,1.0,0.25,1.0,0.25,1.0,1.0,0.25,0.8,1.0,0.8,1.0,1.0,1.0,1.0,0.4,1.0,0.4,1.0,1.0,1.0,1.0,0.26666666666666666,1.0,0.26666666666666666,1.0,1.0,1.0,1.0,0.2,1.0,0.2,1.0,1.0,1.0,1.0,0.16,1.0,0.16,1.0,1.0,1.0,1.0,0.13333333333333333,1.0,0.13333333333333333,1.0,1.0,1.0,1.0,0.11428571428571428,1.0,0.11428571428571428,1.0,1.0,1.0,1.0,0.1,1.0,0.1,1.0,1.0,1.0,1.0,0.08888888888888889,1.0,0.08888888888888889,1.0,1.0,1.0,1.0,0.08,1.0,0.08,1.0,1.0,1.0,1.0,webtable-cl_optim-v=9-distilroberta-dj_adpt~qwen3_4b-dj_adpt,omnimatch_culture_test,9
public_open_spaces_noisy_3.pq::YEAR,1.0,0.25,1.0,0.25,1.0,1.0,0.25,0.6,0.75,0.8,1.0,1.0,1.0,0.65,0.4,1.0,0.4,1.0,1.0,1.0,0.7611111111111111,0.26666666666666666,1.0,0.26666666666666666,1.0,1.0,1.0,0.7611111111111111,0.2,1.0,0.2,1.0,1.0,1.0,0.7611111111111111,0.16,1.0,0.16,1.0,1.0,1.0,0.7611111111111111,0.13333333333333333,1.0,0.13333333333333333,1.0,1.0,1.0,0.7611111111111111,0.11428571428571428,1.0,0.11428571428571428,1.0,1.0,1.0,0.7611111111111111,0.1,1.0,0.1,1.0,1.0,1.0,0.7611111111111111,0.08888888888888889,1.0,0.08888888888888889,1.0,1.0,1.0,0.7611111111111111,0.08,1.0,0.08,1.0,1.0,1.0,0.7611111111111111,webtable-cl_optim-v=9-distilroberta-dj_adpt~qwen3_4b-dj_adpt,omnimatch_culture_test,9
public_open_spaces_noisy_4.pq::Description,1.0,0.2,1.0,0.2,1.0,1.0,0.2,0.8,0.8,1.0,1.0,1.0,1.0,0.76,0.5,1.0,0.5,1.0,1.0,1.0,0.9028571428571428,0.3333333333333333,1.0,0.3333333333333333,1.0,1.0,1.0,0.9028571428571428,0.25,1.0,0.25,1.0,1.0,1.0,0.9028571428571428,0.2,1.0,0.2,1.0,1.0,1.0,0.9028571428571428,0.16666666666666666,1.0,0.16666666666666666,1.0,1.0,1.0,0.9028571428571428,0.14285714285714285,1.0,0.14285714285714285,1.0,1.0,1.0,0.9028571428571428,0.125,1.0,0.125,1.0,1.0,1.0,0.9028571428571428,0.1111111111111111,1.0,0.1111111111111111,1.0,1.0,1.0,0.9028571428571428,0.1,1.0,0.1,1.0,1.0,1.0,0.9028571428571428,webtable-cl_optim-v=9-distilroberta-dj_adpt~qwen3_4b-dj_adpt,omnimatch_culture_test,9
public_open_spaces_noisy_4.pq::HOURS,1.0,0.25,1.0,0.25,1.0,1.0,0.25,0.8,1.0,0.8,1.0,1.0,1.0,1.0,0.4,1.0,0.4,1.0,1.0,1.0,1.0,0.26666666666666666,1.0,0.26666666666666666,1.0,1.0,1.0,1.0,0.2,1.0,0.2,1.0,1.0,1.0,1.0,0.16,1.0,0.16,1.0,1.0,1.0,1.0,0.13333333333333333,1.0,0.13333333333333333,1.0,1.0,1.0,1.0,0.11428571428571428,1.0,0.11428571428571428,1.0,1.0,1.0,1.0,0.1,1.0,0.1,1.0,1.0,1.0,1.0,0.08888888888888889,1.0,0.08888888888888889,1.0,1.0,1.0,1.0,0.08,1.0,0.08,1.0,1.0,1.0,1.0,webtable-cl_optim-v=9-distilroberta-dj_adpt~qwen3_4b-dj_adpt,omnimatch_culture_test,9
public_open_spaces_noisy_4.pq::NAME,1.0,0.1111111111111111,1.0,0.1111111111111111,1.0,1.0,0.1111111111111111,1.0,0.5555555555555556,1.0,0.5555555555555556,1.0,1.0,0.5555555555555556,0.9,1.0,0.9,1.0,1.0,1.0,1.0,0.6,1.0,0.6,1.0,1.0,1.0,1.0,0.45,1.0,0.45,1.0,1.0,1.0,1.0,0.36,1.0,0.36,1.0,1.0,1.0,1.0,0.3,1.0,0.3,1.0,1.0,1.0,1.0,0.2571428571428571,1.0,0.2571428571428571,1.0,1.0,1.0,1.0,0.225,1.0,0.225,1.0,1.0,1.0,1.0,0.2,1.0,0.2,1.0,1.0,1.0,1.0,0.18,1.0,0.18,1.0,1.0,1.0,1.0,webtable-cl_optim-v=9-distilroberta-dj_adpt~qwen3_4b-dj_adpt,omnimatch_culture_test,9
public_open_spaces_noisy_4.pq::POPOS_ADDRESS,1.0,0.25,1.0,0.25,1.0,1.0,0.25,0.2,0.25,0.8,1.0,1.0,1.0,0.25,0.1,0.25,0.4,1.0,1.0,1.0,0.25,0.13333333333333333,0.5,0.26666666666666666,1.0,1.0,1.0,0.2833333333333333,0.2,1.0,0.2,1.0,1.0,1.0,0.38903186274509804,0.16,1.0,0.16,1.0,1.0,1.0,0.38903186274509804,0.13333333333333333,1.0,0.13333333333333333,1.0,1.0,1.0,0.38903186274509804,0.11428571428571428,1.0,0.11428571428571428,1.0,1.0,1.0,0.38903186274509804,0.1,1.0,0.1,1.0,1.0,1.0,0.38903186274509804,0.08888888888888889,1.0,0.08888888888888889,1.0,1.0,1.0,0.38903186274509804,0.08,1.0,0.08,1.0,1.0,1.0,0.38903186274509804,webtable-cl_optim-v=9-distilroberta-dj_adpt~qwen3_4b-dj_adpt,omnimatch_culture_test,9
public_open_spaces_noisy_4.pq::SEATING_No,1.0,0.2,1.0,0.2,1.0,1.0,0.2,1.0,1.0,1.0,1.0,1.0,1.0,1.0,0.5,1.0,0.5,1.0,1.0,1.0,1.0,0.3333333333333333,1.0,0.3333333333333333,1.0,1.0,1.0,1.0,0.25,1.0,0.25,1.0,1.0,1.0,1.0,0.2,1.0,0.2,1.0,1.0,1.0,1.0,0.16666666666666666,1.0,0.16666666666666666,1.0,1.0,1.0,1.0,0.14285714285714285,1.0,0.14285714285714285,1.0,1.0,1.0,1.0,0.125,1.0,0.125,1.0,1.0,1.0,1.0,0.1111111111111111,1.0,0.1111111111111111,1.0,1.0,1.0,1.0,0.1,1.0,0.1,1.0,1.0,1.0,1.0,webtable-cl_optim-v=9-distilroberta-dj_adpt~qwen3_4b-dj_adpt,omnimatch_culture_test,9
public_open_spaces_noisy_4.pq::TYPE,1.0,0.25,1.0,0.25,1.0,1.0,0.25,0.2,0.25,0.8,1.0,1.0,1.0,0.25,0.1,0.25,0.4,1.0,1.0,1.0,0.25,0.26666666666666666,1.0,0.26666666666666666,1.0,1.0,1.0,0.4086996336996337,0.2,1.0,0.2,1.0,1.0,1.0,0.4086996336996337,0.16,1.0,0.16,1.0,1.0,1.0,0.4086996336996337,0.13333333333333333,1.0,0.13333333333333333,1.0,1.0,1.0,0.4086996336996337,0.11428571428571428,1.0,0.11428571428571428,1.0,1.0,1.0,0.4086996336996337,0.1,1.0,0.1,1.0,1.0,1.0,0.4086996336996337,0.08888888888888889,1.0,0.08888888888888889,1.0,1.0,1.0,0.4086996336996337,0.08,1.0,0.08,1.0,1.0,1.0,0.4086996336996337,webtable-cl_optim-v=9-distilroberta-dj_adpt~qwen3_4b-dj_adpt,omnimatch_culture_test,9
public_open_spaces_noisy_5.pq::Description,0.0,0.0,1.0,0.5,0.0,0.0,0.0,0.4,1.0,0.4,1.0,1.0,0.5,0.45,0.2,1.0,0.2,1.0,1.0,0.5,0.45,0.13333333333333333,1.0,0.13333333333333333,1.0,1.0,0.5,0.45,0.1,1.0,0.1,1.0,1.0,0.5,0.45,0.08,1.0,0.08,1.0,1.0,0.5,0.45,0.06666666666666667,1.0,0.06666666666666667,1.0,1.0,0.5,0.45,0.05714285714285714,1.0,0.05714285714285714,1.0,1.0,0.5,0.45,0.05,1.0,0.05,1.0,1.0,0.5,0.45,0.044444444444444446,1.0,0.044444444444444446,1.0,1.0,0.5,0.45,0.04,1.0,0.04,1.0,1.0,0.5,0.45,webtable-cl_optim-v=9-distilroberta-dj_adpt~qwen3_4b-dj_adpt,omnimatch_culture_test,9
public_open_spaces_noisy_5.pq::LANDSCAPING,1.0,0.3333333333333333,1.0,0.3333333333333333,1.0,1.0,0.3333333333333333,0.6,1.0,0.6,1.0,1.0,1.0,0.9166666666666666,0.3,1.0,0.3,1.0,1.0,1.0,0.9166666666666666,0.2,1.0,0.2,1.0,1.0,1.0,0.9166666666666666,0.15,1.0,0.15,1.0,1.0,1.0,0.9166666666666666,0.12,1.0,0.12,1.0,1.0,1.0,0.9166666666666666,0.1,1.0,0.1,1.0,1.0,1.0,0.9166666666666666,0.08571428571428572,1.0,0.08571428571428572,1.0,1.0,1.0,0.9166666666666666,0.075,1.0,0.075,1.0,1.0,1.0,0.9166666666666666,0.06666666666666667,1.0,0.06666666666666667,1.0,1.0,1.0,0.9166666666666666,0.06,1.0,0.06,1.0,1.0,1.0,0.9166666666666666,webtable-cl_optim-v=9-distilroberta-dj_adpt~qwen3_4b-dj_adpt,omnimatch_culture_test,9
public_open_spaces_noisy_5.pq::LOCATION,0.0,0.0,1.0,0.5,0.0,0.0,0.0,0.4,1.0,0.4,1.0,1.0,0.5,0.45,0.2,1.0,0.2,1.0,1.0,0.5,0.45,0.13333333333333333,1.0,0.13333333333333333,1.0,1.0,0.5,0.45,0.1,1.0,0.1,1.0,1.0,0.5,0.45,0.08,1.0,0.08,1.0,1.0,0.5,0.45,0.06666666666666667,1.0,0.06666666666666667,1.0,1.0,0.5,0.45,0.05714285714285714,1.0,0.05714285714285714,1.0,1.0,0.5,0.45,0.05,1.0,0.05,1.0,1.0,0.5,0.45,0.044444444444444446,1.0,0.044444444444444446,1.0,1.0,0.5,0.45,0.04,1.0,0.04,1.0,1.0,0.5,0.45,webtable-cl_optim-v=9-distilroberta-dj_adpt~qwen3_4b-dj_adpt,omnimatch_culture_test,9
public_open_spaces_noisy_5.pq::NAME,0.0,0.0,1.0,0.2,0.0,0.0,0.0,0.4,0.4,1.0,1.0,1.0,0.5,0.2,0.5,1.0,0.5,1.0,1.0,0.5,0.5392857142857143,0.3333333333333333,1.0,0.3333333333333333,1.0,1.0,0.5,0.5392857142857143,0.25,1.0,0.25,1.0,1.0,0.5,0.5392857142857143,0.2,1.0,0.2,1.0,1.0,0.5,0.5392857142857143,0.16666666666666666,1.0,0.16666666666666666,1.0,1.0,0.5,0.5392857142857143,0.14285714285714285,1.0,0.14285714285714285,1.0,1.0,0.5,0.5392857142857143,0.125,1.0,0.125,1.0,1.0,0.5,0.5392857142857143,0.1111111111111111,1.0,0.1111111111111111,1.0,1.0,0.5,0.5392857142857143,0.1,1.0,0.1,1.0,1.0,0.5,0.5392857142857143,webtable-cl_optim-v=9-distilroberta-dj_adpt~qwen3_4b-dj_adpt,omnimatch_culture_test,9
public_open_spaces_noisy_5.pq::SEATING_No,1.0,0.5,1.0,0.5,1.0,1.0,0.5,0.4,1.0,0.4,1.0,1.0,1.0,0.8333333333333333,0.2,1.0,0.2,1.0,1.0,1.0,0.8333333333333333,0.13333333333333333,1.0,0.13333333333333333,1.0,1.0,1.0,0.8333333333333333,0.1,1.0,0.1,1.0,1.0,1.0,0.8333333333333333,0.08,1.0,0.08,1.0,1.0,1.0,0.8333333333333333,0.06666666666666667,1.0,0.06666666666666667,1.0,1.0,1.0,0.8333333333333333,0.05714285714285714,1.0,0.05714285714285714,1.0,1.0,1.0,0.8333333333333333,0.05,1.0,0.05,1.0,1.0,1.0,0.8333333333333333,0.044444444444444446,1.0,0.044444444444444446,1.0,1.0,1.0,0.8333333333333333,0.04,1.0,0.04,1.0,1.0,1.0,0.8333333333333333,webtable-cl_optim-v=9-distilroberta-dj_adpt~qwen3_4b-dj_adpt,omnimatch_culture_test,9
public_open_spaces_noisy_5.pq::Signage,1.0,0.5,1.0,0.5,1.0,1.0,0.5,0.4,1.0,0.4,1.0,1.0,1.0,0.8333333333333333,0.2,1.0,0.2,1.0,1.0,1.0,0.8333333333333333,0.13333333333333333,1.0,0.13333333333333333,1.0,1.0,1.0,0.8333333333333333,0.1,1.0,0.1,1.0,1.0,1.0,0.8333333333333333,0.08,1.0,0.08,1.0,1.0,1.0,0.8333333333333333,0.06666666666666667,1.0,0.06666666666666667,1.0,1.0,1.0,0.8333333333333333,0.05714285714285714,1.0,0.05714285714285714,1.0,1.0,1.0,0.8333333333333333,0.05,1.0,0.05,1.0,1.0,1.0,0.8333333333333333,0.044444444444444446,1.0,0.044444444444444446,1.0,1.0,1.0,0.8333333333333333,0.04,1.0,0.04,1.0,1.0,1.0,0.8333333333333333,webtable-cl_optim-v=9-distilroberta-dj_adpt~qwen3_4b-dj_adpt,omnimatch_culture_test,9
public_open_spaces_noisy_5.pq::YEAR,0.0,0.0,1.0,0.5,0.0,0.0,0.0,0.4,1.0,0.4,1.0,1.0,0.5,0.5,0.2,1.0,0.2,1.0,1.0,0.5,0.5,0.13333333333333333,1.0,0.13333333333333333,1.0,1.0,0.5,0.5,0.1,1.0,0.1,1.0,1.0,0.5,0.5,0.08,1.0,0.08,1.0,1.0,0.5,0.5,0.06666666666666667,1.0,0.06666666666666667,1.0,1.0,0.5,0.5,0.05714285714285714,1.0,0.05714285714285714,1.0,1.0,0.5,0.5,0.05,1.0,0.05,1.0,1.0,0.5,0.5,0.044444444444444446,1.0,0.044444444444444446,1.0,1.0,0.5,0.5,0.04,1.0,0.04,1.0,1.0,0.5,0.5,webtable-cl_optim-v=9-distilroberta-dj_adpt~qwen3_4b-dj_adpt,omnimatch_culture_test,9
public_open_spaces_noisy_6.pq::HOURS,1.0,0.5,1.0,0.5,1.0,1.0,0.5,0.4,1.0,0.4,1.0,1.0,1.0,1.0,0.2,1.0,0.2,1.0,1.0,1.0,1.0,0.13333333333333333,1.0,0.13333333333333333,1.0,1.0,1.0,1.0,0.1,1.0,0.1,1.0,1.0,1.0,1.0,0.08,1.0,0.08,1.0,1.0,1.0,1.0,0.06666666666666667,1.0,0.06666666666666667,1.0,1.0,1.0,1.0,0.05714285714285714,1.0,0.05714285714285714,1.0,1.0,1.0,1.0,0.05,1.0,0.05,1.0,1.0,1.0,1.0,0.044444444444444446,1.0,0.044444444444444446,1.0,1.0,1.0,1.0,0.04,1.0,0.04,1.0,1.0,1.0,1.0,webtable-cl_optim-v=9-distilroberta-dj_adpt~qwen3_4b-dj_adpt,omnimatch_culture_test,9
public_open_spaces_noisy_6.pq::LANDSCAPING,1.0,0.5,1.0,0.5,1.0,1.0,0.5,0.4,1.0,0.4,1.0,1.0,1.0,0.8333333333333333,0.2,1.0,0.2,1.0,1.0,1.0,0.8333333333333333,0.13333333333333333,1.0,0.13333333333333333,1.0,1.0,1.0,0.8333333333333333,0.1,1.0,0.1,1.0,1.0,1.0,0.8333333333333333,0.08,1.0,0.08,1.0,1.0,1.0,0.8333333333333333,0.06666666666666667,1.0,0.06666666666666667,1.0,1.0,1.0,0.8333333333333333,0.05714285714285714,1.0,0.05714285714285714,1.0,1.0,1.0,0.8333333333333333,0.05,1.0,0.05,1.0,1.0,1.0,0.8333333333333333,0.044444444444444446,1.0,0.044444444444444446,1.0,1.0,1.0,0.8333333333333333,0.04,1.0,0.04,1.0,1.0,1.0,0.8333333333333333,webtable-cl_optim-v=9-distilroberta-dj_adpt~qwen3_4b-dj_adpt,omnimatch_culture_test,9
public_open_spaces_noisy_6.pq::NAME,0.0,0.0,1.0,0.3333333333333333,0.0,0.0,0.0,0.4,0.6666666666666666,0.6,1.0,1.0,0.5,0.3,0.3,1.0,0.3,1.0,1.0,0.5,0.425,0.2,1.0,0.2,1.0,1.0,0.5,0.425,0.15,1.0,0.15,1.0,1.0,0.5,0.425,0.12,1.0,0.12,1.0,1.0,0.5,0.425,0.1,1.0,0.1,1.0,1.0,0.5,0.425,0.08571428571428572,1.0,0.08571428571428572,1.0,1.0,0.5,0.425,0.075,1.0,0.075,1.0,1.0,0.5,0.425,0.06666666666666667,1.0,0.06666666666666667,1.0,1.0,0.5,0.425,0.06,1.0,0.06,1.0,1.0,0.5,0.425,webtable-cl_optim-v=9-distilroberta-dj_adpt~qwen3_4b-dj_adpt,omnimatch_culture_test,9
public_open_spaces_noisy_6.pq::POPOS_ADDRESS,0.0,0.0,1.0,0.5,0.0,0.0,0.0,0.2,0.5,0.4,1.0,1.0,0.3333333333333333,0.16666666666666666,0.1,0.5,0.2,1.0,1.0,0.3333333333333333,0.16666666666666666,0.13333333333333333,1.0,0.13333333333333333,1.0,1.0,0.3333333333333333,0.23333333333333334,0.1,1.0,0.1,1.0,1.0,0.3333333333333333,0.23333333333333334,0.08,1.0,0.08,1.0,1.0,0.3333333333333333,0.23333333333333334,0.06666666666666667,1.0,0.06666666666666667,1.0,1.0,0.3333333333333333,0.23333333333333334,0.05714285714285714,1.0,0.05714285714285714,1.0,1.0,0.3333333333333333,0.23333333333333334,0.05,1.0,0.05,1.0,1.0,0.3333333333333333,0.23333333333333334,0.044444444444444446,1.0,0.044444444444444446,1.0,1.0,0.3333333333333333,0.23333333333333334,0.04,1.0,0.04,1.0,1.0,0.3333333333333333,0.23333333333333334,webtable-cl_optim-v=9-distilroberta-dj_adpt~qwen3_4b-dj_adpt,omnimatch_culture_test,9
public_open_spaces_noisy_6.pq::TYPE,1.0,0.5,1.0,0.5,1.0,1.0,0.5,0.2,0.5,0.4,1.0,1.0,1.0,0.5,0.2,1.0,0.2,1.0,1.0,1.0,0.625,0.13333333333333333,1.0,0.13333333333333333,1.0,1.0,1.0,0.625,0.1,1.0,0.1,1.0,1.0,1.0,0.625,0.08,1.0,0.08,1.0,1.0,1.0,0.625,0.06666666666666667,1.0,0.06666666666666667,1.0,1.0,1.0,0.625,0.05714285714285714,1.0,0.05714285714285714,1.0,1.0,1.0,0.625,0.05,1.0,0.05,1.0,1.0,1.0,0.625,0.044444444444444446,1.0,0.044444444444444446,1.0,1.0,1.0,0.625,0.04,1.0,0.04,1.0,1.0,1.0,0.625,webtable-cl_optim-v=9-distilroberta-dj_adpt~qwen3_4b-dj_adpt,omnimatch_culture_test,9
public_open_spaces_noisy_7.pq::NAME,0.0,0.0,1.0,1.0,0.0,0.0,0.0,0.2,1.0,0.2,1.0,1.0,0.25,0.25,0.1,1.0,0.1,1.0,1.0,0.25,0.25,0.06666666666666667,1.0,0.06666666666666667,1.0,1.0,0.25,0.25,0.05,1.0,0.05,1.0,1.0,0.25,0.25,0.04,1.0,0.04,1.0,1.0,0.25,0.25,0.03333333333333333,1.0,0.03333333333333333,1.0,1.0,0.25,0.25,0.02857142857142857,1.0,0.02857142857142857,1.0,1.0,0.25,0.25,0.025,1.0,0.025,1.0,1.0,0.25,0.25,0.022222222222222223,1.0,0.022222222222222223,1.0,1.0,0.25,0.25,0.02,1.0,0.02,1.0,1.0,0.25,0.25,webtable-cl_optim-v=9-distilroberta-dj_adpt~qwen3_4b-dj_adpt,omnimatch_culture_test,9
public_open_spaces_noisy_8.pq::HOURS,1.0,0.3333333333333333,1.0,0.3333333333333333,1.0,1.0,0.3333333333333333,0.6,1.0,0.6,1.0,1.0,1.0,0.8055555555555555,0.3,1.0,0.3,1.0,1.0,1.0,0.8055555555555555,0.2,1.0,0.2,1.0,1.0,1.0,0.8055555555555555,0.15,1.0,0.15,1.0,1.0,1.0,0.8055555555555555,0.12,1.0,0.12,1.0,1.0,1.0,0.8055555555555555,0.1,1.0,0.1,1.0,1.0,1.0,0.8055555555555555,0.08571428571428572,1.0,0.08571428571428572,1.0,1.0,1.0,0.8055555555555555,0.075,1.0,0.075,1.0,1.0,1.0,0.8055555555555555,0.06666666666666667,1.0,0.06666666666666667,1.0,1.0,1.0,0.8055555555555555,0.06,1.0,0.06,1.0,1.0,1.0,0.8055555555555555,webtable-cl_optim-v=9-distilroberta-dj_adpt~qwen3_4b-dj_adpt,omnimatch_culture_test,9
public_open_spaces_noisy_8.pq::LANDSCAPING,1.0,0.25,1.0,0.25,1.0,1.0,0.25,0.8,1.0,0.8,1.0,1.0,1.0,1.0,0.4,1.0,0.4,1.0,1.0,1.0,1.0,0.26666666666666666,1.0,0.26666666666666666,1.0,1.0,1.0,1.0,0.2,1.0,0.2,1.0,1.0,1.0,1.0,0.16,1.0,0.16,1.0,1.0,1.0,1.0,0.13333333333333333,1.0,0.13333333333333333,1.0,1.0,1.0,1.0,0.11428571428571428,1.0,0.11428571428571428,1.0,1.0,1.0,1.0,0.1,1.0,0.1,1.0,1.0,1.0,1.0,0.08888888888888889,1.0,0.08888888888888889,1.0,1.0,1.0,1.0,0.08,1.0,0.08,1.0,1.0,1.0,1.0,webtable-cl_optim-v=9-distilroberta-dj_adpt~qwen3_4b-dj_adpt,omnimatch_culture_test,9
public_open_spaces_noisy_8.pq::NAME,1.0,0.14285714285714285,1.0,0.14285714285714285,1.0,1.0,0.14285714285714285,0.8,0.5714285714285714,1.0,0.7142857142857143,1.0,1.0,0.5428571428571428,0.6,0.8571428571428571,0.7,1.0,1.0,1.0,0.7843537414965986,0.4,0.8571428571428571,0.4666666666666667,1.0,1.0,1.0,0.7843537414965986,0.35,1.0,0.35,1.0,1.0,1.0,0.8431772709083634,0.28,1.0,0.28,1.0,1.0,1.0,0.8431772709083634,0.23333333333333334,1.0,0.23333333333333334,1.0,1.0,1.0,0.8431772709083634,0.2,1.0,0.2,1.0,1.0,1.0,0.8431772709083634,0.175,1.0,0.175,1.0,1.0,1.0,0.8431772709083634,0.15555555555555556,1.0,0.15555555555555556,1.0,1.0,1.0,0.8431772709083634,0.14,1.0,0.14,1.0,1.0,1.0,0.8431772709083634,webtable-cl_optim-v=9-distilroberta-dj_adpt~qwen3_4b-dj_adpt,omnimatch_culture_test,9
public_open_spaces_noisy_8.pq::POPOS_ADDRESS,0.0,0.0,1.0,0.3333333333333333,0.0,0.0,0.0,0.4,0.6666666666666666,0.6,1.0,1.0,0.5,0.3,0.3,1.0,0.3,1.0,1.0,0.5,0.4666666666666666,0.2,1.0,0.2,1.0,1.0,0.5,0.4666666666666666,0.15,1.0,0.15,1.0,1.0,0.5,0.4666666666666666,0.12,1.0,0.12,1.0,1.0,0.5,0.4666666666666666,0.1,1.0,0.1,1.0,1.0,0.5,0.4666666666666666,0.08571428571428572,1.0,0.08571428571428572,1.0,1.0,0.5,0.4666666666666666,0.075,1.0,0.075,1.0,1.0,0.5,0.4666666666666666,0.06666666666666667,1.0,0.06666666666666667,1.0,1.0,0.5,0.4666666666666666,0.06,1.0,0.06,1.0,1.0,0.5,0.4666666666666666,webtable-cl_optim-v=9-distilroberta-dj_adpt~qwen3_4b-dj_adpt,omnimatch_culture_test,9
public_open_spaces_noisy_8.pq::TYPE,1.0,0.3333333333333333,1.0,0.3333333333333333,1.0,1.0,0.3333333333333333,0.6,1.0,0.6,1.0,1.0,1.0,0.8055555555555555,0.3,1.0,0.3,1.0,1.0,1.0,0.8055555555555555,0.2,1.0,0.2,1.0,1.0,1.0,0.8055555555555555,0.15,1.0,0.15,1.0,1.0,1.0,0.8055555555555555,0.12,1.0,0.12,1.0,1.0,1.0,0.8055555555555555,0.1,1.0,0.1,1.0,1.0,1.0,0.8055555555555555,0.08571428571428572,1.0,0.08571428571428572,1.0,1.0,1.0,0.8055555555555555,0.075,1.0,0.075,1.0,1.0,1.0,0.8055555555555555,0.06666666666666667,1.0,0.06666666666666667,1.0,1.0,1.0,0.8055555555555555,0.06,1.0,0.06,1.0,1.0,1.0,0.8055555555555555,webtable-cl_optim-v=9-distilroberta-dj_adpt~qwen3_4b-dj_adpt,omnimatch_culture_test,9
public_open_spaces_noisy_9.pq::Description,0.0,0.0,1.0,0.3333333333333333,0.0,0.0,0.0,0.6,1.0,0.6,1.0,1.0,0.5,0.5333333333333333,0.3,1.0,0.3,1.0,1.0,0.5,0.5333333333333333,0.2,1.0,0.2,1.0,1.0,0.5,0.5333333333333333,0.15,1.0,0.15,1.0,1.0,0.5,0.5333333333333333,0.12,1.0,0.12,1.0,1.0,0.5,0.5333333333333333,0.1,1.0,0.1,1.0,1.0,0.5,0.5333333333333333,0.08571428571428572,1.0,0.08571428571428572,1.0,1.0,0.5,0.5333333333333333,0.075,1.0,0.075,1.0,1.0,0.5,0.5333333333333333,0.06666666666666667,1.0,0.06666666666666667,1.0,1.0,0.5,0.5333333333333333,0.06,1.0,0.06,1.0,1.0,0.5,0.5333333333333333,webtable-cl_optim-v=9-distilroberta-dj_adpt~qwen3_4b-dj_adpt,omnimatch_culture_test,9
public_open_spaces_noisy_9.pq::LOCATION,0.0,0.0,1.0,0.3333333333333333,0.0,0.0,0.0,0.4,0.6666666666666666,0.6,1.0,1.0,0.5,0.3333333333333333,0.2,0.6666666666666666,0.3,1.0,1.0,0.5,0.3333333333333333,0.2,1.0,0.2,1.0,1.0,0.5,0.42424242424242425,0.15,1.0,0.15,1.0,1.0,0.5,0.42424242424242425,0.12,1.0,0.12,1.0,1.0,0.5,0.42424242424242425,0.1,1.0,0.1,1.0,1.0,0.5,0.42424242424242425,0.08571428571428572,1.0,0.08571428571428572,1.0,1.0,0.5,0.42424242424242425,0.075,1.0,0.075,1.0,1.0,0.5,0.42424242424242425,0.06666666666666667,1.0,0.06666666666666667,1.0,1.0,0.5,0.42424242424242425,0.06,1.0,0.06,1.0,1.0,0.5,0.42424242424242425,webtable-cl_optim-v=9-distilroberta-dj_adpt~qwen3_4b-dj_adpt,omnimatch_culture_test,9
public_open_spaces_noisy_9.pq::NAME,0.0,0.0,1.0,0.16666666666666666,0.0,0.0,0.0,0.6,0.5,1.0,0.8333333333333334,1.0,0.5,0.3194444444444444,0.6,1.0,0.6,1.0,1.0,0.5,0.6746031746031745,0.4,1.0,0.4,1.0,1.0,0.5,0.6746031746031745,0.3,1.0,0.3,1.0,1.0,0.5,0.6746031746031745,0.24,1.0,0.24,1.0,1.0,0.5,0.6746031746031745,0.2,1.0,0.2,1.0,1.0,0.5,0.6746031746031745,0.17142857142857143,1.0,0.17142857142857143,1.0,1.0,0.5,0.6746031746031745,0.15,1.0,0.15,1.0,1.0,0.5,0.6746031746031745,0.13333333333333333,1.0,0.13333333333333333,1.0,1.0,0.5,0.6746031746031745,0.12,1.0,0.12,1.0,1.0,0.5,0.6746031746031745,webtable-cl_optim-v=9-distilroberta-dj_adpt~qwen3_4b-dj_adpt,omnimatch_culture_test,9
public_open_spaces_noisy_9.pq::SEATING_No,0.0,0.0,1.0,0.3333333333333333,0.0,0.0,0.0,0.6,1.0,0.6,1.0,1.0,0.5,0.5333333333333333,0.3,1.0,0.3,1.0,1.0,0.5,0.5333333333333333,0.2,1.0,0.2,1.0,1.0,0.5,0.5333333333333333,0.15,1.0,0.15,1.0,1.0,0.5,0.5333333333333333,0.12,1.0,0.12,1.0,1.0,0.5,0.5333333333333333,0.1,1.0,0.1,1.0,1.0,0.5,0.5333333333333333,0.08571428571428572,1.0,0.08571428571428572,1.0,1.0,0.5,0.5333333333333333,0.075,1.0,0.075,1.0,1.0,0.5,0.5333333333333333,0.06666666666666667,1.0,0.06666666666666667,1.0,1.0,0.5,0.5333333333333333,0.06,1.0,0.06,1.0,1.0,0.5,0.5333333333333333,webtable-cl_optim-v=9-distilroberta-dj_adpt~qwen3_4b-dj_adpt,omnimatch_culture_test,9
public_open_spaces_noisy_9.pq::Signage,1.0,0.3333333333333333,1.0,0.3333333333333333,1.0,1.0,0.3333333333333333,0.6,1.0,0.6,1.0,1.0,1.0,0.8055555555555555,0.3,1.0,0.3,1.0,1.0,1.0,0.8055555555555555,0.2,1.0,0.2,1.0,1.0,1.0,0.8055555555555555,0.15,1.0,0.15,1.0,1.0,1.0,0.8055555555555555,0.12,1.0,0.12,1.0,1.0,1.0,0.8055555555555555,0.1,1.0,0.1,1.0,1.0,1.0,0.8055555555555555,0.08571428571428572,1.0,0.08571428571428572,1.0,1.0,1.0,0.8055555555555555,0.075,1.0,0.075,1.0,1.0,1.0,0.8055555555555555,0.06666666666666667,1.0,0.06666666666666667,1.0,1.0,1.0,0.8055555555555555,0.06,1.0,0.06,1.0,1.0,1.0,0.8055555555555555,webtable-cl_optim-v=9-distilroberta-dj_adpt~qwen3_4b-dj_adpt,omnimatch_culture_test,9
public_open_spaces_noisy_9.pq::YEAR,1.0,0.3333333333333333,1.0,0.3333333333333333,1.0,1.0,0.3333333333333333,0.6,1.0,0.6,1.0,1.0,1.0,0.8055555555555555,0.3,1.0,0.3,1.0,1.0,1.0,0.8055555555555555,0.2,1.0,0.2,1.0,1.0,1.0,0.8055555555555555,0.15,1.0,0.15,1.0,1.0,1.0,0.8055555555555555,0.12,1.0,0.12,1.0,1.0,1.0,0.8055555555555555,0.1,1.0,0.1,1.0,1.0,1.0,0.8055555555555555,0.08571428571428572,1.0,0.08571428571428572,1.0,1.0,1.0,0.8055555555555555,0.075,1.0,0.075,1.0,1.0,1.0,0.8055555555555555,0.06666666666666667,1.0,0.06666666666666667,1.0,1.0,1.0,0.8055555555555555,0.06,1.0,0.06,1.0,1.0,1.0,0.8055555555555555,webtable-cl_optim-v=9-distilroberta-dj_adpt~qwen3_4b-dj_adpt,omnimatch_culture_test,9
recreation_parks_assets_noisy_0.pq::Asset_ID,1.0,0.16666666666666666,1.0,0.16666666666666666,1.0,1.0,0.16666666666666666,0.4,0.3333333333333333,1.0,0.8333333333333334,1.0,1.0,0.25,0.3,0.5,0.6,1.0,1.0,1.0,0.3,0.4,1.0,0.4,1.0,1.0,1.0,0.506973581973582,0.3,1.0,0.3,1.0,1.0,1.0,0.506973581973582,0.24,1.0,0.24,1.0,1.0,1.0,0.506973581973582,0.2,1.0,0.2,1.0,1.0,1.0,0.506973581973582,0.17142857142857143,1.0,0.17142857142857143,1.0,1.0,1.0,0.506973581973582,0.15,1.0,0.15,1.0,1.0,1.0,0.506973581973582,0.13333333333333333,1.0,0.13333333333333333,1.0,1.0,1.0,0.506973581973582,0.12,1.0,0.12,1.0,1.0,1.0,0.506973581973582,webtable-cl_optim-v=9-distilroberta-dj_adpt~qwen3_4b-dj_adpt,omnimatch_culture_test,9
recreation_parks_assets_noisy_0.pq::Facility_ID,0.0,0.0,1.0,0.5,0.0,0.0,0.0,0.4,1.0,0.4,1.0,1.0,0.5,0.5833333333333333,0.2,1.0,0.2,1.0,1.0,0.5,0.5833333333333333,0.13333333333333333,1.0,0.13333333333333333,1.0,1.0,0.5,0.5833333333333333,0.1,1.0,0.1,1.0,1.0,0.5,0.5833333333333333,0.08,1.0,0.08,1.0,1.0,0.5,0.5833333333333333,0.06666666666666667,1.0,0.06666666666666667,1.0,1.0,0.5,0.5833333333333333,0.05714285714285714,1.0,0.05714285714285714,1.0,1.0,0.5,0.5833333333333333,0.05,1.0,0.05,1.0,1.0,0.5,0.5833333333333333,0.044444444444444446,1.0,0.044444444444444446,1.0,1.0,0.5,0.5833333333333333,0.04,1.0,0.04,1.0,1.0,0.5,0.5833333333333333,webtable-cl_optim-v=9-distilroberta-dj_adpt~qwen3_4b-dj_adpt,omnimatch_culture_test,9
recreation_parks_assets_noisy_0.pq::Map_Label,0.0,0.0,1.0,0.5,0.0,0.0,0.0,0.0,0.0,0.4,1.0,0.0,0.0,0.0,0.2,1.0,0.2,1.0,1.0,0.1111111111111111,0.15555555555555556,0.13333333333333333,1.0,0.13333333333333333,1.0,1.0,0.1111111111111111,0.15555555555555556,0.1,1.0,0.1,1.0,1.0,0.1111111111111111,0.15555555555555556,0.08,1.0,0.08,1.0,1.0,0.1111111111111111,0.15555555555555556,0.06666666666666667,1.0,0.06666666666666667,1.0,1.0,0.1111111111111111,0.15555555555555556,0.05714285714285714,1.0,0.05714285714285714,1.0,1.0,0.1111111111111111,0.15555555555555556,0.05,1.0,0.05,1.0,1.0,0.1111111111111111,0.15555555555555556,0.044444444444444446,1.0,0.044444444444444446,1.0,1.0,0.1111111111111111,0.15555555555555556,0.04,1.0,0.04,1.0,1.0,0.1111111111111111,0.15555555555555556,webtable-cl_optim-v=9-distilroberta-dj_adpt~qwen3_4b-dj_adpt,omnimatch_culture_test,9
recreation_parks_assets_noisy_2.pq::Asset_ID,0.0,0.0,1.0,1.0,0.0,0.0,0.0,0.2,1.0,0.2,1.0,1.0,0.5,0.5,0.1,1.0,0.1,1.0,1.0,0.5,0.5,0.06666666666666667,1.0,0.06666666666666667,1.0,1.0,0.5,0.5,0.05,1.0,0.05,1.0,1.0,0.5,0.5,0.04,1.0,0.04,1.0,1.0,0.5,0.5,0.03333333333333333,1.0,0.03333333333333333,1.0,1.0,0.5,0.5,0.02857142857142857,1.0,0.02857142857142857,1.0,1.0,0.5,0.5,0.025,1.0,0.025,1.0,1.0,0.5,0.5,0.022222222222222223,1.0,0.022222222222222223,1.0,1.0,0.5,0.5,0.02,1.0,0.02,1.0,1.0,0.5,0.5,webtable-cl_optim-v=9-distilroberta-dj_adpt~qwen3_4b-dj_adpt,omnimatch_culture_test,9
recreation_parks_assets_noisy_3.pq::Asset_ID,1.0,0.3333333333333333,1.0,0.3333333333333333,1.0,1.0,0.3333333333333333,0.4,0.6666666666666666,0.6,1.0,1.0,1.0,0.6666666666666666,0.3,1.0,0.3,1.0,1.0,1.0,0.7916666666666666,0.2,1.0,0.2,1.0,1.0,1.0,0.7916666666666666,0.15,1.0,0.15,1.0,1.0,1.0,0.7916666666666666,0.12,1.0,0.12,1.0,1.0,1.0,0.7916666666666666,0.1,1.0,0.1,1.0,1.0,1.0,0.7916666666666666,0.08571428571428572,1.0,0.08571428571428572,1.0,1.0,1.0,0.7916666666666666,0.075,1.0,0.075,1.0,1.0,1.0,0.7916666666666666,0.06666666666666667,1.0,0.06666666666666667,1.0,1.0,1.0,0.7916666666666666,0.06,1.0,0.06,1.0,1.0,1.0,0.7916666666666666,webtable-cl_optim-v=9-distilroberta-dj_adpt~qwen3_4b-dj_adpt,omnimatch_culture_test,9
recreation_parks_assets_noisy_3.pq::Asset_Type,0.0,0.0,1.0,1.0,0.0,0.0,0.0,0.0,0.0,0.2,1.0,0.0,0.0,0.0,0.1,1.0,0.1,1.0,1.0,0.1,0.1,0.06666666666666667,1.0,0.06666666666666667,1.0,1.0,0.1,0.1,0.05,1.0,0.05,1.0,1.0,0.1,0.1,0.04,1.0,0.04,1.0,1.0,0.1,0.1,0.03333333333333333,1.0,0.03333333333333333,1.0,1.0,0.1,0.1,0.02857142857142857,1.0,0.02857142857142857,1.0,1.0,0.1,0.1,0.025,1.0,0.025,1.0,1.0,0.1,0.1,0.022222222222222223,1.0,0.022222222222222223,1.0,1.0,0.1,0.1,0.02,1.0,0.02,1.0,1.0,0.1,0.1,webtable-cl_optim-v=9-distilroberta-dj_adpt~qwen3_4b-dj_adpt,omnimatch_culture_test,9
recreation_parks_assets_noisy_3.pq::Property_ID,0.0,0.0,1.0,1.0,0.0,0.0,0.0,0.2,1.0,0.2,1.0,1.0,0.25,0.25,0.1,1.0,0.1,1.0,1.0,0.25,0.25,0.06666666666666667,1.0,0.06666666666666667,1.0,1.0,0.25,0.25,0.05,1.0,0.05,1.0,1.0,0.25,0.25,0.04,1.0,0.04,1.0,1.0,0.25,0.25,0.03333333333333333,1.0,0.03333333333333333,1.0,1.0,0.25,0.25,0.02857142857142857,1.0,0.02857142857142857,1.0,1.0,0.25,0.25,0.025,1.0,0.025,1.0,1.0,0.25,0.25,0.022222222222222223,1.0,0.022222222222222223,1.0,1.0,0.25,0.25,0.02,1.0,0.02,1.0,1.0,0.25,0.25,webtable-cl_optim-v=9-distilroberta-dj_adpt~qwen3_4b-dj_adpt,omnimatch_culture_test,9
recreation_parks_assets_noisy_3.pq::TMA_Asset_Name,0.0,0.0,1.0,1.0,0.0,0.0,0.0,0.0,0.0,0.2,1.0,0.0,0.0,0.0,0.0,0.0,0.1,1.0,0.0,0.0,0.0,0.0,0.0,0.06666666666666667,1.0,0.0,0.0,0.0,0.0,0.0,0.05,1.0,0.0,0.0,0.0,0.0,0.0,0.04,1.0,0.0,0.0,0.0,0.03333333333333333,1.0,0.03333333333333333,1.0,1.0,0.03571428571428571,0.03571428571428571,0.02857142857142857,1.0,0.02857142857142857,1.0,1.0,0.03571428571428571,0.03571428571428571,0.025,1.0,0.025,1.0,1.0,0.03571428571428571,0.03571428571428571,0.022222222222222223,1.0,0.022222222222222223,1.0,1.0,0.03571428571428571,0.03571428571428571,0.02,1.0,0.02,1.0,1.0,0.03571428571428571,0.03571428571428571,webtable-cl_optim-v=9-distilroberta-dj_adpt~qwen3_4b-dj_adpt,omnimatch_culture_test,9
recreation_parks_assets_noisy_4.pq::Asset_ID,0.0,0.0,1.0,0.5,0.0,0.0,0.0,0.2,0.5,0.4,1.0,1.0,0.5,0.25,0.2,1.0,0.2,1.0,1.0,0.5,0.39285714285714285,0.13333333333333333,1.0,0.13333333333333333,1.0,1.0,0.5,0.39285714285714285,0.1,1.0,0.1,1.0,1.0,0.5,0.39285714285714285,0.08,1.0,0.08,1.0,1.0,0.5,0.39285714285714285,0.06666666666666667,1.0,0.06666666666666667,1.0,1.0,0.5,0.39285714285714285,0.05714285714285714,1.0,0.05714285714285714,1.0,1.0,0.5,0.39285714285714285,0.05,1.0,0.05,1.0,1.0,0.5,0.39285714285714285,0.044444444444444446,1.0,0.044444444444444446,1.0,1.0,0.5,0.39285714285714285,0.04,1.0,0.04,1.0,1.0,0.5,0.39285714285714285,webtable-cl_optim-v=9-distilroberta-dj_adpt~qwen3_4b-dj_adpt,omnimatch_culture_test,9
recreation_parks_assets_noisy_4.pq::Facility_ID,0.0,0.0,1.0,1.0,0.0,0.0,0.0,0.2,1.0,0.2,1.0,1.0,0.25,0.25,0.1,1.0,0.1,1.0,1.0,0.25,0.25,0.06666666666666667,1.0,0.06666666666666667,1.0,1.0,0.25,0.25,0.05,1.0,0.05,1.0,1.0,0.25,0.25,0.04,1.0,0.04,1.0,1.0,0.25,0.25,0.03333333333333333,1.0,0.03333333333333333,1.0,1.0,0.25,0.25,0.02857142857142857,1.0,0.02857142857142857,1.0,1.0,0.25,0.25,0.025,1.0,0.025,1.0,1.0,0.25,0.25,0.022222222222222223,1.0,0.022222222222222223,1.0,1.0,0.25,0.25,0.02,1.0,0.02,1.0,1.0,0.25,0.25,webtable-cl_optim-v=9-distilroberta-dj_adpt~qwen3_4b-dj_adpt,omnimatch_culture_test,9
recreation_parks_assets_noisy_4.pq::Map_Label,0.0,0.0,1.0,1.0,0.0,0.0,0.0,0.2,1.0,0.2,1.0,1.0,0.25,0.25,0.1,1.0,0.1,1.0,1.0,0.25,0.25,0.06666666666666667,1.0,0.06666666666666667,1.0,1.0,0.25,0.25,0.05,1.0,0.05,1.0,1.0,0.25,0.25,0.04,1.0,0.04,1.0,1.0,0.25,0.25,0.03333333333333333,1.0,0.03333333333333333,1.0,1.0,0.25,0.25,0.02857142857142857,1.0,0.02857142857142857,1.0,1.0,0.25,0.25,0.025,1.0,0.025,1.0,1.0,0.25,0.25,0.022222222222222223,1.0,0.022222222222222223,1.0,1.0,0.25,0.25,0.02,1.0,0.02,1.0,1.0,0.25,0.25,webtable-cl_optim-v=9-distilroberta-dj_adpt~qwen3_4b-dj_adpt,omnimatch_culture_test,9
recreation_parks_assets_noisy_5.pq::Asset_ID,0.0,0.0,1.0,0.2,0.0,0.0,0.0,0.4,0.4,1.0,1.0,1.0,0.3333333333333333,0.16666666666666666,0.2,0.4,0.5,1.0,1.0,0.3333333333333333,0.16666666666666666,0.3333333333333333,1.0,0.3333333333333333,1.0,1.0,0.3333333333333333,0.36480186480186483,0.25,1.0,0.25,1.0,1.0,0.3333333333333333,0.36480186480186483,0.2,1.0,0.2,1.0,1.0,0.3333333333333333,0.36480186480186483,0.16666666666666666,1.0,0.16666666666666666,1.0,1.0,0.3333333333333333,0.36480186480186483,0.14285714285714285,1.0,0.14285714285714285,1.0,1.0,0.3333333333333333,0.36480186480186483,0.125,1.0,0.125,1.0,1.0,0.3333333333333333,0.36480186480186483,0.1111111111111111,1.0,0.1111111111111111,1.0,1.0,0.3333333333333333,0.36480186480186483,0.1,1.0,0.1,1.0,1.0,0.3333333333333333,0.36480186480186483,webtable-cl_optim-v=9-distilroberta-dj_adpt~qwen3_4b-dj_adpt,omnimatch_culture_test,9
recreation_parks_assets_noisy_5.pq::Asset_Type,1.0,0.3333333333333333,1.0,0.3333333333333333,1.0,1.0,0.3333333333333333,0.6,1.0,0.6,1.0,1.0,1.0,1.0,0.3,1.0,0.3,1.0,1.0,1.0,1.0,0.2,1.0,0.2,1.0,1.0,1.0,1.0,0.15,1.0,0.15,1.0,1.0,1.0,1.0,0.12,1.0,0.12,1.0,1.0,1.0,1.0,0.1,1.0,0.1,1.0,1.0,1.0,1.0,0.08571428571428572,1.0,0.08571428571428572,1.0,1.0,1.0,1.0,0.075,1.0,0.075,1.0,1.0,1.0,1.0,0.06666666666666667,1.0,0.06666666666666667,1.0,1.0,1.0,1.0,0.06,1.0,0.06,1.0,1.0,1.0,1.0,webtable-cl_optim-v=9-distilroberta-dj_adpt~qwen3_4b-dj_adpt,omnimatch_culture_test,9
recreation_parks_assets_noisy_5.pq::Property_ID,1.0,0.3333333333333333,1.0,0.3333333333333333,1.0,1.0,0.3333333333333333,0.4,0.6666666666666666,0.6,1.0,1.0,1.0,0.6666666666666666,0.3,1.0,0.3,1.0,1.0,1.0,0.8095238095238094,0.2,1.0,0.2,1.0,1.0,1.0,0.8095238095238094,0.15,1.0,0.15,1.0,1.0,1.0,0.8095238095238094,0.12,1.0,0.12,1.0,1.0,1.0,0.8095238095238094,0.1,1.0,0.1,1.0,1.0,1.0,0.8095238095238094,0.08571428571428572,1.0,0.08571428571428572,1.0,1.0,1.0,0.8095238095238094,0.075,1.0,0.075,1.0,1.0,1.0,0.8095238095238094,0.06666666666666667,1.0,0.06666666666666667,1.0,1.0,1.0,0.8095238095238094,0.06,1.0,0.06,1.0,1.0,1.0,0.8095238095238094,webtable-cl_optim-v=9-distilroberta-dj_adpt~qwen3_4b-dj_adpt,omnimatch_culture_test,9
recreation_parks_assets_noisy_5.pq::TMA_Asset_Name,0.0,0.0,1.0,0.3333333333333333,0.0,0.0,0.0,0.0,0.0,0.6,1.0,0.0,0.0,0.0,0.2,0.6666666666666666,0.3,1.0,1.0,0.16666666666666666,0.15079365079365079,0.13333333333333333,0.6666666666666666,0.2,1.0,1.0,0.16666666666666666,0.15079365079365079,0.1,0.6666666666666666,0.15,1.0,1.0,0.16666666666666666,0.15079365079365079,0.08,0.6666666666666666,0.12,1.0,1.0,0.16666666666666666,0.15079365079365079,0.06666666666666667,0.6666666666666666,0.1,1.0,1.0,0.16666666666666666,0.15079365079365079,0.08571428571428572,1.0,0.08571428571428572,1.0,1.0,0.16666666666666666,0.17936507936507937,0.075,1.0,0.075,1.0,1.0,0.16666666666666666,0.17936507936507937,0.06666666666666667,1.0,0.06666666666666667,1.0,1.0,0.16666666666666666,0.17936507936507937,0.06,1.0,0.06,1.0,1.0,0.16666666666666666,0.17936507936507937,webtable-cl_optim-v=9-distilroberta-dj_adpt~qwen3_4b-dj_adpt,omnimatch_culture_test,9
recreation_parks_assets_noisy_6.pq::Asset_ID,1.0,0.1111111111111111,1.0,0.1111111111111111,1.0,1.0,0.1111111111111111,1.0,0.5555555555555556,1.0,0.5555555555555556,1.0,1.0,0.5555555555555556,0.9,1.0,0.9,1.0,1.0,1.0,1.0,0.6,1.0,0.6,1.0,1.0,1.0,1.0,0.45,1.0,0.45,1.0,1.0,1.0,1.0,0.36,1.0,0.36,1.0,1.0,1.0,1.0,0.3,1.0,0.3,1.0,1.0,1.0,1.0,0.2571428571428571,1.0,0.2571428571428571,1.0,1.0,1.0,1.0,0.225,1.0,0.225,1.0,1.0,1.0,1.0,0.2,1.0,0.2,1.0,1.0,1.0,1.0,0.18,1.0,0.18,1.0,1.0,1.0,1.0,webtable-cl_optim-v=9-distilroberta-dj_adpt~qwen3_4b-dj_adpt,omnimatch_culture_test,9
recreation_parks_assets_noisy_6.pq::Facility_ID,1.0,0.25,1.0,0.25,1.0,1.0,0.25,0.8,1.0,0.8,1.0,1.0,1.0,0.95,0.4,1.0,0.4,1.0,1.0,1.0,0.95,0.26666666666666666,1.0,0.26666666666666666,1.0,1.0,1.0,0.95,0.2,1.0,0.2,1.0,1.0,1.0,0.95,0.16,1.0,0.16,1.0,1.0,1.0,0.95,0.13333333333333333,1.0,0.13333333333333333,1.0,1.0,1.0,0.95,0.11428571428571428,1.0,0.11428571428571428,1.0,1.0,1.0,0.95,0.1,1.0,0.1,1.0,1.0,1.0,0.95,0.08888888888888889,1.0,0.08888888888888889,1.0,1.0,1.0,0.95,0.08,1.0,0.08,1.0,1.0,1.0,0.95,webtable-cl_optim-v=9-distilroberta-dj_adpt~qwen3_4b-dj_adpt,omnimatch_culture_test,9
recreation_parks_assets_noisy_6.pq::Map_Label,1.0,0.25,1.0,0.25,1.0,1.0,0.25,0.4,0.5,0.8,1.0,1.0,1.0,0.5,0.4,1.0,0.4,1.0,1.0,1.0,0.7678571428571428,0.26666666666666666,1.0,0.26666666666666666,1.0,1.0,1.0,0.7678571428571428,0.2,1.0,0.2,1.0,1.0,1.0,0.7678571428571428,0.16,1.0,0.16,1.0,1.0,1.0,0.7678571428571428,0.13333333333333333,1.0,0.13333333333333333,1.0,1.0,1.0,0.7678571428571428,0.11428571428571428,1.0,0.11428571428571428,1.0,1.0,1.0,0.7678571428571428,0.1,1.0,0.1,1.0,1.0,1.0,0.7678571428571428,0.08888888888888889,1.0,0.08888888888888889,1.0,1.0,1.0,0.7678571428571428,0.08,1.0,0.08,1.0,1.0,1.0,0.7678571428571428,webtable-cl_optim-v=9-distilroberta-dj_adpt~qwen3_4b-dj_adpt,omnimatch_culture_test,9
recreation_parks_assets_noisy_7.pq::Asset_ID,1.0,0.125,1.0,0.125,1.0,1.0,0.125,0.8,0.5,1.0,0.625,1.0,1.0,0.5,0.5,0.625,0.8,1.0,1.0,1.0,0.5625,0.5333333333333333,1.0,0.5333333333333333,1.0,1.0,1.0,0.7805215617715617,0.4,1.0,0.4,1.0,1.0,1.0,0.7805215617715617,0.32,1.0,0.32,1.0,1.0,1.0,0.7805215617715617,0.26666666666666666,1.0,0.26666666666666666,1.0,1.0,1.0,0.7805215617715617,0.22857142857142856,1.0,0.22857142857142856,1.0,1.0,1.0,0.7805215617715617,0.2,1.0,0.2,1.0,1.0,1.0,0.7805215617715617,0.17777777777777778,1.0,0.17777777777777778,1.0,1.0,1.0,0.7805215617715617,0.16,1.0,0.16,1.0,1.0,1.0,0.7805215617715617,webtable-cl_optim-v=9-distilroberta-dj_adpt~qwen3_4b-dj_adpt,omnimatch_culture_test,9
recreation_parks_assets_noisy_7.pq::Asset_Type,1.0,0.25,1.0,0.25,1.0,1.0,0.25,0.8,1.0,0.8,1.0,1.0,1.0,1.0,0.4,1.0,0.4,1.0,1.0,1.0,1.0,0.26666666666666666,1.0,0.26666666666666666,1.0,1.0,1.0,1.0,0.2,1.0,0.2,1.0,1.0,1.0,1.0,0.16,1.0,0.16,1.0,1.0,1.0,1.0,0.13333333333333333,1.0,0.13333333333333333,1.0,1.0,1.0,1.0,0.11428571428571428,1.0,0.11428571428571428,1.0,1.0,1.0,1.0,0.1,1.0,0.1,1.0,1.0,1.0,1.0,0.08888888888888889,1.0,0.08888888888888889,1.0,1.0,1.0,1.0,0.08,1.0,0.08,1.0,1.0,1.0,1.0,webtable-cl_optim-v=9-distilroberta-dj_adpt~qwen3_4b-dj_adpt,omnimatch_culture_test,9
recreation_parks_assets_noisy_7.pq::Property_ID,1.0,0.25,1.0,0.25,1.0,1.0,0.25,0.6,0.75,0.8,1.0,1.0,1.0,0.75,0.4,1.0,0.4,1.0,1.0,1.0,0.8928571428571428,0.26666666666666666,1.0,0.26666666666666666,1.0,1.0,1.0,0.8928571428571428,0.2,1.0,0.2,1.0,1.0,1.0,0.8928571428571428,0.16,1.0,0.16,1.0,1.0,1.0,0.8928571428571428,0.13333333333333333,1.0,0.13333333333333333,1.0,1.0,1.0,0.8928571428571428,0.11428571428571428,1.0,0.11428571428571428,1.0,1.0,1.0,0.8928571428571428,0.1,1.0,0.1,1.0,1.0,1.0,0.8928571428571428,0.08888888888888889,1.0,0.08888888888888889,1.0,1.0,1.0,0.8928571428571428,0.08,1.0,0.08,1.0,1.0,1.0,0.8928571428571428,webtable-cl_optim-v=9-distilroberta-dj_adpt~qwen3_4b-dj_adpt,omnimatch_culture_test,9
recreation_parks_assets_noisy_7.pq::TMA_Asset_Name,1.0,0.25,1.0,0.25,1.0,1.0,0.25,0.4,0.5,0.8,1.0,1.0,1.0,0.41666666666666663,0.4,1.0,0.4,1.0,1.0,1.0,0.6488095238095238,0.26666666666666666,1.0,0.26666666666666666,1.0,1.0,1.0,0.6488095238095238,0.2,1.0,0.2,1.0,1.0,1.0,0.6488095238095238,0.16,1.0,0.16,1.0,1.0,1.0,0.6488095238095238,0.13333333333333333,1.0,0.13333333333333333,1.0,1.0,1.0,0.6488095238095238,0.11428571428571428,1.0,0.11428571428571428,1.0,1.0,1.0,0.6488095238095238,0.1,1.0,0.1,1.0,1.0,1.0,0.6488095238095238,0.08888888888888889,1.0,0.08888888888888889,1.0,1.0,1.0,0.6488095238095238,0.08,1.0,0.08,1.0,1.0,1.0,0.6488095238095238,webtable-cl_optim-v=9-distilroberta-dj_adpt~qwen3_4b-dj_adpt,omnimatch_culture_test,9
recreation_parks_assets_noisy_8.pq::Asset_ID,1.0,0.14285714285714285,1.0,0.14285714285714285,1.0,1.0,0.14285714285714285,0.6,0.42857142857142855,1.0,0.7142857142857143,1.0,1.0,0.3,0.7,1.0,0.7,1.0,1.0,1.0,0.7155328798185941,0.4666666666666667,1.0,0.4666666666666667,1.0,1.0,1.0,0.7155328798185941,0.35,1.0,0.35,1.0,1.0,1.0,0.7155328798185941,0.28,1.0,0.28,1.0,1.0,1.0,0.7155328798185941,0.23333333333333334,1.0,0.23333333333333334,1.0,1.0,1.0,0.7155328798185941,0.2,1.0,0.2,1.0,1.0,1.0,0.7155328798185941,0.175,1.0,0.175,1.0,1.0,1.0,0.7155328798185941,0.15555555555555556,1.0,0.15555555555555556,1.0,1.0,1.0,0.7155328798185941,0.14,1.0,0.14,1.0,1.0,1.0,0.7155328798185941,webtable-cl_optim-v=9-distilroberta-dj_adpt~qwen3_4b-dj_adpt,omnimatch_culture_test,9
recreation_parks_assets_noisy_8.pq::Facility_ID,1.0,0.3333333333333333,1.0,0.3333333333333333,1.0,1.0,0.3333333333333333,0.6,1.0,0.6,1.0,1.0,1.0,0.8055555555555555,0.3,1.0,0.3,1.0,1.0,1.0,0.8055555555555555,0.2,1.0,0.2,1.0,1.0,1.0,0.8055555555555555,0.15,1.0,0.15,1.0,1.0,1.0,0.8055555555555555,0.12,1.0,0.12,1.0,1.0,1.0,0.8055555555555555,0.1,1.0,0.1,1.0,1.0,1.0,0.8055555555555555,0.08571428571428572,1.0,0.08571428571428572,1.0,1.0,1.0,0.8055555555555555,0.075,1.0,0.075,1.0,1.0,1.0,0.8055555555555555,0.06666666666666667,1.0,0.06666666666666667,1.0,1.0,1.0,0.8055555555555555,0.06,1.0,0.06,1.0,1.0,1.0,0.8055555555555555,webtable-cl_optim-v=9-distilroberta-dj_adpt~qwen3_4b-dj_adpt,omnimatch_culture_test,9
recreation_parks_assets_noisy_8.pq::Map_Label,1.0,0.3333333333333333,1.0,0.3333333333333333,1.0,1.0,0.3333333333333333,0.2,0.3333333333333333,0.6,1.0,1.0,1.0,0.3333333333333333,0.1,0.3333333333333333,0.3,1.0,1.0,1.0,0.3333333333333333,0.2,1.0,0.2,1.0,1.0,1.0,0.45604395604395603,0.15,1.0,0.15,1.0,1.0,1.0,0.45604395604395603,0.12,1.0,0.12,1.0,1.0,1.0,0.45604395604395603,0.1,1.0,0.1,1.0,1.0,1.0,0.45604395604395603,0.08571428571428572,1.0,0.08571428571428572,1.0,1.0,1.0,0.45604395604395603,0.075,1.0,0.075,1.0,1.0,1.0,0.45604395604395603,0.06666666666666667,1.0,0.06666666666666667,1.0,1.0,1.0,0.45604395604395603,0.06,1.0,0.06,1.0,1.0,1.0,0.45604395604395603,webtable-cl_optim-v=9-distilroberta-dj_adpt~qwen3_4b-dj_adpt,omnimatch_culture_test,9
recreation_parks_assets_noisy_9.pq::Asset_ID,1.0,0.25,1.0,0.25,1.0,1.0,0.25,0.2,0.25,0.8,1.0,1.0,1.0,0.25,0.4,1.0,0.4,1.0,1.0,1.0,0.5654761904761905,0.26666666666666666,1.0,0.26666666666666666,1.0,1.0,1.0,0.5654761904761905,0.2,1.0,0.2,1.0,1.0,1.0,0.5654761904761905,0.16,1.0,0.16,1.0,1.0,1.0,0.5654761904761905,0.13333333333333333,1.0,0.13333333333333333,1.0,1.0,1.0,0.5654761904761905,0.11428571428571428,1.0,0.11428571428571428,1.0,1.0,1.0,0.5654761904761905,0.1,1.0,0.1,1.0,1.0,1.0,0.5654761904761905,0.08888888888888889,1.0,0.08888888888888889,1.0,1.0,1.0,0.5654761904761905,0.08,1.0,0.08,1.0,1.0,1.0,0.5654761904761905,webtable-cl_optim-v=9-distilroberta-dj_adpt~qwen3_4b-dj_adpt,omnimatch_culture_test,9
recreation_parks_assets_noisy_9.pq::Asset_Type,0.0,0.0,1.0,0.5,0.0,0.0,0.0,0.4,1.0,0.4,1.0,1.0,0.5,0.5,0.2,1.0,0.2,1.0,1.0,0.5,0.5,0.13333333333333333,1.0,0.13333333333333333,1.0,1.0,0.5,0.5,0.1,1.0,0.1,1.0,1.0,0.5,0.5,0.08,1.0,0.08,1.0,1.0,0.5,0.5,0.06666666666666667,1.0,0.06666666666666667,1.0,1.0,0.5,0.5,0.05714285714285714,1.0,0.05714285714285714,1.0,1.0,0.5,0.5,0.05,1.0,0.05,1.0,1.0,0.5,0.5,0.044444444444444446,1.0,0.044444444444444446,1.0,1.0,0.5,0.5,0.04,1.0,0.04,1.0,1.0,0.5,0.5,webtable-cl_optim-v=9-distilroberta-dj_adpt~qwen3_4b-dj_adpt,omnimatch_culture_test,9
recreation_parks_assets_noisy_9.pq::Property_ID,1.0,0.5,1.0,0.5,1.0,1.0,0.5,0.4,1.0,0.4,1.0,1.0,1.0,0.8333333333333333,0.2,1.0,0.2,1.0,1.0,1.0,0.8333333333333333,0.13333333333333333,1.0,0.13333333333333333,1.0,1.0,1.0,0.8333333333333333,0.1,1.0,0.1,1.0,1.0,1.0,0.8333333333333333,0.08,1.0,0.08,1.0,1.0,1.0,0.8333333333333333,0.06666666666666667,1.0,0.06666666666666667,1.0,1.0,1.0,0.8333333333333333,0.05714285714285714,1.0,0.05714285714285714,1.0,1.0,1.0,0.8333333333333333,0.05,1.0,0.05,1.0,1.0,1.0,0.8333333333333333,0.044444444444444446,1.0,0.044444444444444446,1.0,1.0,1.0,0.8333333333333333,0.04,1.0,0.04,1.0,1.0,1.0,0.8333333333333333,webtable-cl_optim-v=9-distilroberta-dj_adpt~qwen3_4b-dj_adpt,omnimatch_culture_test,9
recreation_parks_assets_noisy_9.pq::TMA_Asset_Name,0.0,0.0,1.0,0.5,0.0,0.0,0.0,0.0,0.0,0.4,1.0,0.0,0.0,0.0,0.2,1.0,0.2,1.0,1.0,0.16666666666666666,0.19444444444444442,0.13333333333333333,1.0,0.13333333333333333,1.0,1.0,0.16666666666666666,0.19444444444444442,0.1,1.0,0.1,1.0,1.0,0.16666666666666666,0.19444444444444442,0.08,1.0,0.08,1.0,1.0,0.16666666666666666,0.19444444444444442,0.06666666666666667,1.0,0.06666666666666667,1.0,1.0,0.16666666666666666,0.19444444444444442,0.05714285714285714,1.0,0.05714285714285714,1.0,1.0,0.16666666666666666,0.19444444444444442,0.05,1.0,0.05,1.0,1.0,0.16666666666666666,0.19444444444444442,0.044444444444444446,1.0,0.044444444444444446,1.0,1.0,0.16666666666666666,0.19444444444444442,0.04,1.0,0.04,1.0,1.0,0.16666666666666666,0.19444444444444442,webtable-cl_optim-v=9-distilroberta-dj_adpt~qwen3_4b-dj_adpt,omnimatch_culture_test,9
recreation_parks_facilities_noisy_1.pq::City,1.0,0.5,1.0,0.5,1.0,1.0,0.5,0.4,1.0,0.4,1.0,1.0,1.0,0.7,0.2,1.0,0.2,1.0,1.0,1.0,0.7,0.13333333333333333,1.0,0.13333333333333333,1.0,1.0,1.0,0.7,0.1,1.0,0.1,1.0,1.0,1.0,0.7,0.08,1.0,0.08,1.0,1.0,1.0,0.7,0.06666666666666667,1.0,0.06666666666666667,1.0,1.0,1.0,0.7,0.05714285714285714,1.0,0.05714285714285714,1.0,1.0,1.0,0.7,0.05,1.0,0.05,1.0,1.0,1.0,0.7,0.044444444444444446,1.0,0.044444444444444446,1.0,1.0,1.0,0.7,0.04,1.0,0.04,1.0,1.0,1.0,0.7,webtable-cl_optim-v=9-distilroberta-dj_adpt~qwen3_4b-dj_adpt,omnimatch_culture_test,9
recreation_parks_facilities_noisy_1.pq::Property_ID,0.0,0.0,1.0,0.5,0.0,0.0,0.0,0.2,0.5,0.4,1.0,1.0,0.2,0.1,0.2,1.0,0.2,1.0,1.0,0.2,0.24285714285714285,0.13333333333333333,1.0,0.13333333333333333,1.0,1.0,0.2,0.24285714285714285,0.1,1.0,0.1,1.0,1.0,0.2,0.24285714285714285,0.08,1.0,0.08,1.0,1.0,0.2,0.24285714285714285,0.06666666666666667,1.0,0.06666666666666667,1.0,1.0,0.2,0.24285714285714285,0.05714285714285714,1.0,0.05714285714285714,1.0,1.0,0.2,0.24285714285714285,0.05,1.0,0.05,1.0,1.0,0.2,0.24285714285714285,0.044444444444444446,1.0,0.044444444444444446,1.0,1.0,0.2,0.24285714285714285,0.04,1.0,0.04,1.0,1.0,0.2,0.24285714285714285,webtable-cl_optim-v=9-distilroberta-dj_adpt~qwen3_4b-dj_adpt,omnimatch_culture_test,9
recreation_parks_facilities_noisy_1.pq::TMA_FacilityID,1.0,0.25,1.0,0.25,1.0,1.0,0.25,0.6,0.75,0.8,1.0,1.0,1.0,0.65,0.3,0.75,0.4,1.0,1.0,1.0,0.65,0.2,0.75,0.26666666666666666,1.0,1.0,1.0,0.65,0.15,0.75,0.2,1.0,1.0,1.0,0.65,0.12,0.75,0.16,1.0,1.0,1.0,0.65,0.1,0.75,0.13333333333333333,1.0,1.0,1.0,0.65,0.08571428571428572,0.75,0.11428571428571428,1.0,1.0,1.0,0.65,0.075,0.75,0.1,1.0,1.0,1.0,0.65,0.06666666666666667,0.75,0.08888888888888889,1.0,1.0,1.0,0.65,0.06,0.75,0.08,1.0,1.0,1.0,0.65,webtable-cl_optim-v=9-distilroberta-dj_adpt~qwen3_4b-dj_adpt,omnimatch_culture_test,9
recreation_parks_facilities_noisy_1.pq::Zipcode,1.0,0.5,1.0,0.5,1.0,1.0,0.5,0.4,1.0,0.4,1.0,1.0,1.0,0.7,0.2,1.0,0.2,1.0,1.0,1.0,0.7,0.13333333333333333,1.0,0.13333333333333333,1.0,1.0,1.0,0.7,0.1,1.0,0.1,1.0,1.0,1.0,0.7,0.08,1.0,0.08,1.0,1.0,1.0,0.7,0.06666666666666667,1.0,0.06666666666666667,1.0,1.0,1.0,0.7,0.05714285714285714,1.0,0.05714285714285714,1.0,1.0,1.0,0.7,0.05,1.0,0.05,1.0,1.0,1.0,0.7,0.044444444444444446,1.0,0.044444444444444446,1.0,1.0,1.0,0.7,0.04,1.0,0.04,1.0,1.0,1.0,0.7,webtable-cl_optim-v=9-distilroberta-dj_adpt~qwen3_4b-dj_adpt,omnimatch_culture_test,9
recreation_parks_facilities_noisy_1.pq::facility_type,0.0,0.0,1.0,0.5,0.0,0.0,0.0,0.4,1.0,0.4,1.0,1.0,0.5,0.5,0.2,1.0,0.2,1.0,1.0,0.5,0.5,0.13333333333333333,1.0,0.13333333333333333,1.0,1.0,0.5,0.5,0.1,1.0,0.1,1.0,1.0,0.5,0.5,0.08,1.0,0.08,1.0,1.0,0.5,0.5,0.06666666666666667,1.0,0.06666666666666667,1.0,1.0,0.5,0.5,0.05714285714285714,1.0,0.05714285714285714,1.0,1.0,0.5,0.5,0.05,1.0,0.05,1.0,1.0,0.5,0.5,0.044444444444444446,1.0,0.044444444444444446,1.0,1.0,0.5,0.5,0.04,1.0,0.04,1.0,1.0,0.5,0.5,webtable-cl_optim-v=9-distilroberta-dj_adpt~qwen3_4b-dj_adpt,omnimatch_culture_test,9
recreation_parks_facilities_noisy_2.pq::Address,0.0,0.0,1.0,1.0,0.0,0.0,0.0,0.0,0.0,0.2,1.0,0.0,0.0,0.0,0.1,1.0,0.1,1.0,1.0,0.1,0.1,0.06666666666666667,1.0,0.06666666666666667,1.0,1.0,0.1,0.1,0.05,1.0,0.05,1.0,1.0,0.1,0.1,0.04,1.0,0.04,1.0,1.0,0.1,0.1,0.03333333333333333,1.0,0.03333333333333333,1.0,1.0,0.1,0.1,0.02857142857142857,1.0,0.02857142857142857,1.0,1.0,0.1,0.1,0.025,1.0,0.025,1.0,1.0,0.1,0.1,0.022222222222222223,1.0,0.022222222222222223,1.0,1.0,0.1,0.1,0.02,1.0,0.02,1.0,1.0,0.1,0.1,webtable-cl_optim-v=9-distilroberta-dj_adpt~qwen3_4b-dj_adpt,omnimatch_culture_test,9
recreation_parks_facilities_noisy_2.pq::Map_Label,0.0,0.0,1.0,1.0,0.0,0.0,0.0,0.0,0.0,0.2,1.0,0.0,0.0,0.0,0.0,0.0,0.1,1.0,0.0,0.0,0.0,0.06666666666666667,1.0,0.06666666666666667,1.0,1.0,0.07692307692307693,0.07692307692307693,0.05,1.0,0.05,1.0,1.0,0.07692307692307693,0.07692307692307693,0.04,1.0,0.04,1.0,1.0,0.07692307692307693,0.07692307692307693,0.03333333333333333,1.0,0.03333333333333333,1.0,1.0,0.07692307692307693,0.07692307692307693,0.02857142857142857,1.0,0.02857142857142857,1.0,1.0,0.07692307692307693,0.07692307692307693,0.025,1.0,0.025,1.0,1.0,0.07692307692307693,0.07692307692307693,0.022222222222222223,1.0,0.022222222222222223,1.0,1.0,0.07692307692307693,0.07692307692307693,0.02,1.0,0.02,1.0,1.0,0.07692307692307693,0.07692307692307693,webtable-cl_optim-v=9-distilroberta-dj_adpt~qwen3_4b-dj_adpt,omnimatch_culture_test,9
recreation_parks_facilities_noisy_2.pq::TMA_FacilityID,0.0,0.0,1.0,0.3333333333333333,0.0,0.0,0.0,0.2,0.3333333333333333,0.6,1.0,1.0,0.5,0.16666666666666666,0.3,1.0,0.3,1.0,1.0,0.5,0.42063492063492064,0.2,1.0,0.2,1.0,1.0,0.5,0.42063492063492064,0.15,1.0,0.15,1.0,1.0,0.5,0.42063492063492064,0.12,1.0,0.12,1.0,1.0,0.5,0.42063492063492064,0.1,1.0,0.1,1.0,1.0,0.5,0.42063492063492064,0.08571428571428572,1.0,0.08571428571428572,1.0,1.0,0.5,0.42063492063492064,0.075,1.0,0.075,1.0,1.0,0.5,0.42063492063492064,0.06666666666666667,1.0,0.06666666666666667,1.0,1.0,0.5,0.42063492063492064,0.06,1.0,0.06,1.0,1.0,0.5,0.42063492063492064,webtable-cl_optim-v=9-distilroberta-dj_adpt~qwen3_4b-dj_adpt,omnimatch_culture_test,9
recreation_parks_facilities_noisy_2.pq::TMA_Facility_Name,0.0,0.0,1.0,1.0,0.0,0.0,0.0,0.2,1.0,0.2,1.0,1.0,0.5,0.5,0.1,1.0,0.1,1.0,1.0,0.5,0.5,0.06666666666666667,1.0,0.06666666666666667,1.0,1.0,0.5,0.5,0.05,1.0,0.05,1.0,1.0,0.5,0.5,0.04,1.0,0.04,1.0,1.0,0.5,0.5,0.03333333333333333,1.0,0.03333333333333333,1.0,1.0,0.5,0.5,0.02857142857142857,1.0,0.02857142857142857,1.0,1.0,0.5,0.5,0.025,1.0,0.025,1.0,1.0,0.5,0.5,0.022222222222222223,1.0,0.022222222222222223,1.0,1.0,0.5,0.5,0.02,1.0,0.02,1.0,1.0,0.5,0.5,webtable-cl_optim-v=9-distilroberta-dj_adpt~qwen3_4b-dj_adpt,omnimatch_culture_test,9
recreation_parks_facilities_noisy_3.pq::City,1.0,0.25,1.0,0.25,1.0,1.0,0.25,0.8,1.0,0.8,1.0,1.0,1.0,0.8041666666666667,0.4,1.0,0.4,1.0,1.0,1.0,0.8041666666666667,0.26666666666666666,1.0,0.26666666666666666,1.0,1.0,1.0,0.8041666666666667,0.2,1.0,0.2,1.0,1.0,1.0,0.8041666666666667,0.16,1.0,0.16,1.0,1.0,1.0,0.8041666666666667,0.13333333333333333,1.0,0.13333333333333333,1.0,1.0,1.0,0.8041666666666667,0.11428571428571428,1.0,0.11428571428571428,1.0,1.0,1.0,0.8041666666666667,0.1,1.0,0.1,1.0,1.0,1.0,0.8041666666666667,0.08888888888888889,1.0,0.08888888888888889,1.0,1.0,1.0,0.8041666666666667,0.08,1.0,0.08,1.0,1.0,1.0,0.8041666666666667,webtable-cl_optim-v=9-distilroberta-dj_adpt~qwen3_4b-dj_adpt,omnimatch_culture_test,9
recreation_parks_facilities_noisy_3.pq::Property_ID,0.0,0.0,1.0,0.25,0.0,0.0,0.0,0.4,0.5,0.8,1.0,1.0,0.25,0.1625,0.4,1.0,0.4,1.0,1.0,0.25,0.38075396825396823,0.26666666666666666,1.0,0.26666666666666666,1.0,1.0,0.25,0.38075396825396823,0.2,1.0,0.2,1.0,1.0,0.25,0.38075396825396823,0.16,1.0,0.16,1.0,1.0,0.25,0.38075396825396823,0.13333333333333333,1.0,0.13333333333333333,1.0,1.0,0.25,0.38075396825396823,0.11428571428571428,1.0,0.11428571428571428,1.0,1.0,0.25,0.38075396825396823,0.1,1.0,0.1,1.0,1.0,0.25,0.38075396825396823,0.08888888888888889,1.0,0.08888888888888889,1.0,1.0,0.25,0.38075396825396823,0.08,1.0,0.08,1.0,1.0,0.25,0.38075396825396823,webtable-cl_optim-v=9-distilroberta-dj_adpt~qwen3_4b-dj_adpt,omnimatch_culture_test,9
recreation_parks_facilities_noisy_3.pq::TMA_FacilityID,1.0,0.125,1.0,0.125,1.0,1.0,0.125,0.8,0.5,1.0,0.625,1.0,1.0,0.475,0.5,0.625,0.8,1.0,1.0,1.0,0.5791666666666667,0.3333333333333333,0.625,0.5333333333333333,1.0,1.0,1.0,0.5791666666666667,0.25,0.625,0.4,1.0,1.0,1.0,0.5791666666666667,0.2,0.625,0.32,1.0,1.0,1.0,0.5791666666666667,0.2,0.75,0.26666666666666666,1.0,1.0,1.0,0.6069444444444445,0.17142857142857143,0.75,0.22857142857142856,1.0,1.0,1.0,0.6069444444444445,0.15,0.75,0.2,1.0,1.0,1.0,0.6069444444444445,0.13333333333333333,0.75,0.17777777777777778,1.0,1.0,1.0,0.6069444444444445,0.12,0.75,0.16,1.0,1.0,1.0,0.6069444444444445,webtable-cl_optim-v=9-distilroberta-dj_adpt~qwen3_4b-dj_adpt,omnimatch_culture_test,9
recreation_parks_facilities_noisy_3.pq::Zipcode,1.0,0.25,1.0,0.25,1.0,1.0,0.25,0.8,1.0,0.8,1.0,1.0,1.0,0.8875,0.4,1.0,0.4,1.0,1.0,1.0,0.8875,0.26666666666666666,1.0,0.26666666666666666,1.0,1.0,1.0,0.8875,0.2,1.0,0.2,1.0,1.0,1.0,0.8875,0.16,1.0,0.16,1.0,1.0,1.0,0.8875,0.13333333333333333,1.0,0.13333333333333333,1.0,1.0,1.0,0.8875,0.11428571428571428,1.0,0.11428571428571428,1.0,1.0,1.0,0.8875,0.1,1.0,0.1,1.0,1.0,1.0,0.8875,0.08888888888888889,1.0,0.08888888888888889,1.0,1.0,1.0,0.8875,0.08,1.0,0.08,1.0,1.0,1.0,0.8875,webtable-cl_optim-v=9-distilroberta-dj_adpt~qwen3_4b-dj_adpt,omnimatch_culture_test,9
recreation_parks_facilities_noisy_3.pq::facility_type,1.0,0.25,1.0,0.25,1.0,1.0,0.25,0.8,1.0,0.8,1.0,1.0,1.0,1.0,0.4,1.0,0.4,1.0,1.0,1.0,1.0,0.26666666666666666,1.0,0.26666666666666666,1.0,1.0,1.0,1.0,0.2,1.0,0.2,1.0,1.0,1.0,1.0,0.16,1.0,0.16,1.0,1.0,1.0,1.0,0.13333333333333333,1.0,0.13333333333333333,1.0,1.0,1.0,1.0,0.11428571428571428,1.0,0.11428571428571428,1.0,1.0,1.0,1.0,0.1,1.0,0.1,1.0,1.0,1.0,1.0,0.08888888888888889,1.0,0.08888888888888889,1.0,1.0,1.0,1.0,0.08,1.0,0.08,1.0,1.0,1.0,1.0,webtable-cl_optim-v=9-distilroberta-dj_adpt~qwen3_4b-dj_adpt,omnimatch_culture_test,9
recreation_parks_facilities_noisy_4.pq::Address,0.0,0.0,1.0,0.25,0.0,0.0,0.0,0.2,0.25,0.8,1.0,1.0,0.5,0.125,0.3,0.75,0.4,1.0,1.0,0.5,0.2714285714285714,0.26666666666666666,1.0,0.26666666666666666,1.0,1.0,0.5,0.36233766233766235,0.2,1.0,0.2,1.0,1.0,0.5,0.36233766233766235,0.16,1.0,0.16,1.0,1.0,0.5,0.36233766233766235,0.13333333333333333,1.0,0.13333333333333333,1.0,1.0,0.5,0.36233766233766235,0.11428571428571428,1.0,0.11428571428571428,1.0,1.0,0.5,0.36233766233766235,0.1,1.0,0.1,1.0,1.0,0.5,0.36233766233766235,0.08888888888888889,1.0,0.08888888888888889,1.0,1.0,0.5,0.36233766233766235,0.08,1.0,0.08,1.0,1.0,0.5,0.36233766233766235,webtable-cl_optim-v=9-distilroberta-dj_adpt~qwen3_4b-dj_adpt,omnimatch_culture_test,9
recreation_parks_facilities_noisy_4.pq::Map_Label,0.0,0.0,1.0,0.2,0.0,0.0,0.0,0.4,0.4,1.0,1.0,1.0,0.5,0.2333333333333333,0.2,0.4,0.5,1.0,1.0,0.5,0.2333333333333333,0.3333333333333333,1.0,0.3333333333333333,1.0,1.0,0.5,0.4163003663003663,0.25,1.0,0.25,1.0,1.0,0.5,0.4163003663003663,0.2,1.0,0.2,1.0,1.0,0.5,0.4163003663003663,0.16666666666666666,1.0,0.16666666666666666,1.0,1.0,0.5,0.4163003663003663,0.14285714285714285,1.0,0.14285714285714285,1.0,1.0,0.5,0.4163003663003663,0.125,1.0,0.125,1.0,1.0,0.5,0.4163003663003663,0.1111111111111111,1.0,0.1111111111111111,1.0,1.0,0.5,0.4163003663003663,0.1,1.0,0.1,1.0,1.0,0.5,0.4163003663003663,webtable-cl_optim-v=9-distilroberta-dj_adpt~qwen3_4b-dj_adpt,omnimatch_culture_test,9
recreation_parks_facilities_noisy_4.pq::TMA_FacilityID,1.0,0.1111111111111111,1.0,0.1111111111111111,1.0,1.0,0.1111111111111111,1.0,0.5555555555555556,1.0,0.5555555555555556,1.0,1.0,0.5555555555555556,0.8,0.8888888888888888,0.9,1.0,1.0,1.0,0.8888888888888888,0.6,1.0,0.6,1.0,1.0,1.0,0.9603174603174602,0.45,1.0,0.45,1.0,1.0,1.0,0.9603174603174602,0.36,1.0,0.36,1.0,1.0,1.0,0.9603174603174602,0.3,1.0,0.3,1.0,1.0,1.0,0.9603174603174602,0.2571428571428571,1.0,0.2571428571428571,1.0,1.0,1.0,0.9603174603174602,0.225,1.0,0.225,1.0,1.0,1.0,0.9603174603174602,0.2,1.0,0.2,1.0,1.0,1.0,0.9603174603174602,0.18,1.0,0.18,1.0,1.0,1.0,0.9603174603174602,webtable-cl_optim-v=9-distilroberta-dj_adpt~qwen3_4b-dj_adpt,omnimatch_culture_test,9
recreation_parks_facilities_noisy_4.pq::TMA_Facility_Name,1.0,0.2,1.0,0.2,1.0,1.0,0.2,0.6,0.6,1.0,1.0,1.0,1.0,0.6,0.3,0.6,0.5,1.0,1.0,1.0,0.6,0.2,0.6,0.3333333333333333,1.0,1.0,1.0,0.6,0.25,1.0,0.25,1.0,1.0,1.0,0.7026315789473684,0.2,1.0,0.2,1.0,1.0,1.0,0.7026315789473684,0.16666666666666666,1.0,0.16666666666666666,1.0,1.0,1.0,0.7026315789473684,0.14285714285714285,1.0,0.14285714285714285,1.0,1.0,1.0,0.7026315789473684,0.125,1.0,0.125,1.0,1.0,1.0,0.7026315789473684,0.1111111111111111,1.0,0.1111111111111111,1.0,1.0,1.0,0.7026315789473684,0.1,1.0,0.1,1.0,1.0,1.0,0.7026315789473684,webtable-cl_optim-v=9-distilroberta-dj_adpt~qwen3_4b-dj_adpt,omnimatch_culture_test,9
recreation_parks_facilities_noisy_5.pq::City,1.0,1.0,1.0,1.0,1.0,1.0,1.0,0.2,1.0,0.2,1.0,1.0,1.0,1.0,0.1,1.0,0.1,1.0,1.0,1.0,1.0,0.06666666666666667,1.0,0.06666666666666667,1.0,1.0,1.0,1.0,0.05,1.0,0.05,1.0,1.0,1.0,1.0,0.04,1.0,0.04,1.0,1.0,1.0,1.0,0.03333333333333333,1.0,0.03333333333333333,1.0,1.0,1.0,1.0,0.02857142857142857,1.0,0.02857142857142857,1.0,1.0,1.0,1.0,0.025,1.0,0.025,1.0,1.0,1.0,1.0,0.022222222222222223,1.0,0.022222222222222223,1.0,1.0,1.0,1.0,0.02,1.0,0.02,1.0,1.0,1.0,1.0,webtable-cl_optim-v=9-distilroberta-dj_adpt~qwen3_4b-dj_adpt,omnimatch_culture_test,9
recreation_parks_facilities_noisy_5.pq::Property_ID,0.0,0.0,1.0,1.0,0.0,0.0,0.0,0.0,0.0,0.2,1.0,0.0,0.0,0.0,0.1,1.0,0.1,1.0,1.0,0.14285714285714285,0.14285714285714285,0.06666666666666667,1.0,0.06666666666666667,1.0,1.0,0.14285714285714285,0.14285714285714285,0.05,1.0,0.05,1.0,1.0,0.14285714285714285,0.14285714285714285,0.04,1.0,0.04,1.0,1.0,0.14285714285714285,0.14285714285714285,0.03333333333333333,1.0,0.03333333333333333,1.0,1.0,0.14285714285714285,0.14285714285714285,0.02857142857142857,1.0,0.02857142857142857,1.0,1.0,0.14285714285714285,0.14285714285714285,0.025,1.0,0.025,1.0,1.0,0.14285714285714285,0.14285714285714285,0.022222222222222223,1.0,0.022222222222222223,1.0,1.0,0.14285714285714285,0.14285714285714285,0.02,1.0,0.02,1.0,1.0,0.14285714285714285,0.14285714285714285,webtable-cl_optim-v=9-distilroberta-dj_adpt~qwen3_4b-dj_adpt,omnimatch_culture_test,9
recreation_parks_facilities_noisy_5.pq::TMA_FacilityID,1.0,0.5,1.0,0.5,1.0,1.0,0.5,0.2,0.5,0.4,1.0,1.0,1.0,0.5,0.1,0.5,0.2,1.0,1.0,1.0,0.5,0.06666666666666667,0.5,0.13333333333333333,1.0,1.0,1.0,0.5,0.05,0.5,0.1,1.0,1.0,1.0,0.5,0.04,0.5,0.08,1.0,1.0,1.0,0.5,0.03333333333333333,0.5,0.06666666666666667,1.0,1.0,1.0,0.5,0.02857142857142857,0.5,0.05714285714285714,1.0,1.0,1.0,0.5,0.025,0.5,0.05,1.0,1.0,1.0,0.5,0.022222222222222223,0.5,0.044444444444444446,1.0,1.0,1.0,0.5,0.02,0.5,0.04,1.0,1.0,1.0,0.5,webtable-cl_optim-v=9-distilroberta-dj_adpt~qwen3_4b-dj_adpt,omnimatch_culture_test,9
recreation_parks_facilities_noisy_5.pq::Zipcode,1.0,1.0,1.0,1.0,1.0,1.0,1.0,0.2,1.0,0.2,1.0,1.0,1.0,1.0,0.1,1.0,0.1,1.0,1.0,1.0,1.0,0.06666666666666667,1.0,0.06666666666666667,1.0,1.0,1.0,1.0,0.05,1.0,0.05,1.0,1.0,1.0,1.0,0.04,1.0,0.04,1.0,1.0,1.0,1.0,0.03333333333333333,1.0,0.03333333333333333,1.0,1.0,1.0,1.0,0.02857142857142857,1.0,0.02857142857142857,1.0,1.0,1.0,1.0,0.025,1.0,0.025,1.0,1.0,1.0,1.0,0.022222222222222223,1.0,0.022222222222222223,1.0,1.0,1.0,1.0,0.02,1.0,0.02,1.0,1.0,1.0,1.0,webtable-cl_optim-v=9-distilroberta-dj_adpt~qwen3_4b-dj_adpt,omnimatch_culture_test,9
recreation_parks_facilities_noisy_5.pq::facility_type,0.0,0.0,1.0,1.0,0.0,0.0,0.0,0.2,1.0,0.2,1.0,1.0,0.25,0.25,0.1,1.0,0.1,1.0,1.0,0.25,0.25,0.06666666666666667,1.0,0.06666666666666667,1.0,1.0,0.25,0.25,0.05,1.0,0.05,1.0,1.0,0.25,0.25,0.04,1.0,0.04,1.0,1.0,0.25,0.25,0.03333333333333333,1.0,0.03333333333333333,1.0,1.0,0.25,0.25,0.02857142857142857,1.0,0.02857142857142857,1.0,1.0,0.25,0.25,0.025,1.0,0.025,1.0,1.0,0.25,0.25,0.022222222222222223,1.0,0.022222222222222223,1.0,1.0,0.25,0.25,0.02,1.0,0.02,1.0,1.0,0.25,0.25,webtable-cl_optim-v=9-distilroberta-dj_adpt~qwen3_4b-dj_adpt,omnimatch_culture_test,9
recreation_parks_facilities_noisy_6.pq::Address,0.0,0.0,1.0,0.3333333333333333,0.0,0.0,0.0,0.2,0.3333333333333333,0.6,1.0,1.0,0.5,0.16666666666666666,0.3,1.0,0.3,1.0,1.0,0.5,0.3611111111111111,0.2,1.0,0.2,1.0,1.0,0.5,0.3611111111111111,0.15,1.0,0.15,1.0,1.0,0.5,0.3611111111111111,0.12,1.0,0.12,1.0,1.0,0.5,0.3611111111111111,0.1,1.0,0.1,1.0,1.0,0.5,0.3611111111111111,0.08571428571428572,1.0,0.08571428571428572,1.0,1.0,0.5,0.3611111111111111,0.075,1.0,0.075,1.0,1.0,0.5,0.3611111111111111,0.06666666666666667,1.0,0.06666666666666667,1.0,1.0,0.5,0.3611111111111111,0.06,1.0,0.06,1.0,1.0,0.5,0.3611111111111111,webtable-cl_optim-v=9-distilroberta-dj_adpt~qwen3_4b-dj_adpt,omnimatch_culture_test,9
recreation_parks_facilities_noisy_6.pq::City,0.0,0.0,1.0,0.3333333333333333,0.0,0.0,0.0,0.6,1.0,0.6,1.0,1.0,0.5,0.5888888888888889,0.3,1.0,0.3,1.0,1.0,0.5,0.5888888888888889,0.2,1.0,0.2,1.0,1.0,0.5,0.5888888888888889,0.15,1.0,0.15,1.0,1.0,0.5,0.5888888888888889,0.12,1.0,0.12,1.0,1.0,0.5,0.5888888888888889,0.1,1.0,0.1,1.0,1.0,0.5,0.5888888888888889,0.08571428571428572,1.0,0.08571428571428572,1.0,1.0,0.5,0.5888888888888889,0.075,1.0,0.075,1.0,1.0,0.5,0.5888888888888889,0.06666666666666667,1.0,0.06666666666666667,1.0,1.0,0.5,0.5888888888888889,0.06,1.0,0.06,1.0,1.0,0.5,0.5888888888888889,webtable-cl_optim-v=9-distilroberta-dj_adpt~qwen3_4b-dj_adpt,omnimatch_culture_test,9
recreation_parks_facilities_noisy_6.pq::Map_Label,0.0,0.0,1.0,0.3333333333333333,0.0,0.0,0.0,0.0,0.0,0.6,1.0,0.0,0.0,0.0,0.2,0.6666666666666666,0.3,1.0,1.0,0.14285714285714285,0.13095238095238096,0.13333333333333333,0.6666666666666666,0.2,1.0,1.0,0.14285714285714285,0.13095238095238096,0.1,0.6666666666666666,0.15,1.0,1.0,0.14285714285714285,0.13095238095238096,0.12,1.0,0.12,1.0,1.0,0.14285714285714285,0.17857142857142858,0.1,1.0,0.1,1.0,1.0,0.14285714285714285,0.17857142857142858,0.08571428571428572,1.0,0.08571428571428572,1.0,1.0,0.14285714285714285,0.17857142857142858,0.075,1.0,0.075,1.0,1.0,0.14285714285714285,0.17857142857142858,0.06666666666666667,1.0,0.06666666666666667,1.0,1.0,0.14285714285714285,0.17857142857142858,0.06,1.0,0.06,1.0,1.0,0.14285714285714285,0.17857142857142858,webtable-cl_optim-v=9-distilroberta-dj_adpt~qwen3_4b-dj_adpt,omnimatch_culture_test,9
recreation_parks_facilities_noisy_6.pq::TMA_FacilityID,0.0,0.0,1.0,0.16666666666666666,0.0,0.0,0.0,0.8,0.6666666666666666,1.0,0.8333333333333334,1.0,0.5,0.4527777777777778,0.6,1.0,0.6,1.0,1.0,0.5,0.6680555555555555,0.4,1.0,0.4,1.0,1.0,0.5,0.6680555555555555,0.3,1.0,0.3,1.0,1.0,0.5,0.6680555555555555,0.24,1.0,0.24,1.0,1.0,0.5,0.6680555555555555,0.2,1.0,0.2,1.0,1.0,0.5,0.6680555555555555,0.17142857142857143,1.0,0.17142857142857143,1.0,1.0,0.5,0.6680555555555555,0.15,1.0,0.15,1.0,1.0,0.5,0.6680555555555555,0.13333333333333333,1.0,0.13333333333333333,1.0,1.0,0.5,0.6680555555555555,0.12,1.0,0.12,1.0,1.0,0.5,0.6680555555555555,webtable-cl_optim-v=9-distilroberta-dj_adpt~qwen3_4b-dj_adpt,omnimatch_culture_test,9
recreation_parks_facilities_noisy_6.pq::TMA_Facility_Name,0.0,0.0,1.0,0.3333333333333333,0.0,0.0,0.0,0.0,0.0,0.6,1.0,0.0,0.0,0.0,0.3,1.0,0.3,1.0,1.0,0.14285714285714285,0.24206349206349206,0.2,1.0,0.2,1.0,1.0,0.14285714285714285,0.24206349206349206,0.15,1.0,0.15,1.0,1.0,0.14285714285714285,0.24206349206349206,0.12,1.0,0.12,1.0,1.0,0.14285714285714285,0.24206349206349206,0.1,1.0,0.1,1.0,1.0,0.14285714285714285,0.24206349206349206,0.08571428571428572,1.0,0.08571428571428572,1.0,1.0,0.14285714285714285,0.24206349206349206,0.075,1.0,0.075,1.0,1.0,0.14285714285714285,0.24206349206349206,0.06666666666666667,1.0,0.06666666666666667,1.0,1.0,0.14285714285714285,0.24206349206349206,0.06,1.0,0.06,1.0,1.0,0.14285714285714285,0.24206349206349206,webtable-cl_optim-v=9-distilroberta-dj_adpt~qwen3_4b-dj_adpt,omnimatch_culture_test,9
recreation_parks_facilities_noisy_7.pq::Map_Label,1.0,0.25,1.0,0.25,1.0,1.0,0.25,0.2,0.25,0.8,1.0,1.0,1.0,0.25,0.3,0.75,0.4,1.0,1.0,1.0,0.3958333333333333,0.2,0.75,0.26666666666666666,1.0,1.0,1.0,0.3958333333333333,0.2,1.0,0.2,1.0,1.0,1.0,0.4513888888888889,0.16,1.0,0.16,1.0,1.0,1.0,0.4513888888888889,0.13333333333333333,1.0,0.13333333333333333,1.0,1.0,1.0,0.4513888888888889,0.11428571428571428,1.0,0.11428571428571428,1.0,1.0,1.0,0.4513888888888889,0.1,1.0,0.1,1.0,1.0,1.0,0.4513888888888889,0.08888888888888889,1.0,0.08888888888888889,1.0,1.0,1.0,0.4513888888888889,0.08,1.0,0.08,1.0,1.0,1.0,0.4513888888888889,webtable-cl_optim-v=9-distilroberta-dj_adpt~qwen3_4b-dj_adpt,omnimatch_culture_test,9
recreation_parks_facilities_noisy_7.pq::Property_ID,1.0,0.3333333333333333,1.0,0.3333333333333333,1.0,1.0,0.3333333333333333,0.4,0.6666666666666666,0.6,1.0,1.0,1.0,0.5555555555555555,0.2,0.6666666666666666,0.3,1.0,1.0,1.0,0.5555555555555555,0.2,1.0,0.2,1.0,1.0,1.0,0.6324786324786325,0.15,1.0,0.15,1.0,1.0,1.0,0.6324786324786325,0.12,1.0,0.12,1.0,1.0,1.0,0.6324786324786325,0.1,1.0,0.1,1.0,1.0,1.0,0.6324786324786325,0.08571428571428572,1.0,0.08571428571428572,1.0,1.0,1.0,0.6324786324786325,0.075,1.0,0.075,1.0,1.0,1.0,0.6324786324786325,0.06666666666666667,1.0,0.06666666666666667,1.0,1.0,1.0,0.6324786324786325,0.06,1.0,0.06,1.0,1.0,1.0,0.6324786324786325,webtable-cl_optim-v=9-distilroberta-dj_adpt~qwen3_4b-dj_adpt,omnimatch_culture_test,9
recreation_parks_facilities_noisy_7.pq::TMA_FacilityID,1.0,0.14285714285714285,1.0,0.14285714285714285,1.0,1.0,0.14285714285714285,0.4,0.2857142857142857,1.0,0.7142857142857143,1.0,1.0,0.2857142857142857,0.5,0.7142857142857143,0.7,1.0,1.0,1.0,0.47420634920634924,0.4,0.8571428571428571,0.4666666666666667,1.0,1.0,1.0,0.5401404151404151,0.3,0.8571428571428571,0.35,1.0,1.0,1.0,0.5401404151404151,0.28,1.0,0.28,1.0,1.0,1.0,0.5818070818070817,0.23333333333333334,1.0,0.23333333333333334,1.0,1.0,1.0,0.5818070818070817,0.2,1.0,0.2,1.0,1.0,1.0,0.5818070818070817,0.175,1.0,0.175,1.0,1.0,1.0,0.5818070818070817,0.15555555555555556,1.0,0.15555555555555556,1.0,1.0,1.0,0.5818070818070817,0.14,1.0,0.14,1.0,1.0,1.0,0.5818070818070817,webtable-cl_optim-v=9-distilroberta-dj_adpt~qwen3_4b-dj_adpt,omnimatch_culture_test,9
recreation_parks_facilities_noisy_7.pq::TMA_Facility_Name,0.0,0.0,1.0,0.25,0.0,0.0,0.0,0.2,0.25,0.8,1.0,1.0,0.2,0.05,0.2,0.5,0.4,1.0,1.0,0.2,0.13333333333333333,0.26666666666666666,1.0,0.26666666666666666,1.0,1.0,0.2,0.25769230769230766,0.2,1.0,0.2,1.0,1.0,0.2,0.25769230769230766,0.16,1.0,0.16,1.0,1.0,0.2,0.25769230769230766,0.13333333333333333,1.0,0.13333333333333333,1.0,1.0,0.2,0.25769230769230766,0.11428571428571428,1.0,0.11428571428571428,1.0,1.0,0.2,0.25769230769230766,0.1,1.0,0.1,1.0,1.0,0.2,0.25769230769230766,0.08888888888888889,1.0,0.08888888888888889,1.0,1.0,0.2,0.25769230769230766,0.08,1.0,0.08,1.0,1.0,0.2,0.25769230769230766,webtable-cl_optim-v=9-distilroberta-dj_adpt~qwen3_4b-dj_adpt,omnimatch_culture_test,9
recreation_parks_facilities_noisy_7.pq::Zipcode,0.0,0.0,1.0,0.3333333333333333,0.0,0.0,0.0,0.2,0.3333333333333333,0.6,1.0,1.0,0.25,0.08333333333333333,0.2,0.6666666666666666,0.3,1.0,1.0,0.25,0.19444444444444442,0.2,1.0,0.2,1.0,1.0,0.25,0.2853535353535353,0.15,1.0,0.15,1.0,1.0,0.25,0.2853535353535353,0.12,1.0,0.12,1.0,1.0,0.25,0.2853535353535353,0.1,1.0,0.1,1.0,1.0,0.25,0.2853535353535353,0.08571428571428572,1.0,0.08571428571428572,1.0,1.0,0.25,0.2853535353535353,0.075,1.0,0.075,1.0,1.0,0.25,0.2853535353535353,0.06666666666666667,1.0,0.06666666666666667,1.0,1.0,0.25,0.2853535353535353,0.06,1.0,0.06,1.0,1.0,0.25,0.2853535353535353,webtable-cl_optim-v=9-distilroberta-dj_adpt~qwen3_4b-dj_adpt,omnimatch_culture_test,9
recreation_parks_facilities_noisy_7.pq::facility_type,1.0,0.3333333333333333,1.0,0.3333333333333333,1.0,1.0,0.3333333333333333,0.6,1.0,0.6,1.0,1.0,1.0,0.8055555555555555,0.3,1.0,0.3,1.0,1.0,1.0,0.8055555555555555,0.2,1.0,0.2,1.0,1.0,1.0,0.8055555555555555,0.15,1.0,0.15,1.0,1.0,1.0,0.8055555555555555,0.12,1.0,0.12,1.0,1.0,1.0,0.8055555555555555,0.1,1.0,0.1,1.0,1.0,1.0,0.8055555555555555,0.08571428571428572,1.0,0.08571428571428572,1.0,1.0,1.0,0.8055555555555555,0.075,1.0,0.075,1.0,1.0,1.0,0.8055555555555555,0.06666666666666667,1.0,0.06666666666666667,1.0,1.0,1.0,0.8055555555555555,0.06,1.0,0.06,1.0,1.0,1.0,0.8055555555555555,webtable-cl_optim-v=9-distilroberta-dj_adpt~qwen3_4b-dj_adpt,omnimatch_culture_test,9
recreation_parks_facilities_noisy_8.pq::Address,0.0,0.0,1.0,0.5,0.0,0.0,0.0,0.0,0.0,0.4,1.0,0.0,0.0,0.0,0.2,1.0,0.2,1.0,1.0,0.125,0.1736111111111111,0.13333333333333333,1.0,0.13333333333333333,1.0,1.0,0.125,0.1736111111111111,0.1,1.0,0.1,1.0,1.0,0.125,0.1736111111111111,0.08,1.0,0.08,1.0,1.0,0.125,0.1736111111111111,0.06666666666666667,1.0,0.06666666666666667,1.0,1.0,0.125,0.1736111111111111,0.05714285714285714,1.0,0.05714285714285714,1.0,1.0,0.125,0.1736111111111111,0.05,1.0,0.05,1.0,1.0,0.125,0.1736111111111111,0.044444444444444446,1.0,0.044444444444444446,1.0,1.0,0.125,0.1736111111111111,0.04,1.0,0.04,1.0,1.0,0.125,0.1736111111111111,webtable-cl_optim-v=9-distilroberta-dj_adpt~qwen3_4b-dj_adpt,omnimatch_culture_test,9
recreation_parks_facilities_noisy_8.pq::Map_Label,0.0,0.0,1.0,0.5,0.0,0.0,0.0,0.0,0.0,0.4,1.0,0.0,0.0,0.0,0.2,1.0,0.2,1.0,1.0,0.16666666666666666,0.22619047619047616,0.13333333333333333,1.0,0.13333333333333333,1.0,1.0,0.16666666666666666,0.22619047619047616,0.1,1.0,0.1,1.0,1.0,0.16666666666666666,0.22619047619047616,0.08,1.0,0.08,1.0,1.0,0.16666666666666666,0.22619047619047616,0.06666666666666667,1.0,0.06666666666666667,1.0,1.0,0.16666666666666666,0.22619047619047616,0.05714285714285714,1.0,0.05714285714285714,1.0,1.0,0.16666666666666666,0.22619047619047616,0.05,1.0,0.05,1.0,1.0,0.16666666666666666,0.22619047619047616,0.044444444444444446,1.0,0.044444444444444446,1.0,1.0,0.16666666666666666,0.22619047619047616,0.04,1.0,0.04,1.0,1.0,0.16666666666666666,0.22619047619047616,webtable-cl_optim-v=9-distilroberta-dj_adpt~qwen3_4b-dj_adpt,omnimatch_culture_test,9
recreation_parks_facilities_noisy_8.pq::TMA_FacilityID,1.0,0.2,1.0,0.2,1.0,1.0,0.2,0.6,0.6,1.0,1.0,1.0,1.0,0.6,0.4,0.8,0.5,1.0,1.0,1.0,0.7333333333333333,0.26666666666666666,0.8,0.3333333333333333,1.0,1.0,1.0,0.7333333333333333,0.2,0.8,0.25,1.0,1.0,1.0,0.7333333333333333,0.16,0.8,0.2,1.0,1.0,1.0,0.7333333333333333,0.13333333333333333,0.8,0.16666666666666666,1.0,1.0,1.0,0.7333333333333333,0.11428571428571428,0.8,0.14285714285714285,1.0,1.0,1.0,0.7333333333333333,0.1,0.8,0.125,1.0,1.0,1.0,0.7333333333333333,0.08888888888888889,0.8,0.1111111111111111,1.0,1.0,1.0,0.7333333333333333,0.08,0.8,0.1,1.0,1.0,1.0,0.7333333333333333,webtable-cl_optim-v=9-distilroberta-dj_adpt~qwen3_4b-dj_adpt,omnimatch_culture_test,9
recreation_parks_facilities_noisy_8.pq::TMA_Facility_Name,0.0,0.0,1.0,0.5,0.0,0.0,0.0,0.2,0.5,0.4,1.0,1.0,0.2,0.1,0.2,1.0,0.2,1.0,1.0,0.2,0.26666666666666666,0.13333333333333333,1.0,0.13333333333333333,1.0,1.0,0.2,0.26666666666666666,0.1,1.0,0.1,1.0,1.0,0.2,0.26666666666666666,0.08,1.0,0.08,1.0,1.0,0.2,0.26666666666666666,0.06666666666666667,1.0,0.06666666666666667,1.0,1.0,0.2,0.26666666666666666,0.05714285714285714,1.0,0.05714285714285714,1.0,1.0,0.2,0.26666666666666666,0.05,1.0,0.05,1.0,1.0,0.2,0.26666666666666666,0.044444444444444446,1.0,0.044444444444444446,1.0,1.0,0.2,0.26666666666666666,0.04,1.0,0.04,1.0,1.0,0.2,0.26666666666666666,webtable-cl_optim-v=9-distilroberta-dj_adpt~qwen3_4b-dj_adpt,omnimatch_culture_test,9
recreation_parks_facilities_noisy_9.pq::TMA_FacilityID,1.0,1.0,1.0,1.0,1.0,1.0,1.0,0.2,1.0,0.2,1.0,1.0,1.0,1.0,0.1,1.0,0.1,1.0,1.0,1.0,1.0,0.06666666666666667,1.0,0.06666666666666667,1.0,1.0,1.0,1.0,0.05,1.0,0.05,1.0,1.0,1.0,1.0,0.04,1.0,0.04,1.0,1.0,1.0,1.0,0.03333333333333333,1.0,0.03333333333333333,1.0,1.0,1.0,1.0,0.02857142857142857,1.0,0.02857142857142857,1.0,1.0,1.0,1.0,0.025,1.0,0.025,1.0,1.0,1.0,1.0,0.022222222222222223,1.0,0.022222222222222223,1.0,1.0,1.0,1.0,0.02,1.0,0.02,1.0,1.0,1.0,1.0,webtable-cl_optim-v=9-distilroberta-dj_adpt~qwen3_4b-dj_adpt,omnimatch_culture_test,9
recreation_parks_properties_noisy_0.pq::Address,0.0,0.0,1.0,0.5,0.0,0.0,0.0,0.4,1.0,0.4,1.0,1.0,0.3333333333333333,0.41666666666666663,0.2,1.0,0.2,1.0,1.0,0.3333333333333333,0.41666666666666663,0.13333333333333333,1.0,0.13333333333333333,1.0,1.0,0.3333333333333333,0.41666666666666663,0.1,1.0,0.1,1.0,1.0,0.3333333333333333,0.41666666666666663,0.08,1.0,0.08,1.0,1.0,0.3333333333333333,0.41666666666666663,0.06666666666666667,1.0,0.06666666666666667,1.0,1.0,0.3333333333333333,0.41666666666666663,0.05714285714285714,1.0,0.05714285714285714,1.0,1.0,0.3333333333333333,0.41666666666666663,0.05,1.0,0.05,1.0,1.0,0.3333333333333333,0.41666666666666663,0.044444444444444446,1.0,0.044444444444444446,1.0,1.0,0.3333333333333333,0.41666666666666663,0.04,1.0,0.04,1.0,1.0,0.3333333333333333,0.41666666666666663,webtable-cl_optim-v=9-distilroberta-dj_adpt~qwen3_4b-dj_adpt,omnimatch_culture_test,9
recreation_parks_properties_noisy_0.pq::Map_Label,0.0,0.0,1.0,0.25,0.0,0.0,0.0,0.6,0.75,0.8,1.0,1.0,0.5,0.44166666666666665,0.3,0.75,0.4,1.0,1.0,0.5,0.44166666666666665,0.2,0.75,0.26666666666666666,1.0,1.0,0.5,0.44166666666666665,0.15,0.75,0.2,1.0,1.0,0.5,0.44166666666666665,0.12,0.75,0.16,1.0,1.0,0.5,0.44166666666666665,0.1,0.75,0.13333333333333333,1.0,1.0,0.5,0.44166666666666665,0.08571428571428572,0.75,0.11428571428571428,1.0,1.0,0.5,0.44166666666666665,0.075,0.75,0.1,1.0,1.0,0.5,0.44166666666666665,0.06666666666666667,0.75,0.08888888888888889,1.0,1.0,0.5,0.44166666666666665,0.06,0.75,0.08,1.0,1.0,0.5,0.44166666666666665,webtable-cl_optim-v=9-distilroberta-dj_adpt~qwen3_4b-dj_adpt,omnimatch_culture_test,9
recreation_parks_properties_noisy_0.pq::OBJECTID,0.0,0.0,1.0,0.16666666666666666,0.0,0.0,0.0,0.0,0.0,1.0,0.8333333333333334,0.0,0.0,0.0,0.2,0.3333333333333333,0.6,1.0,1.0,0.125,0.05787037037037037,0.13333333333333333,0.3333333333333333,0.4,1.0,1.0,0.125,0.05787037037037037,0.1,0.3333333333333333,0.3,1.0,1.0,0.125,0.05787037037037037,0.12,0.5,0.24,1.0,1.0,0.125,0.08167989417989417,0.1,0.5,0.2,1.0,1.0,0.125,0.08167989417989417,0.08571428571428572,0.5,0.17142857142857143,1.0,1.0,0.125,0.08167989417989417,0.075,0.5,0.15,1.0,1.0,0.125,0.08167989417989417,0.06666666666666667,0.5,0.13333333333333333,1.0,1.0,0.125,0.08167989417989417,0.06,0.5,0.12,1.0,1.0,0.125,0.08167989417989417,webtable-cl_optim-v=9-distilroberta-dj_adpt~qwen3_4b-dj_adpt,omnimatch_culture_test,9
recreation_parks_properties_noisy_0.pq::PropertyType,0.0,0.0,1.0,0.5,0.0,0.0,0.0,0.4,1.0,0.4,1.0,1.0,0.5,0.5,0.2,1.0,0.2,1.0,1.0,0.5,0.5,0.13333333333333333,1.0,0.13333333333333333,1.0,1.0,0.5,0.5,0.1,1.0,0.1,1.0,1.0,0.5,0.5,0.08,1.0,0.08,1.0,1.0,0.5,0.5,0.06666666666666667,1.0,0.06666666666666667,1.0,1.0,0.5,0.5,0.05714285714285714,1.0,0.05714285714285714,1.0,1.0,0.5,0.5,0.05,1.0,0.05,1.0,1.0,0.5,0.5,0.044444444444444446,1.0,0.044444444444444446,1.0,1.0,0.5,0.5,0.04,1.0,0.04,1.0,1.0,0.5,0.5,webtable-cl_optim-v=9-distilroberta-dj_adpt~qwen3_4b-dj_adpt,omnimatch_culture_test,9
recreation_parks_properties_noisy_0.pq::TMA_PropertyID,0.0,0.0,1.0,0.5,0.0,0.0,0.0,0.2,0.5,0.4,1.0,1.0,0.25,0.125,0.1,0.5,0.2,1.0,1.0,0.25,0.125,0.06666666666666667,0.5,0.13333333333333333,1.0,1.0,0.25,0.125,0.05,0.5,0.1,1.0,1.0,0.25,0.125,0.08,1.0,0.08,1.0,1.0,0.25,0.16666666666666666,0.06666666666666667,1.0,0.06666666666666667,1.0,1.0,0.25,0.16666666666666666,0.05714285714285714,1.0,0.05714285714285714,1.0,1.0,0.25,0.16666666666666666,0.05,1.0,0.05,1.0,1.0,0.25,0.16666666666666666,0.044444444444444446,1.0,0.044444444444444446,1.0,1.0,0.25,0.16666666666666666,0.04,1.0,0.04,1.0,1.0,0.25,0.16666666666666666,webtable-cl_optim-v=9-distilroberta-dj_adpt~qwen3_4b-dj_adpt,omnimatch_culture_test,9
recreation_parks_properties_noisy_0.pq::created_date,0.0,0.0,1.0,0.5,0.0,0.0,0.0,0.4,1.0,0.4,1.0,1.0,0.3333333333333333,0.41666666666666663,0.2,1.0,0.2,1.0,1.0,0.3333333333333333,0.41666666666666663,0.13333333333333333,1.0,0.13333333333333333,1.0,1.0,0.3333333333333333,0.41666666666666663,0.1,1.0,0.1,1.0,1.0,0.3333333333333333,0.41666666666666663,0.08,1.0,0.08,1.0,1.0,0.3333333333333333,0.41666666666666663,0.06666666666666667,1.0,0.06666666666666667,1.0,1.0,0.3333333333333333,0.41666666666666663,0.05714285714285714,1.0,0.05714285714285714,1.0,1.0,0.3333333333333333,0.41666666666666663,0.05,1.0,0.05,1.0,1.0,0.3333333333333333,0.41666666666666663,0.044444444444444446,1.0,0.044444444444444446,1.0,1.0,0.3333333333333333,0.41666666666666663,0.04,1.0,0.04,1.0,1.0,0.3333333333333333,0.41666666666666663,webtable-cl_optim-v=9-distilroberta-dj_adpt~qwen3_4b-dj_adpt,omnimatch_culture_test,9
recreation_parks_properties_noisy_0.pq::created_user,0.0,0.0,1.0,0.5,0.0,0.0,0.0,0.4,1.0,0.4,1.0,1.0,0.25,0.325,0.2,1.0,0.2,1.0,1.0,0.25,0.325,0.13333333333333333,1.0,0.13333333333333333,1.0,1.0,0.25,0.325,0.1,1.0,0.1,1.0,1.0,0.25,0.325,0.08,1.0,0.08,1.0,1.0,0.25,0.325,0.06666666666666667,1.0,0.06666666666666667,1.0,1.0,0.25,0.325,0.05714285714285714,1.0,0.05714285714285714,1.0,1.0,0.25,0.325,0.05,1.0,0.05,1.0,1.0,0.25,0.325,0.044444444444444446,1.0,0.044444444444444446,1.0,1.0,0.25,0.325,0.04,1.0,0.04,1.0,1.0,0.25,0.325,webtable-cl_optim-v=9-distilroberta-dj_adpt~qwen3_4b-dj_adpt,omnimatch_culture_test,9
recreation_parks_properties_noisy_0.pq::last_edited_user,0.0,0.0,1.0,0.5,0.0,0.0,0.0,0.4,1.0,0.4,1.0,1.0,0.5,0.5,0.2,1.0,0.2,1.0,1.0,0.5,0.5,0.13333333333333333,1.0,0.13333333333333333,1.0,1.0,0.5,0.5,0.1,1.0,0.1,1.0,1.0,0.5,0.5,0.08,1.0,0.08,1.0,1.0,0.5,0.5,0.06666666666666667,1.0,0.06666666666666667,1.0,1.0,0.5,0.5,0.05714285714285714,1.0,0.05714285714285714,1.0,1.0,0.5,0.5,0.05,1.0,0.05,1.0,1.0,0.5,0.5,0.044444444444444446,1.0,0.044444444444444446,1.0,1.0,0.5,0.5,0.04,1.0,0.04,1.0,1.0,0.5,0.5,webtable-cl_optim-v=9-distilroberta-dj_adpt~qwen3_4b-dj_adpt,omnimatch_culture_test,9
recreation_parks_properties_noisy_1.pq::City,0.0,0.0,1.0,1.0,0.0,0.0,0.0,0.0,0.0,0.2,1.0,0.0,0.0,0.0,0.1,1.0,0.1,1.0,1.0,0.16666666666666666,0.16666666666666666,0.06666666666666667,1.0,0.06666666666666667,1.0,1.0,0.16666666666666666,0.16666666666666666,0.05,1.0,0.05,1.0,1.0,0.16666666666666666,0.16666666666666666,0.04,1.0,0.04,1.0,1.0,0.16666666666666666,0.16666666666666666,0.03333333333333333,1.0,0.03333333333333333,1.0,1.0,0.16666666666666666,0.16666666666666666,0.02857142857142857,1.0,0.02857142857142857,1.0,1.0,0.16666666666666666,0.16666666666666666,0.025,1.0,0.025,1.0,1.0,0.16666666666666666,0.16666666666666666,0.022222222222222223,1.0,0.022222222222222223,1.0,1.0,0.16666666666666666,0.16666666666666666,0.02,1.0,0.02,1.0,1.0,0.16666666666666666,0.16666666666666666,webtable-cl_optim-v=9-distilroberta-dj_adpt~qwen3_4b-dj_adpt,omnimatch_culture_test,9
recreation_parks_properties_noisy_1.pq::Complex,1.0,1.0,1.0,1.0,1.0,1.0,1.0,0.2,1.0,0.2,1.0,1.0,1.0,1.0,0.1,1.0,0.1,1.0,1.0,1.0,1.0,0.06666666666666667,1.0,0.06666666666666667,1.0,1.0,1.0,1.0,0.05,1.0,0.05,1.0,1.0,1.0,1.0,0.04,1.0,0.04,1.0,1.0,1.0,1.0,0.03333333333333333,1.0,0.03333333333333333,1.0,1.0,1.0,1.0,0.02857142857142857,1.0,0.02857142857142857,1.0,1.0,1.0,1.0,0.025,1.0,0.025,1.0,1.0,1.0,1.0,0.022222222222222223,1.0,0.022222222222222223,1.0,1.0,1.0,1.0,0.02,1.0,0.02,1.0,1.0,1.0,1.0,webtable-cl_optim-v=9-distilroberta-dj_adpt~qwen3_4b-dj_adpt,omnimatch_culture_test,9
recreation_parks_properties_noisy_1.pq::MONS_Neighborhood,0.0,0.0,1.0,1.0,0.0,0.0,0.0,0.0,0.0,0.2,1.0,0.0,0.0,0.0,0.1,1.0,0.1,1.0,1.0,0.14285714285714285,0.14285714285714285,0.06666666666666667,1.0,0.06666666666666667,1.0,1.0,0.14285714285714285,0.14285714285714285,0.05,1.0,0.05,1.0,1.0,0.14285714285714285,0.14285714285714285,0.04,1.0,0.04,1.0,1.0,0.14285714285714285,0.14285714285714285,0.03333333333333333,1.0,0.03333333333333333,1.0,1.0,0.14285714285714285,0.14285714285714285,0.02857142857142857,1.0,0.02857142857142857,1.0,1.0,0.14285714285714285,0.14285714285714285,0.025,1.0,0.025,1.0,1.0,0.14285714285714285,0.14285714285714285,0.022222222222222223,1.0,0.022222222222222223,1.0,1.0,0.14285714285714285,0.14285714285714285,0.02,1.0,0.02,1.0,1.0,0.14285714285714285,0.14285714285714285,webtable-cl_optim-v=9-distilroberta-dj_adpt~qwen3_4b-dj_adpt,omnimatch_culture_test,9
recreation_parks_properties_noisy_1.pq::OBJECTID,0.0,0.0,1.0,0.5,0.0,0.0,0.0,0.0,0.0,0.4,1.0,0.0,0.0,0.0,0.0,0.0,0.2,1.0,0.0,0.0,0.0,0.06666666666666667,0.5,0.13333333333333333,1.0,1.0,0.06666666666666667,0.03333333333333333,0.05,0.5,0.1,1.0,1.0,0.06666666666666667,0.03333333333333333,0.04,0.5,0.08,1.0,1.0,0.06666666666666667,0.03333333333333333,0.03333333333333333,0.5,0.06666666666666667,1.0,1.0,0.06666666666666667,0.03333333333333333,0.02857142857142857,0.5,0.05714285714285714,1.0,1.0,0.06666666666666667,0.03333333333333333,0.05,1.0,0.05,1.0,1.0,0.06666666666666667,0.06036036036036036,0.044444444444444446,1.0,0.044444444444444446,1.0,1.0,0.06666666666666667,0.06036036036036036,0.04,1.0,0.04,1.0,1.0,0.06666666666666667,0.06036036036036036,webtable-cl_optim-v=9-distilroberta-dj_adpt~qwen3_4b-dj_adpt,omnimatch_culture_test,9
recreation_parks_properties_noisy_1.pq::Ownership,0.0,0.0,1.0,1.0,0.0,0.0,0.0,0.2,1.0,0.2,1.0,1.0,0.25,0.25,0.1,1.0,0.1,1.0,1.0,0.25,0.25,0.06666666666666667,1.0,0.06666666666666667,1.0,1.0,0.25,0.25,0.05,1.0,0.05,1.0,1.0,0.25,0.25,0.04,1.0,0.04,1.0,1.0,0.25,0.25,0.03333333333333333,1.0,0.03333333333333333,1.0,1.0,0.25,0.25,0.02857142857142857,1.0,0.02857142857142857,1.0,1.0,0.25,0.25,0.025,1.0,0.025,1.0,1.0,0.25,0.25,0.022222222222222223,1.0,0.022222222222222223,1.0,1.0,0.25,0.25,0.02,1.0,0.02,1.0,1.0,0.25,0.25,webtable-cl_optim-v=9-distilroberta-dj_adpt~qwen3_4b-dj_adpt,omnimatch_culture_test,9
recreation_parks_properties_noisy_1.pq::Police_District,1.0,1.0,1.0,1.0,1.0,1.0,1.0,0.2,1.0,0.2,1.0,1.0,1.0,1.0,0.1,1.0,0.1,1.0,1.0,1.0,1.0,0.06666666666666667,1.0,0.06666666666666667,1.0,1.0,1.0,1.0,0.05,1.0,0.05,1.0,1.0,1.0,1.0,0.04,1.0,0.04,1.0,1.0,1.0,1.0,0.03333333333333333,1.0,0.03333333333333333,1.0,1.0,1.0,1.0,0.02857142857142857,1.0,0.02857142857142857,1.0,1.0,1.0,1.0,0.025,1.0,0.025,1.0,1.0,1.0,1.0,0.022222222222222223,1.0,0.022222222222222223,1.0,1.0,1.0,1.0,0.02,1.0,0.02,1.0,1.0,1.0,1.0,webtable-cl_optim-v=9-distilroberta-dj_adpt~qwen3_4b-dj_adpt,omnimatch_culture_test,9
recreation_parks_properties_noisy_1.pq::Realtor_Neighborhood,0.0,0.0,1.0,1.0,0.0,0.0,0.0,0.0,0.0,0.2,1.0,0.0,0.0,0.0,0.1,1.0,0.1,1.0,1.0,0.1,0.1,0.06666666666666667,1.0,0.06666666666666667,1.0,1.0,0.1,0.1,0.05,1.0,0.05,1.0,1.0,0.1,0.1,0.04,1.0,0.04,1.0,1.0,0.1,0.1,0.03333333333333333,1.0,0.03333333333333333,1.0,1.0,0.1,0.1,0.02857142857142857,1.0,0.02857142857142857,1.0,1.0,0.1,0.1,0.025,1.0,0.025,1.0,1.0,0.1,0.1,0.022222222222222223,1.0,0.022222222222222223,1.0,1.0,0.1,0.1,0.02,1.0,0.02,1.0,1.0,0.1,0.1,webtable-cl_optim-v=9-distilroberta-dj_adpt~qwen3_4b-dj_adpt,omnimatch_culture_test,9
recreation_parks_properties_noisy_1.pq::State_Assembly,0.0,0.0,1.0,1.0,0.0,0.0,0.0,0.2,1.0,0.2,1.0,1.0,0.3333333333333333,0.3333333333333333,0.1,1.0,0.1,1.0,1.0,0.3333333333333333,0.3333333333333333,0.06666666666666667,1.0,0.06666666666666667,1.0,1.0,0.3333333333333333,0.3333333333333333,0.05,1.0,0.05,1.0,1.0,0.3333333333333333,0.3333333333333333,0.04,1.0,0.04,1.0,1.0,0.3333333333333333,0.3333333333333333,0.03333333333333333,1.0,0.03333333333333333,1.0,1.0,0.3333333333333333,0.3333333333333333,0.02857142857142857,1.0,0.02857142857142857,1.0,1.0,0.3333333333333333,0.3333333333333333,0.025,1.0,0.025,1.0,1.0,0.3333333333333333,0.3333333333333333,0.022222222222222223,1.0,0.022222222222222223,1.0,1.0,0.3333333333333333,0.3333333333333333,0.02,1.0,0.02,1.0,1.0,0.3333333333333333,0.3333333333333333,webtable-cl_optim-v=9-distilroberta-dj_adpt~qwen3_4b-dj_adpt,omnimatch_culture_test,9
recreation_parks_properties_noisy_1.pq::Zipcode,0.0,0.0,1.0,1.0,0.0,0.0,0.0,0.0,0.0,0.2,1.0,0.0,0.0,0.0,0.0,0.0,0.1,1.0,0.0,0.0,0.0,0.06666666666666667,1.0,0.06666666666666667,1.0,1.0,0.07142857142857142,0.07142857142857142,0.05,1.0,0.05,1.0,1.0,0.07142857142857142,0.07142857142857142,0.04,1.0,0.04,1.0,1.0,0.07142857142857142,0.07142857142857142,0.03333333333333333,1.0,0.03333333333333333,1.0,1.0,0.07142857142857142,0.07142857142857142,0.02857142857142857,1.0,0.02857142857142857,1.0,1.0,0.07142857142857142,0.07142857142857142,0.025,1.0,0.025,1.0,1.0,0.07142857142857142,0.07142857142857142,0.022222222222222223,1.0,0.022222222222222223,1.0,1.0,0.07142857142857142,0.07142857142857142,0.02,1.0,0.02,1.0,1.0,0.07142857142857142,0.07142857142857142,webtable-cl_optim-v=9-distilroberta-dj_adpt~qwen3_4b-dj_adpt,omnimatch_culture_test,9
recreation_parks_properties_noisy_2.pq::Address,0.0,0.0,1.0,0.25,0.0,0.0,0.0,0.2,0.25,0.8,1.0,1.0,0.2,0.05,0.4,1.0,0.4,1.0,1.0,0.2,0.3404761904761905,0.26666666666666666,1.0,0.26666666666666666,1.0,1.0,0.2,0.3404761904761905,0.2,1.0,0.2,1.0,1.0,0.2,0.3404761904761905,0.16,1.0,0.16,1.0,1.0,0.2,0.3404761904761905,0.13333333333333333,1.0,0.13333333333333333,1.0,1.0,0.2,0.3404761904761905,0.11428571428571428,1.0,0.11428571428571428,1.0,1.0,0.2,0.3404761904761905,0.1,1.0,0.1,1.0,1.0,0.2,0.3404761904761905,0.08888888888888889,1.0,0.08888888888888889,1.0,1.0,0.2,0.3404761904761905,0.08,1.0,0.08,1.0,1.0,0.2,0.3404761904761905,webtable-cl_optim-v=9-distilroberta-dj_adpt~qwen3_4b-dj_adpt,omnimatch_culture_test,9
recreation_parks_properties_noisy_2.pq::City,1.0,0.25,1.0,0.25,1.0,1.0,0.25,0.4,0.5,0.8,1.0,1.0,1.0,0.5,0.4,1.0,0.4,1.0,1.0,1.0,0.7321428571428571,0.26666666666666666,1.0,0.26666666666666666,1.0,1.0,1.0,0.7321428571428571,0.2,1.0,0.2,1.0,1.0,1.0,0.7321428571428571,0.16,1.0,0.16,1.0,1.0,1.0,0.7321428571428571,0.13333333333333333,1.0,0.13333333333333333,1.0,1.0,1.0,0.7321428571428571,0.11428571428571428,1.0,0.11428571428571428,1.0,1.0,1.0,0.7321428571428571,0.1,1.0,0.1,1.0,1.0,1.0,0.7321428571428571,0.08888888888888889,1.0,0.08888888888888889,1.0,1.0,1.0,0.7321428571428571,0.08,1.0,0.08,1.0,1.0,1.0,0.7321428571428571,webtable-cl_optim-v=9-distilroberta-dj_adpt~qwen3_4b-dj_adpt,omnimatch_culture_test,9
recreation_parks_properties_noisy_2.pq::Map_Label,1.0,0.14285714285714285,1.0,0.14285714285714285,1.0,1.0,0.14285714285714285,1.0,0.7142857142857143,1.0,0.7142857142857143,1.0,1.0,0.7142857142857143,0.6,0.8571428571428571,0.7,1.0,1.0,1.0,0.8571428571428571,0.4,0.8571428571428571,0.4666666666666667,1.0,1.0,1.0,0.8571428571428571,0.3,0.8571428571428571,0.35,1.0,1.0,1.0,0.8571428571428571,0.24,0.8571428571428571,0.28,1.0,1.0,1.0,0.8571428571428571,0.2,0.8571428571428571,0.23333333333333334,1.0,1.0,1.0,0.8571428571428571,0.17142857142857143,0.8571428571428571,0.2,1.0,1.0,1.0,0.8571428571428571,0.15,0.8571428571428571,0.175,1.0,1.0,1.0,0.8571428571428571,0.13333333333333333,0.8571428571428571,0.15555555555555556,1.0,1.0,1.0,0.8571428571428571,0.12,0.8571428571428571,0.14,1.0,1.0,1.0,0.8571428571428571,webtable-cl_optim-v=9-distilroberta-dj_adpt~qwen3_4b-dj_adpt,omnimatch_culture_test,9
recreation_parks_properties_noisy_2.pq::OBJECTID,0.0,0.0,1.0,0.1111111111111111,0.0,0.0,0.0,0.0,0.0,1.0,0.5555555555555556,0.0,0.0,0.0,0.0,0.0,0.9,1.0,0.0,0.0,0.0,0.13333333333333333,0.2222222222222222,0.6,1.0,1.0,0.09090909090909091,0.028619528619528618,0.15,0.3333333333333333,0.45,1.0,1.0,0.09090909090909091,0.04713804713804713,0.12,0.3333333333333333,0.36,1.0,1.0,0.09090909090909091,0.04713804713804713,0.1,0.3333333333333333,0.3,1.0,1.0,0.09090909090909091,0.04713804713804713,0.14285714285714285,0.5555555555555556,0.2571428571428571,1.0,1.0,0.09090909090909091,0.07647907647907648,0.125,0.5555555555555556,0.225,1.0,1.0,0.09090909090909091,0.07647907647907648,0.1111111111111111,0.5555555555555556,0.2,1.0,1.0,0.09090909090909091,0.07647907647907648,0.1,0.5555555555555556,0.18,1.0,1.0,0.09090909090909091,0.07647907647907648,webtable-cl_optim-v=9-distilroberta-dj_adpt~qwen3_4b-dj_adpt,omnimatch_culture_test,9
recreation_parks_properties_noisy_2.pq::PropertyType,1.0,0.25,1.0,0.25,1.0,1.0,0.25,0.8,1.0,0.8,1.0,1.0,1.0,1.0,0.4,1.0,0.4,1.0,1.0,1.0,1.0,0.26666666666666666,1.0,0.26666666666666666,1.0,1.0,1.0,1.0,0.2,1.0,0.2,1.0,1.0,1.0,1.0,0.16,1.0,0.16,1.0,1.0,1.0,1.0,0.13333333333333333,1.0,0.13333333333333333,1.0,1.0,1.0,1.0,0.11428571428571428,1.0,0.11428571428571428,1.0,1.0,1.0,1.0,0.1,1.0,0.1,1.0,1.0,1.0,1.0,0.08888888888888889,1.0,0.08888888888888889,1.0,1.0,1.0,1.0,0.08,1.0,0.08,1.0,1.0,1.0,1.0,webtable-cl_optim-v=9-distilroberta-dj_adpt~qwen3_4b-dj_adpt,omnimatch_culture_test,9
recreation_parks_properties_noisy_2.pq::TMA_PropertyID,0.0,0.0,1.0,0.2,0.0,0.0,0.0,0.4,0.4,1.0,1.0,1.0,0.5,0.2,0.2,0.4,0.5,1.0,1.0,0.5,0.2,0.26666666666666666,0.8,0.3333333333333333,1.0,1.0,0.5,0.2961904761904762,0.2,0.8,0.25,1.0,1.0,0.5,0.2961904761904762,0.2,1.0,0.2,1.0,1.0,0.5,0.3438095238095238,0.16666666666666666,1.0,0.16666666666666666,1.0,1.0,0.5,0.3438095238095238,0.14285714285714285,1.0,0.14285714285714285,1.0,1.0,0.5,0.3438095238095238,0.125,1.0,0.125,1.0,1.0,0.5,0.3438095238095238,0.1111111111111111,1.0,0.1111111111111111,1.0,1.0,0.5,0.3438095238095238,0.1,1.0,0.1,1.0,1.0,0.5,0.3438095238095238,webtable-cl_optim-v=9-distilroberta-dj_adpt~qwen3_4b-dj_adpt,omnimatch_culture_test,9
recreation_parks_properties_noisy_2.pq::created_date,1.0,0.25,1.0,0.25,1.0,1.0,0.25,0.8,1.0,0.8,1.0,1.0,1.0,1.0,0.4,1.0,0.4,1.0,1.0,1.0,1.0,0.26666666666666666,1.0,0.26666666666666666,1.0,1.0,1.0,1.0,0.2,1.0,0.2,1.0,1.0,1.0,1.0,0.16,1.0,0.16,1.0,1.0,1.0,1.0,0.13333333333333333,1.0,0.13333333333333333,1.0,1.0,1.0,1.0,0.11428571428571428,1.0,0.11428571428571428,1.0,1.0,1.0,1.0,0.1,1.0,0.1,1.0,1.0,1.0,1.0,0.08888888888888889,1.0,0.08888888888888889,1.0,1.0,1.0,1.0,0.08,1.0,0.08,1.0,1.0,1.0,1.0,webtable-cl_optim-v=9-distilroberta-dj_adpt~qwen3_4b-dj_adpt,omnimatch_culture_test,9
recreation_parks_properties_noisy_2.pq::created_user,0.0,0.0,1.0,0.25,0.0,0.0,0.0,0.6,0.75,0.8,1.0,1.0,0.3333333333333333,0.35833333333333334,0.4,1.0,0.4,1.0,1.0,0.3333333333333333,0.525,0.26666666666666666,1.0,0.26666666666666666,1.0,1.0,0.3333333333333333,0.525,0.2,1.0,0.2,1.0,1.0,0.3333333333333333,0.525,0.16,1.0,0.16,1.0,1.0,0.3333333333333333,0.525,0.13333333333333333,1.0,0.13333333333333333,1.0,1.0,0.3333333333333333,0.525,0.11428571428571428,1.0,0.11428571428571428,1.0,1.0,0.3333333333333333,0.525,0.1,1.0,0.1,1.0,1.0,0.3333333333333333,0.525,0.08888888888888889,1.0,0.08888888888888889,1.0,1.0,0.3333333333333333,0.525,0.08,1.0,0.08,1.0,1.0,0.3333333333333333,0.525,webtable-cl_optim-v=9-distilroberta-dj_adpt~qwen3_4b-dj_adpt,omnimatch_culture_test,9
recreation_parks_properties_noisy_2.pq::last_edited_user,1.0,0.25,1.0,0.25,1.0,1.0,0.25,0.8,1.0,0.8,1.0,1.0,1.0,1.0,0.4,1.0,0.4,1.0,1.0,1.0,1.0,0.26666666666666666,1.0,0.26666666666666666,1.0,1.0,1.0,1.0,0.2,1.0,0.2,1.0,1.0,1.0,1.0,0.16,1.0,0.16,1.0,1.0,1.0,1.0,0.13333333333333333,1.0,0.13333333333333333,1.0,1.0,1.0,1.0,0.11428571428571428,1.0,0.11428571428571428,1.0,1.0,1.0,1.0,0.1,1.0,0.1,1.0,1.0,1.0,1.0,0.08888888888888889,1.0,0.08888888888888889,1.0,1.0,1.0,1.0,0.08,1.0,0.08,1.0,1.0,1.0,1.0,webtable-cl_optim-v=9-distilroberta-dj_adpt~qwen3_4b-dj_adpt,omnimatch_culture_test,9
recreation_parks_properties_noisy_4.pq::Map_Label,0.0,0.0,1.0,1.0,0.0,0.0,0.0,0.0,0.0,0.2,1.0,0.0,0.0,0.0,0.0,0.0,0.1,1.0,0.0,0.0,0.0,0.0,0.0,0.06666666666666667,1.0,0.0,0.0,0.0,0.0,0.0,0.05,1.0,0.0,0.0,0.0,0.0,0.0,0.04,1.0,0.0,0.0,0.0,0.0,0.0,0.03333333333333333,1.0,0.0,0.0,0.0,0.0,0.0,0.02857142857142857,1.0,0.0,0.0,0.0,0.0,0.0,0.025,1.0,0.0,0.0,0.0,0.0,0.0,0.022222222222222223,1.0,0.0,0.0,0.0,0.0,0.0,0.02,1.0,0.0,0.0,0.0,webtable-cl_optim-v=9-distilroberta-dj_adpt~qwen3_4b-dj_adpt,omnimatch_culture_test,9
recreation_parks_properties_noisy_4.pq::OBJECTID,0.0,0.0,1.0,1.0,0.0,0.0,0.0,0.0,0.0,0.2,1.0,0.0,0.0,0.0,0.1,1.0,0.1,1.0,1.0,0.1111111111111111,0.1111111111111111,0.06666666666666667,1.0,0.06666666666666667,1.0,1.0,0.1111111111111111,0.1111111111111111,0.05,1.0,0.05,1.0,1.0,0.1111111111111111,0.1111111111111111,0.04,1.0,0.04,1.0,1.0,0.1111111111111111,0.1111111111111111,0.03333333333333333,1.0,0.03333333333333333,1.0,1.0,0.1111111111111111,0.1111111111111111,0.02857142857142857,1.0,0.02857142857142857,1.0,1.0,0.1111111111111111,0.1111111111111111,0.025,1.0,0.025,1.0,1.0,0.1111111111111111,0.1111111111111111,0.022222222222222223,1.0,0.022222222222222223,1.0,1.0,0.1111111111111111,0.1111111111111111,0.02,1.0,0.02,1.0,1.0,0.1111111111111111,0.1111111111111111,webtable-cl_optim-v=9-distilroberta-dj_adpt~qwen3_4b-dj_adpt,omnimatch_culture_test,9
recreation_parks_properties_noisy_5.pq::Complex,1.0,0.25,1.0,0.25,1.0,1.0,0.25,0.8,1.0,0.8,1.0,1.0,1.0,0.95,0.4,1.0,0.4,1.0,1.0,1.0,0.95,0.26666666666666666,1.0,0.26666666666666666,1.0,1.0,1.0,0.95,0.2,1.0,0.2,1.0,1.0,1.0,0.95,0.16,1.0,0.16,1.0,1.0,1.0,0.95,0.13333333333333333,1.0,0.13333333333333333,1.0,1.0,1.0,0.95,0.11428571428571428,1.0,0.11428571428571428,1.0,1.0,1.0,0.95,0.1,1.0,0.1,1.0,1.0,1.0,0.95,0.08888888888888889,1.0,0.08888888888888889,1.0,1.0,1.0,0.95,0.08,1.0,0.08,1.0,1.0,1.0,0.95,webtable-cl_optim-v=9-distilroberta-dj_adpt~qwen3_4b-dj_adpt,omnimatch_culture_test,9
recreation_parks_properties_noisy_5.pq::MONS_Neighborhood,0.0,0.0,1.0,0.25,0.0,0.0,0.0,0.4,0.5,0.8,1.0,1.0,0.3333333333333333,0.20833333333333331,0.3,0.75,0.4,1.0,1.0,0.3333333333333333,0.31547619047619047,0.2,0.75,0.26666666666666666,1.0,1.0,0.3333333333333333,0.31547619047619047,0.15,0.75,0.2,1.0,1.0,0.3333333333333333,0.31547619047619047,0.12,0.75,0.16,1.0,1.0,0.3333333333333333,0.31547619047619047,0.1,0.75,0.13333333333333333,1.0,1.0,0.3333333333333333,0.31547619047619047,0.08571428571428572,0.75,0.11428571428571428,1.0,1.0,0.3333333333333333,0.31547619047619047,0.075,0.75,0.1,1.0,1.0,0.3333333333333333,0.31547619047619047,0.06666666666666667,0.75,0.08888888888888889,1.0,1.0,0.3333333333333333,0.31547619047619047,0.08,1.0,0.08,1.0,1.0,0.3333333333333333,0.33721532091097306,webtable-cl_optim-v=9-distilroberta-dj_adpt~qwen3_4b-dj_adpt,omnimatch_culture_test,9
recreation_parks_properties_noisy_5.pq::Map_Label,1.0,0.2,1.0,0.2,1.0,1.0,0.2,0.6,0.6,1.0,1.0,1.0,1.0,0.6,0.5,1.0,0.5,1.0,1.0,1.0,0.8392857142857142,0.3333333333333333,1.0,0.3333333333333333,1.0,1.0,1.0,0.8392857142857142,0.25,1.0,0.25,1.0,1.0,1.0,0.8392857142857142,0.2,1.0,0.2,1.0,1.0,1.0,0.8392857142857142,0.16666666666666666,1.0,0.16666666666666666,1.0,1.0,1.0,0.8392857142857142,0.14285714285714285,1.0,0.14285714285714285,1.0,1.0,1.0,0.8392857142857142,0.125,1.0,0.125,1.0,1.0,1.0,0.8392857142857142,0.1111111111111111,1.0,0.1111111111111111,1.0,1.0,1.0,0.8392857142857142,0.1,1.0,0.1,1.0,1.0,1.0,0.8392857142857142,webtable-cl_optim-v=9-distilroberta-dj_adpt~qwen3_4b-dj_adpt,omnimatch_culture_test,9
recreation_parks_properties_noisy_5.pq::OBJECTID,0.0,0.0,1.0,0.14285714285714285,0.0,0.0,0.0,0.0,0.0,1.0,0.7142857142857143,0.0,0.0,0.0,0.2,0.2857142857142857,0.7,1.0,1.0,0.16666666666666666,0.06462585034013604,0.13333333333333333,0.2857142857142857,0.4666666666666667,1.0,1.0,0.16666666666666666,0.06462585034013604,0.1,0.2857142857142857,0.35,1.0,1.0,0.16666666666666666,0.06462585034013604,0.12,0.42857142857142855,0.28,1.0,1.0,0.16666666666666666,0.08503401360544217,0.13333333333333333,0.5714285714285714,0.23333333333333334,1.0,1.0,0.16666666666666666,0.10544217687074829,0.14285714285714285,0.7142857142857143,0.2,1.0,1.0,0.16666666666666666,0.12645058023209282,0.125,0.7142857142857143,0.175,1.0,1.0,0.16666666666666666,0.12645058023209282,0.1111111111111111,0.7142857142857143,0.15555555555555556,1.0,1.0,0.16666666666666666,0.12645058023209282,0.1,0.7142857142857143,0.14,1.0,1.0,0.16666666666666666,0.12645058023209282,webtable-cl_optim-v=9-distilroberta-dj_adpt~qwen3_4b-dj_adpt,omnimatch_culture_test,9
recreation_parks_properties_noisy_5.pq::Ownership,1.0,0.25,1.0,0.25,1.0,1.0,0.25,0.8,1.0,0.8,1.0,1.0,1.0,1.0,0.4,1.0,0.4,1.0,1.0,1.0,1.0,0.26666666666666666,1.0,0.26666666666666666,1.0,1.0,1.0,1.0,0.2,1.0,0.2,1.0,1.0,1.0,1.0,0.16,1.0,0.16,1.0,1.0,1.0,1.0,0.13333333333333333,1.0,0.13333333333333333,1.0,1.0,1.0,1.0,0.11428571428571428,1.0,0.11428571428571428,1.0,1.0,1.0,1.0,0.1,1.0,0.1,1.0,1.0,1.0,1.0,0.08888888888888889,1.0,0.08888888888888889,1.0,1.0,1.0,1.0,0.08,1.0,0.08,1.0,1.0,1.0,1.0,webtable-cl_optim-v=9-distilroberta-dj_adpt~qwen3_4b-dj_adpt,omnimatch_culture_test,9
recreation_parks_properties_noisy_5.pq::Police_District,1.0,0.25,1.0,0.25,1.0,1.0,0.25,0.8,1.0,0.8,1.0,1.0,1.0,1.0,0.4,1.0,0.4,1.0,1.0,1.0,1.0,0.26666666666666666,1.0,0.26666666666666666,1.0,1.0,1.0,1.0,0.2,1.0,0.2,1.0,1.0,1.0,1.0,0.16,1.0,0.16,1.0,1.0,1.0,1.0,0.13333333333333333,1.0,0.13333333333333333,1.0,1.0,1.0,1.0,0.11428571428571428,1.0,0.11428571428571428,1.0,1.0,1.0,1.0,0.1,1.0,0.1,1.0,1.0,1.0,1.0,0.08888888888888889,1.0,0.08888888888888889,1.0,1.0,1.0,1.0,0.08,1.0,0.08,1.0,1.0,1.0,1.0,webtable-cl_optim-v=9-distilroberta-dj_adpt~qwen3_4b-dj_adpt,omnimatch_culture_test,9
recreation_parks_properties_noisy_5.pq::Realtor_Neighborhood,1.0,0.25,1.0,0.25,1.0,1.0,0.25,0.4,0.5,0.8,1.0,1.0,1.0,0.5,0.3,0.75,0.4,1.0,1.0,1.0,0.6071428571428571,0.2,0.75,0.26666666666666666,1.0,1.0,1.0,0.6071428571428571,0.15,0.75,0.2,1.0,1.0,1.0,0.6071428571428571,0.12,0.75,0.16,1.0,1.0,1.0,0.6071428571428571,0.1,0.75,0.13333333333333333,1.0,1.0,1.0,0.6071428571428571,0.11428571428571428,1.0,0.11428571428571428,1.0,1.0,1.0,0.6383928571428571,0.1,1.0,0.1,1.0,1.0,1.0,0.6383928571428571,0.08888888888888889,1.0,0.08888888888888889,1.0,1.0,1.0,0.6383928571428571,0.08,1.0,0.08,1.0,1.0,1.0,0.6383928571428571,webtable-cl_optim-v=9-distilroberta-dj_adpt~qwen3_4b-dj_adpt,omnimatch_culture_test,9
recreation_parks_properties_noisy_5.pq::State_Assembly,1.0,0.25,1.0,0.25,1.0,1.0,0.25,0.8,1.0,0.8,1.0,1.0,1.0,1.0,0.4,1.0,0.4,1.0,1.0,1.0,1.0,0.26666666666666666,1.0,0.26666666666666666,1.0,1.0,1.0,1.0,0.2,1.0,0.2,1.0,1.0,1.0,1.0,0.16,1.0,0.16,1.0,1.0,1.0,1.0,0.13333333333333333,1.0,0.13333333333333333,1.0,1.0,1.0,1.0,0.11428571428571428,1.0,0.11428571428571428,1.0,1.0,1.0,1.0,0.1,1.0,0.1,1.0,1.0,1.0,1.0,0.08888888888888889,1.0,0.08888888888888889,1.0,1.0,1.0,1.0,0.08,1.0,0.08,1.0,1.0,1.0,1.0,webtable-cl_optim-v=9-distilroberta-dj_adpt~qwen3_4b-dj_adpt,omnimatch_culture_test,9
recreation_parks_properties_noisy_5.pq::TMA_PropertyID,1.0,0.3333333333333333,1.0,0.3333333333333333,1.0,1.0,0.3333333333333333,0.6,1.0,0.6,1.0,1.0,1.0,0.9166666666666666,0.3,1.0,0.3,1.0,1.0,1.0,0.9166666666666666,0.2,1.0,0.2,1.0,1.0,1.0,0.9166666666666666,0.15,1.0,0.15,1.0,1.0,1.0,0.9166666666666666,0.12,1.0,0.12,1.0,1.0,1.0,0.9166666666666666,0.1,1.0,0.1,1.0,1.0,1.0,0.9166666666666666,0.08571428571428572,1.0,0.08571428571428572,1.0,1.0,1.0,0.9166666666666666,0.075,1.0,0.075,1.0,1.0,1.0,0.9166666666666666,0.06666666666666667,1.0,0.06666666666666667,1.0,1.0,1.0,0.9166666666666666,0.06,1.0,0.06,1.0,1.0,1.0,0.9166666666666666,webtable-cl_optim-v=9-distilroberta-dj_adpt~qwen3_4b-dj_adpt,omnimatch_culture_test,9
recreation_parks_properties_noisy_5.pq::Zipcode,1.0,0.25,1.0,0.25,1.0,1.0,0.25,0.6,0.75,0.8,1.0,1.0,1.0,0.75,0.3,0.75,0.4,1.0,1.0,1.0,0.75,0.26666666666666666,1.0,0.26666666666666666,1.0,1.0,1.0,0.8333333333333334,0.2,1.0,0.2,1.0,1.0,1.0,0.8333333333333334,0.16,1.0,0.16,1.0,1.0,1.0,0.8333333333333334,0.13333333333333333,1.0,0.13333333333333333,1.0,1.0,1.0,0.8333333333333334,0.11428571428571428,1.0,0.11428571428571428,1.0,1.0,1.0,0.8333333333333334,0.1,1.0,0.1,1.0,1.0,1.0,0.8333333333333334,0.08888888888888889,1.0,0.08888888888888889,1.0,1.0,1.0,0.8333333333333334,0.08,1.0,0.08,1.0,1.0,1.0,0.8333333333333334,webtable-cl_optim-v=9-distilroberta-dj_adpt~qwen3_4b-dj_adpt,omnimatch_culture_test,9
recreation_parks_properties_noisy_6.pq::Address,0.0,0.0,1.0,1.0,0.0,0.0,0.0,0.2,1.0,0.2,1.0,1.0,0.25,0.25,0.1,1.0,0.1,1.0,1.0,0.25,0.25,0.06666666666666667,1.0,0.06666666666666667,1.0,1.0,0.25,0.25,0.05,1.0,0.05,1.0,1.0,0.25,0.25,0.04,1.0,0.04,1.0,1.0,0.25,0.25,0.03333333333333333,1.0,0.03333333333333333,1.0,1.0,0.25,0.25,0.02857142857142857,1.0,0.02857142857142857,1.0,1.0,0.25,0.25,0.025,1.0,0.025,1.0,1.0,0.25,0.25,0.022222222222222223,1.0,0.022222222222222223,1.0,1.0,0.25,0.25,0.02,1.0,0.02,1.0,1.0,0.25,0.25,webtable-cl_optim-v=9-distilroberta-dj_adpt~qwen3_4b-dj_adpt,omnimatch_culture_test,9
recreation_parks_properties_noisy_6.pq::City,0.0,0.0,1.0,0.5,0.0,0.0,0.0,0.2,0.5,0.4,1.0,1.0,0.5,0.25,0.2,1.0,0.2,1.0,1.0,0.5,0.3611111111111111,0.13333333333333333,1.0,0.13333333333333333,1.0,1.0,0.5,0.3611111111111111,0.1,1.0,0.1,1.0,1.0,0.5,0.3611111111111111,0.08,1.0,0.08,1.0,1.0,0.5,0.3611111111111111,0.06666666666666667,1.0,0.06666666666666667,1.0,1.0,0.5,0.3611111111111111,0.05714285714285714,1.0,0.05714285714285714,1.0,1.0,0.5,0.3611111111111111,0.05,1.0,0.05,1.0,1.0,0.5,0.3611111111111111,0.044444444444444446,1.0,0.044444444444444446,1.0,1.0,0.5,0.3611111111111111,0.04,1.0,0.04,1.0,1.0,0.5,0.3611111111111111,webtable-cl_optim-v=9-distilroberta-dj_adpt~qwen3_4b-dj_adpt,omnimatch_culture_test,9
recreation_parks_properties_noisy_6.pq::Map_Label,0.0,0.0,1.0,0.5,0.0,0.0,0.0,0.2,0.5,0.4,1.0,1.0,0.5,0.25,0.1,0.5,0.2,1.0,1.0,0.5,0.25,0.06666666666666667,0.5,0.13333333333333333,1.0,1.0,0.5,0.25,0.05,0.5,0.1,1.0,1.0,0.5,0.25,0.04,0.5,0.08,1.0,1.0,0.5,0.25,0.03333333333333333,0.5,0.06666666666666667,1.0,1.0,0.5,0.25,0.02857142857142857,0.5,0.05714285714285714,1.0,1.0,0.5,0.25,0.025,0.5,0.05,1.0,1.0,0.5,0.25,0.022222222222222223,0.5,0.044444444444444446,1.0,1.0,0.5,0.25,0.02,0.5,0.04,1.0,1.0,0.5,0.25,webtable-cl_optim-v=9-distilroberta-dj_adpt~qwen3_4b-dj_adpt,omnimatch_culture_test,9
recreation_parks_properties_noisy_6.pq::OBJECTID,0.0,0.0,1.0,0.3333333333333333,0.0,0.0,0.0,0.2,0.3333333333333333,0.6,1.0,1.0,0.5,0.16666666666666666,0.1,0.3333333333333333,0.3,1.0,1.0,0.5,0.16666666666666666,0.06666666666666667,0.3333333333333333,0.2,1.0,1.0,0.5,0.16666666666666666,0.1,0.6666666666666666,0.15,1.0,1.0,0.5,0.19999999999999998,0.08,0.6666666666666666,0.12,1.0,1.0,0.5,0.19999999999999998,0.06666666666666667,0.6666666666666666,0.1,1.0,1.0,0.5,0.19999999999999998,0.08571428571428572,1.0,0.08571428571428572,1.0,1.0,0.5,0.22857142857142856,0.075,1.0,0.075,1.0,1.0,0.5,0.22857142857142856,0.06666666666666667,1.0,0.06666666666666667,1.0,1.0,0.5,0.22857142857142856,0.06,1.0,0.06,1.0,1.0,0.5,0.22857142857142856,webtable-cl_optim-v=9-distilroberta-dj_adpt~qwen3_4b-dj_adpt,omnimatch_culture_test,9
recreation_parks_properties_noisy_6.pq::PropertyType,0.0,0.0,1.0,1.0,0.0,0.0,0.0,0.2,1.0,0.2,1.0,1.0,0.3333333333333333,0.3333333333333333,0.1,1.0,0.1,1.0,1.0,0.3333333333333333,0.3333333333333333,0.06666666666666667,1.0,0.06666666666666667,1.0,1.0,0.3333333333333333,0.3333333333333333,0.05,1.0,0.05,1.0,1.0,0.3333333333333333,0.3333333333333333,0.04,1.0,0.04,1.0,1.0,0.3333333333333333,0.3333333333333333,0.03333333333333333,1.0,0.03333333333333333,1.0,1.0,0.3333333333333333,0.3333333333333333,0.02857142857142857,1.0,0.02857142857142857,1.0,1.0,0.3333333333333333,0.3333333333333333,0.025,1.0,0.025,1.0,1.0,0.3333333333333333,0.3333333333333333,0.022222222222222223,1.0,0.022222222222222223,1.0,1.0,0.3333333333333333,0.3333333333333333,0.02,1.0,0.02,1.0,1.0,0.3333333333333333,0.3333333333333333,webtable-cl_optim-v=9-distilroberta-dj_adpt~qwen3_4b-dj_adpt,omnimatch_culture_test,9
recreation_parks_properties_noisy_6.pq::TMA_PropertyID,0.0,0.0,1.0,1.0,0.0,0.0,0.0,0.0,0.0,0.2,1.0,0.0,0.0,0.0,0.0,0.0,0.1,1.0,0.0,0.0,0.0,0.06666666666666667,1.0,0.06666666666666667,1.0,1.0,0.08333333333333333,0.08333333333333333,0.05,1.0,0.05,1.0,1.0,0.08333333333333333,0.08333333333333333,0.04,1.0,0.04,1.0,1.0,0.08333333333333333,0.08333333333333333,0.03333333333333333,1.0,0.03333333333333333,1.0,1.0,0.08333333333333333,0.08333333333333333,0.02857142857142857,1.0,0.02857142857142857,1.0,1.0,0.08333333333333333,0.08333333333333333,0.025,1.0,0.025,1.0,1.0,0.08333333333333333,0.08333333333333333,0.022222222222222223,1.0,0.022222222222222223,1.0,1.0,0.08333333333333333,0.08333333333333333,0.02,1.0,0.02,1.0,1.0,0.08333333333333333,0.08333333333333333,webtable-cl_optim-v=9-distilroberta-dj_adpt~qwen3_4b-dj_adpt,omnimatch_culture_test,9
recreation_parks_properties_noisy_6.pq::created_date,0.0,0.0,1.0,1.0,0.0,0.0,0.0,0.2,1.0,0.2,1.0,1.0,0.5,0.5,0.1,1.0,0.1,1.0,1.0,0.5,0.5,0.06666666666666667,1.0,0.06666666666666667,1.0,1.0,0.5,0.5,0.05,1.0,0.05,1.0,1.0,0.5,0.5,0.04,1.0,0.04,1.0,1.0,0.5,0.5,0.03333333333333333,1.0,0.03333333333333333,1.0,1.0,0.5,0.5,0.02857142857142857,1.0,0.02857142857142857,1.0,1.0,0.5,0.5,0.025,1.0,0.025,1.0,1.0,0.5,0.5,0.022222222222222223,1.0,0.022222222222222223,1.0,1.0,0.5,0.5,0.02,1.0,0.02,1.0,1.0,0.5,0.5,webtable-cl_optim-v=9-distilroberta-dj_adpt~qwen3_4b-dj_adpt,omnimatch_culture_test,9
recreation_parks_properties_noisy_6.pq::created_user,0.0,0.0,1.0,1.0,0.0,0.0,0.0,0.2,1.0,0.2,1.0,1.0,0.5,0.5,0.1,1.0,0.1,1.0,1.0,0.5,0.5,0.06666666666666667,1.0,0.06666666666666667,1.0,1.0,0.5,0.5,0.05,1.0,0.05,1.0,1.0,0.5,0.5,0.04,1.0,0.04,1.0,1.0,0.5,0.5,0.03333333333333333,1.0,0.03333333333333333,1.0,1.0,0.5,0.5,0.02857142857142857,1.0,0.02857142857142857,1.0,1.0,0.5,0.5,0.025,1.0,0.025,1.0,1.0,0.5,0.5,0.022222222222222223,1.0,0.022222222222222223,1.0,1.0,0.5,0.5,0.02,1.0,0.02,1.0,1.0,0.5,0.5,webtable-cl_optim-v=9-distilroberta-dj_adpt~qwen3_4b-dj_adpt,omnimatch_culture_test,9
recreation_parks_properties_noisy_6.pq::last_edited_user,0.0,0.0,1.0,1.0,0.0,0.0,0.0,0.0,0.0,0.2,1.0,0.0,0.0,0.0,0.1,1.0,0.1,1.0,1.0,0.125,0.125,0.06666666666666667,1.0,0.06666666666666667,1.0,1.0,0.125,0.125,0.05,1.0,0.05,1.0,1.0,0.125,0.125,0.04,1.0,0.04,1.0,1.0,0.125,0.125,0.03333333333333333,1.0,0.03333333333333333,1.0,1.0,0.125,0.125,0.02857142857142857,1.0,0.02857142857142857,1.0,1.0,0.125,0.125,0.025,1.0,0.025,1.0,1.0,0.125,0.125,0.022222222222222223,1.0,0.022222222222222223,1.0,1.0,0.125,0.125,0.02,1.0,0.02,1.0,1.0,0.125,0.125,webtable-cl_optim-v=9-distilroberta-dj_adpt~qwen3_4b-dj_adpt,omnimatch_culture_test,9
recreation_parks_properties_noisy_7.pq::Complex,0.0,0.0,1.0,0.3333333333333333,0.0,0.0,0.0,0.6,1.0,0.6,1.0,1.0,0.5,0.6388888888888888,0.3,1.0,0.3,1.0,1.0,0.5,0.6388888888888888,0.2,1.0,0.2,1.0,1.0,0.5,0.6388888888888888,0.15,1.0,0.15,1.0,1.0,0.5,0.6388888888888888,0.12,1.0,0.12,1.0,1.0,0.5,0.6388888888888888,0.1,1.0,0.1,1.0,1.0,0.5,0.6388888888888888,0.08571428571428572,1.0,0.08571428571428572,1.0,1.0,0.5,0.6388888888888888,0.075,1.0,0.075,1.0,1.0,0.5,0.6388888888888888,0.06666666666666667,1.0,0.06666666666666667,1.0,1.0,0.5,0.6388888888888888,0.06,1.0,0.06,1.0,1.0,0.5,0.6388888888888888,webtable-cl_optim-v=9-distilroberta-dj_adpt~qwen3_4b-dj_adpt,omnimatch_culture_test,9
recreation_parks_properties_noisy_7.pq::MONS_Neighborhood,0.0,0.0,1.0,0.3333333333333333,0.0,0.0,0.0,0.0,0.0,0.6,1.0,0.0,0.0,0.0,0.1,0.3333333333333333,0.3,1.0,1.0,0.14285714285714285,0.047619047619047616,0.06666666666666667,0.3333333333333333,0.2,1.0,1.0,0.14285714285714285,0.047619047619047616,0.05,0.3333333333333333,0.15,1.0,1.0,0.14285714285714285,0.047619047619047616,0.04,0.3333333333333333,0.12,1.0,1.0,0.14285714285714285,0.047619047619047616,0.03333333333333333,0.3333333333333333,0.1,1.0,1.0,0.14285714285714285,0.047619047619047616,0.02857142857142857,0.3333333333333333,0.08571428571428572,1.0,1.0,0.14285714285714285,0.047619047619047616,0.05,0.6666666666666666,0.075,1.0,1.0,0.14285714285714285,0.06563706563706563,0.044444444444444446,0.6666666666666666,0.06666666666666667,1.0,1.0,0.14285714285714285,0.06563706563706563,0.04,0.6666666666666666,0.06,1.0,1.0,0.14285714285714285,0.06563706563706563,webtable-cl_optim-v=9-distilroberta-dj_adpt~qwen3_4b-dj_adpt,omnimatch_culture_test,9
recreation_parks_properties_noisy_7.pq::Map_Label,0.0,0.0,1.0,0.3333333333333333,0.0,0.0,0.0,0.2,0.3333333333333333,0.6,1.0,1.0,0.5,0.16666666666666666,0.2,0.6666666666666666,0.3,1.0,1.0,0.5,0.27777777777777773,0.13333333333333333,0.6666666666666666,0.2,1.0,1.0,0.5,0.27777777777777773,0.1,0.6666666666666666,0.15,1.0,1.0,0.5,0.27777777777777773,0.08,0.6666666666666666,0.12,1.0,1.0,0.5,0.27777777777777773,0.06666666666666667,0.6666666666666666,0.1,1.0,1.0,0.5,0.27777777777777773,0.05714285714285714,0.6666666666666666,0.08571428571428572,1.0,1.0,0.5,0.27777777777777773,0.05,0.6666666666666666,0.075,1.0,1.0,0.5,0.27777777777777773,0.044444444444444446,0.6666666666666666,0.06666666666666667,1.0,1.0,0.5,0.27777777777777773,0.04,0.6666666666666666,0.06,1.0,1.0,0.5,0.27777777777777773,webtable-cl_optim-v=9-distilroberta-dj_adpt~qwen3_4b-dj_adpt,omnimatch_culture_test,9
recreation_parks_properties_noisy_7.pq::OBJECTID,1.0,0.2,1.0,0.2,1.0,1.0,0.2,0.4,0.4,1.0,1.0,1.0,1.0,0.3333333333333333,0.3,0.6,0.5,1.0,1.0,1.0,0.4333333333333333,0.2,0.6,0.3333333333333333,1.0,1.0,1.0,0.4333333333333333,0.15,0.6,0.25,1.0,1.0,1.0,0.4333333333333333,0.12,0.6,0.2,1.0,1.0,1.0,0.4333333333333333,0.1,0.6,0.16666666666666666,1.0,1.0,1.0,0.4333333333333333,0.08571428571428572,0.6,0.14285714285714285,1.0,1.0,1.0,0.4333333333333333,0.075,0.6,0.125,1.0,1.0,1.0,0.4333333333333333,0.06666666666666667,0.6,0.1111111111111111,1.0,1.0,1.0,0.4333333333333333,0.06,0.6,0.1,1.0,1.0,1.0,0.4333333333333333,webtable-cl_optim-v=9-distilroberta-dj_adpt~qwen3_4b-dj_adpt,omnimatch_culture_test,9
recreation_parks_properties_noisy_7.pq::Ownership,0.0,0.0,1.0,0.3333333333333333,0.0,0.0,0.0,0.6,1.0,0.6,1.0,1.0,0.5,0.6388888888888888,0.3,1.0,0.3,1.0,1.0,0.5,0.6388888888888888,0.2,1.0,0.2,1.0,1.0,0.5,0.6388888888888888,0.15,1.0,0.15,1.0,1.0,0.5,0.6388888888888888,0.12,1.0,0.12,1.0,1.0,0.5,0.6388888888888888,0.1,1.0,0.1,1.0,1.0,0.5,0.6388888888888888,0.08571428571428572,1.0,0.08571428571428572,1.0,1.0,0.5,0.6388888888888888,0.075,1.0,0.075,1.0,1.0,0.5,0.6388888888888888,0.06666666666666667,1.0,0.06666666666666667,1.0,1.0,0.5,0.6388888888888888,0.06,1.0,0.06,1.0,1.0,0.5,0.6388888888888888,webtable-cl_optim-v=9-distilroberta-dj_adpt~qwen3_4b-dj_adpt,omnimatch_culture_test,9
recreation_parks_properties_noisy_7.pq::Police_District,1.0,0.3333333333333333,1.0,0.3333333333333333,1.0,1.0,0.3333333333333333,0.6,1.0,0.6,1.0,1.0,1.0,0.9166666666666666,0.3,1.0,0.3,1.0,1.0,1.0,0.9166666666666666,0.2,1.0,0.2,1.0,1.0,1.0,0.9166666666666666,0.15,1.0,0.15,1.0,1.0,1.0,0.9166666666666666,0.12,1.0,0.12,1.0,1.0,1.0,0.9166666666666666,0.1,1.0,0.1,1.0,1.0,1.0,0.9166666666666666,0.08571428571428572,1.0,0.08571428571428572,1.0,1.0,1.0,0.9166666666666666,0.075,1.0,0.075,1.0,1.0,1.0,0.9166666666666666,0.06666666666666667,1.0,0.06666666666666667,1.0,1.0,1.0,0.9166666666666666,0.06,1.0,0.06,1.0,1.0,1.0,0.9166666666666666,webtable-cl_optim-v=9-distilroberta-dj_adpt~qwen3_4b-dj_adpt,omnimatch_culture_test,9
recreation_parks_properties_noisy_7.pq::Realtor_Neighborhood,1.0,0.3333333333333333,1.0,0.3333333333333333,1.0,1.0,0.3333333333333333,0.2,0.3333333333333333,0.6,1.0,1.0,1.0,0.3333333333333333,0.2,0.6666666666666666,0.3,1.0,1.0,1.0,0.4444444444444444,0.13333333333333333,0.6666666666666666,0.2,1.0,1.0,1.0,0.4444444444444444,0.15,1.0,0.15,1.0,1.0,1.0,0.5032679738562091,0.12,1.0,0.12,1.0,1.0,1.0,0.5032679738562091,0.1,1.0,0.1,1.0,1.0,1.0,0.5032679738562091,0.08571428571428572,1.0,0.08571428571428572,1.0,1.0,1.0,0.5032679738562091,0.075,1.0,0.075,1.0,1.0,1.0,0.5032679738562091,0.06666666666666667,1.0,0.06666666666666667,1.0,1.0,1.0,0.5032679738562091,0.06,1.0,0.06,1.0,1.0,1.0,0.5032679738562091,webtable-cl_optim-v=9-distilroberta-dj_adpt~qwen3_4b-dj_adpt,omnimatch_culture_test,9
recreation_parks_properties_noisy_7.pq::State_Assembly,1.0,0.3333333333333333,1.0,0.3333333333333333,1.0,1.0,0.3333333333333333,0.6,1.0,0.6,1.0,1.0,1.0,0.8055555555555555,0.3,1.0,0.3,1.0,1.0,1.0,0.8055555555555555,0.2,1.0,0.2,1.0,1.0,1.0,0.8055555555555555,0.15,1.0,0.15,1.0,1.0,1.0,0.8055555555555555,0.12,1.0,0.12,1.0,1.0,1.0,0.8055555555555555,0.1,1.0,0.1,1.0,1.0,1.0,0.8055555555555555,0.08571428571428572,1.0,0.08571428571428572,1.0,1.0,1.0,0.8055555555555555,0.075,1.0,0.075,1.0,1.0,1.0,0.8055555555555555,0.06666666666666667,1.0,0.06666666666666667,1.0,1.0,1.0,0.8055555555555555,0.06,1.0,0.06,1.0,1.0,1.0,0.8055555555555555,webtable-cl_optim-v=9-distilroberta-dj_adpt~qwen3_4b-dj_adpt,omnimatch_culture_test,9
recreation_parks_properties_noisy_7.pq::Zipcode,0.0,0.0,1.0,0.3333333333333333,0.0,0.0,0.0,0.4,0.6666666666666666,0.6,1.0,1.0,0.5,0.38888888888888884,0.2,0.6666666666666666,0.3,1.0,1.0,0.5,0.38888888888888884,0.2,1.0,0.2,1.0,1.0,0.5,0.47222222222222215,0.15,1.0,0.15,1.0,1.0,0.5,0.47222222222222215,0.12,1.0,0.12,1.0,1.0,0.5,0.47222222222222215,0.1,1.0,0.1,1.0,1.0,0.5,0.47222222222222215,0.08571428571428572,1.0,0.08571428571428572,1.0,1.0,0.5,0.47222222222222215,0.075,1.0,0.075,1.0,1.0,0.5,0.47222222222222215,0.06666666666666667,1.0,0.06666666666666667,1.0,1.0,0.5,0.47222222222222215,0.06,1.0,0.06,1.0,1.0,0.5,0.47222222222222215,webtable-cl_optim-v=9-distilroberta-dj_adpt~qwen3_4b-dj_adpt,omnimatch_culture_test,9
recreation_parks_properties_noisy_8.pq::Address,1.0,0.3333333333333333,1.0,0.3333333333333333,1.0,1.0,0.3333333333333333,0.4,0.6666666666666666,0.6,1.0,1.0,1.0,0.4666666666666666,0.3,1.0,0.3,1.0,1.0,1.0,0.5777777777777778,0.2,1.0,0.2,1.0,1.0,1.0,0.5777777777777778,0.15,1.0,0.15,1.0,1.0,1.0,0.5777777777777778,0.12,1.0,0.12,1.0,1.0,1.0,0.5777777777777778,0.1,1.0,0.1,1.0,1.0,1.0,0.5777777777777778,0.08571428571428572,1.0,0.08571428571428572,1.0,1.0,1.0,0.5777777777777778,0.075,1.0,0.075,1.0,1.0,1.0,0.5777777777777778,0.06666666666666667,1.0,0.06666666666666667,1.0,1.0,1.0,0.5777777777777778,0.06,1.0,0.06,1.0,1.0,1.0,0.5777777777777778,webtable-cl_optim-v=9-distilroberta-dj_adpt~qwen3_4b-dj_adpt,omnimatch_culture_test,9
recreation_parks_properties_noisy_8.pq::Map_Label,1.0,0.16666666666666666,1.0,0.16666666666666666,1.0,1.0,0.16666666666666666,0.8,0.6666666666666666,1.0,0.8333333333333334,1.0,1.0,0.6666666666666666,0.6,1.0,0.6,1.0,1.0,1.0,0.9107142857142857,0.4,1.0,0.4,1.0,1.0,1.0,0.9107142857142857,0.3,1.0,0.3,1.0,1.0,1.0,0.9107142857142857,0.24,1.0,0.24,1.0,1.0,1.0,0.9107142857142857,0.2,1.0,0.2,1.0,1.0,1.0,0.9107142857142857,0.17142857142857143,1.0,0.17142857142857143,1.0,1.0,1.0,0.9107142857142857,0.15,1.0,0.15,1.0,1.0,1.0,0.9107142857142857,0.13333333333333333,1.0,0.13333333333333333,1.0,1.0,1.0,0.9107142857142857,0.12,1.0,0.12,1.0,1.0,1.0,0.9107142857142857,webtable-cl_optim-v=9-distilroberta-dj_adpt~qwen3_4b-dj_adpt,omnimatch_culture_test,9
recreation_parks_properties_noisy_8.pq::OBJECTID,0.0,0.0,1.0,0.125,0.0,0.0,0.0,0.2,0.125,1.0,0.625,1.0,0.2,0.025,0.4,0.5,0.8,1.0,1.0,0.2,0.18273809523809523,0.26666666666666666,0.5,0.5333333333333333,1.0,1.0,0.2,0.18273809523809523,0.25,0.625,0.4,1.0,1.0,0.2,0.21950280112044818,0.2,0.625,0.32,1.0,1.0,0.2,0.21950280112044818,0.2,0.75,0.26666666666666666,1.0,1.0,0.2,0.24834895496660203,0.17142857142857143,0.75,0.22857142857142856,1.0,1.0,0.2,0.24834895496660203,0.15,0.75,0.2,1.0,1.0,0.2,0.24834895496660203,0.13333333333333333,0.75,0.17777777777777778,1.0,1.0,0.2,0.24834895496660203,0.12,0.75,0.16,1.0,1.0,0.2,0.24834895496660203,webtable-cl_optim-v=9-distilroberta-dj_adpt~qwen3_4b-dj_adpt,omnimatch_culture_test,9
recreation_parks_properties_noisy_8.pq::PropertyType,1.0,0.3333333333333333,1.0,0.3333333333333333,1.0,1.0,0.3333333333333333,0.6,1.0,0.6,1.0,1.0,1.0,0.8055555555555555,0.3,1.0,0.3,1.0,1.0,1.0,0.8055555555555555,0.2,1.0,0.2,1.0,1.0,1.0,0.8055555555555555,0.15,1.0,0.15,1.0,1.0,1.0,0.8055555555555555,0.12,1.0,0.12,1.0,1.0,1.0,0.8055555555555555,0.1,1.0,0.1,1.0,1.0,1.0,0.8055555555555555,0.08571428571428572,1.0,0.08571428571428572,1.0,1.0,1.0,0.8055555555555555,0.075,1.0,0.075,1.0,1.0,1.0,0.8055555555555555,0.06666666666666667,1.0,0.06666666666666667,1.0,1.0,1.0,0.8055555555555555,0.06,1.0,0.06,1.0,1.0,1.0,0.8055555555555555,webtable-cl_optim-v=9-distilroberta-dj_adpt~qwen3_4b-dj_adpt,omnimatch_culture_test,9
recreation_parks_properties_noisy_8.pq::TMA_PropertyID,0.0,0.0,1.0,0.25,0.0,0.0,0.0,0.0,0.0,0.8,1.0,0.0,0.0,0.0,0.0,0.0,0.4,1.0,0.0,0.0,0.0,0.0,0.0,0.26666666666666666,1.0,0.0,0.0,0.0,0.0,0.0,0.2,1.0,0.0,0.0,0.0,0.0,0.0,0.16,1.0,0.0,0.0,0.0,0.0,0.0,0.13333333333333333,1.0,0.0,0.0,0.0,0.0,0.0,0.11428571428571428,1.0,0.0,0.0,0.0,0.0,0.0,0.1,1.0,0.0,0.0,0.0,0.0,0.0,0.08888888888888889,1.0,0.0,0.0,0.0,0.0,0.0,0.08,1.0,0.0,0.0,0.0,webtable-cl_optim-v=9-distilroberta-dj_adpt~qwen3_4b-dj_adpt,omnimatch_culture_test,9
recreation_parks_properties_noisy_8.pq::created_date,1.0,0.3333333333333333,1.0,0.3333333333333333,1.0,1.0,0.3333333333333333,0.6,1.0,0.6,1.0,1.0,1.0,0.8055555555555555,0.3,1.0,0.3,1.0,1.0,1.0,0.8055555555555555,0.2,1.0,0.2,1.0,1.0,1.0,0.8055555555555555,0.15,1.0,0.15,1.0,1.0,1.0,0.8055555555555555,0.12,1.0,0.12,1.0,1.0,1.0,0.8055555555555555,0.1,1.0,0.1,1.0,1.0,1.0,0.8055555555555555,0.08571428571428572,1.0,0.08571428571428572,1.0,1.0,1.0,0.8055555555555555,0.075,1.0,0.075,1.0,1.0,1.0,0.8055555555555555,0.06666666666666667,1.0,0.06666666666666667,1.0,1.0,1.0,0.8055555555555555,0.06,1.0,0.06,1.0,1.0,1.0,0.8055555555555555,webtable-cl_optim-v=9-distilroberta-dj_adpt~qwen3_4b-dj_adpt,omnimatch_culture_test,9
recreation_parks_properties_noisy_8.pq::created_user,1.0,0.3333333333333333,1.0,0.3333333333333333,1.0,1.0,0.3333333333333333,0.6,1.0,0.6,1.0,1.0,1.0,1.0,0.3,1.0,0.3,1.0,1.0,1.0,1.0,0.2,1.0,0.2,1.0,1.0,1.0,1.0,0.15,1.0,0.15,1.0,1.0,1.0,1.0,0.12,1.0,0.12,1.0,1.0,1.0,1.0,0.1,1.0,0.1,1.0,1.0,1.0,1.0,0.08571428571428572,1.0,0.08571428571428572,1.0,1.0,1.0,1.0,0.075,1.0,0.075,1.0,1.0,1.0,1.0,0.06666666666666667,1.0,0.06666666666666667,1.0,1.0,1.0,1.0,0.06,1.0,0.06,1.0,1.0,1.0,1.0,webtable-cl_optim-v=9-distilroberta-dj_adpt~qwen3_4b-dj_adpt,omnimatch_culture_test,9
recreation_parks_properties_noisy_8.pq::last_edited_user,1.0,0.3333333333333333,1.0,0.3333333333333333,1.0,1.0,0.3333333333333333,0.6,1.0,0.6,1.0,1.0,1.0,0.9166666666666666,0.3,1.0,0.3,1.0,1.0,1.0,0.9166666666666666,0.2,1.0,0.2,1.0,1.0,1.0,0.9166666666666666,0.15,1.0,0.15,1.0,1.0,1.0,0.9166666666666666,0.12,1.0,0.12,1.0,1.0,1.0,0.9166666666666666,0.1,1.0,0.1,1.0,1.0,1.0,0.9166666666666666,0.08571428571428572,1.0,0.08571428571428572,1.0,1.0,1.0,0.9166666666666666,0.075,1.0,0.075,1.0,1.0,1.0,0.9166666666666666,0.06666666666666667,1.0,0.06666666666666667,1.0,1.0,1.0,0.9166666666666666,0.06,1.0,0.06,1.0,1.0,1.0,0.9166666666666666,webtable-cl_optim-v=9-distilroberta-dj_adpt~qwen3_4b-dj_adpt,omnimatch_culture_test,9
recreation_parks_properties_noisy_9.pq::City,1.0,0.3333333333333333,1.0,0.3333333333333333,1.0,1.0,0.3333333333333333,0.4,0.6666666666666666,0.6,1.0,1.0,1.0,0.6666666666666666,0.3,1.0,0.3,1.0,1.0,1.0,0.7777777777777778,0.2,1.0,0.2,1.0,1.0,1.0,0.7777777777777778,0.15,1.0,0.15,1.0,1.0,1.0,0.7777777777777778,0.12,1.0,0.12,1.0,1.0,1.0,0.7777777777777778,0.1,1.0,0.1,1.0,1.0,1.0,0.7777777777777778,0.08571428571428572,1.0,0.08571428571428572,1.0,1.0,1.0,0.7777777777777778,0.075,1.0,0.075,1.0,1.0,1.0,0.7777777777777778,0.06666666666666667,1.0,0.06666666666666667,1.0,1.0,1.0,0.7777777777777778,0.06,1.0,0.06,1.0,1.0,1.0,0.7777777777777778,webtable-cl_optim-v=9-distilroberta-dj_adpt~qwen3_4b-dj_adpt,omnimatch_culture_test,9
recreation_parks_properties_noisy_9.pq::Complex,0.0,0.0,1.0,0.5,0.0,0.0,0.0,0.4,1.0,0.4,1.0,1.0,0.3333333333333333,0.41666666666666663,0.2,1.0,0.2,1.0,1.0,0.3333333333333333,0.41666666666666663,0.13333333333333333,1.0,0.13333333333333333,1.0,1.0,0.3333333333333333,0.41666666666666663,0.1,1.0,0.1,1.0,1.0,0.3333333333333333,0.41666666666666663,0.08,1.0,0.08,1.0,1.0,0.3333333333333333,0.41666666666666663,0.06666666666666667,1.0,0.06666666666666667,1.0,1.0,0.3333333333333333,0.41666666666666663,0.05714285714285714,1.0,0.05714285714285714,1.0,1.0,0.3333333333333333,0.41666666666666663,0.05,1.0,0.05,1.0,1.0,0.3333333333333333,0.41666666666666663,0.044444444444444446,1.0,0.044444444444444446,1.0,1.0,0.3333333333333333,0.41666666666666663,0.04,1.0,0.04,1.0,1.0,0.3333333333333333,0.41666666666666663,webtable-cl_optim-v=9-distilroberta-dj_adpt~qwen3_4b-dj_adpt,omnimatch_culture_test,9
recreation_parks_properties_noisy_9.pq::MONS_Neighborhood,0.0,0.0,1.0,0.5,0.0,0.0,0.0,0.0,0.0,0.4,1.0,0.0,0.0,0.0,0.0,0.0,0.2,1.0,0.0,0.0,0.0,0.0,0.0,0.13333333333333333,1.0,0.0,0.0,0.0,0.0,0.0,0.1,1.0,0.0,0.0,0.0,0.0,0.0,0.08,1.0,0.0,0.0,0.0,0.0,0.0,0.06666666666666667,1.0,0.0,0.0,0.0,0.0,0.0,0.05714285714285714,1.0,0.0,0.0,0.0,0.0,0.0,0.05,1.0,0.0,0.0,0.0,0.0,0.0,0.044444444444444446,1.0,0.0,0.0,0.0,0.0,0.0,0.04,1.0,0.0,0.0,0.0,webtable-cl_optim-v=9-distilroberta-dj_adpt~qwen3_4b-dj_adpt,omnimatch_culture_test,9
recreation_parks_properties_noisy_9.pq::OBJECTID,0.0,0.0,1.0,0.25,0.0,0.0,0.0,0.0,0.0,0.8,1.0,0.0,0.0,0.0,0.1,0.25,0.4,1.0,1.0,0.1111111111111111,0.027777777777777776,0.06666666666666667,0.25,0.26666666666666666,1.0,1.0,0.1111111111111111,0.027777777777777776,0.1,0.5,0.2,1.0,1.0,0.1111111111111111,0.05555555555555555,0.08,0.5,0.16,1.0,1.0,0.1111111111111111,0.05555555555555555,0.06666666666666667,0.5,0.13333333333333333,1.0,1.0,0.1111111111111111,0.05555555555555555,0.05714285714285714,0.5,0.11428571428571428,1.0,1.0,0.1111111111111111,0.05555555555555555,0.05,0.5,0.1,1.0,1.0,0.1111111111111111,0.05555555555555555,0.044444444444444446,0.5,0.08888888888888889,1.0,1.0,0.1111111111111111,0.05555555555555555,0.04,0.5,0.08,1.0,1.0,0.1111111111111111,0.05555555555555555,webtable-cl_optim-v=9-distilroberta-dj_adpt~qwen3_4b-dj_adpt,omnimatch_culture_test,9
recreation_parks_properties_noisy_9.pq::Ownership,0.0,0.0,1.0,0.5,0.0,0.0,0.0,0.4,1.0,0.4,1.0,1.0,0.5,0.5,0.2,1.0,0.2,1.0,1.0,0.5,0.5,0.13333333333333333,1.0,0.13333333333333333,1.0,1.0,0.5,0.5,0.1,1.0,0.1,1.0,1.0,0.5,0.5,0.08,1.0,0.08,1.0,1.0,0.5,0.5,0.06666666666666667,1.0,0.06666666666666667,1.0,1.0,0.5,0.5,0.05714285714285714,1.0,0.05714285714285714,1.0,1.0,0.5,0.5,0.05,1.0,0.05,1.0,1.0,0.5,0.5,0.044444444444444446,1.0,0.044444444444444446,1.0,1.0,0.5,0.5,0.04,1.0,0.04,1.0,1.0,0.5,0.5,webtable-cl_optim-v=9-distilroberta-dj_adpt~qwen3_4b-dj_adpt,omnimatch_culture_test,9
recreation_parks_properties_noisy_9.pq::Police_District,1.0,0.5,1.0,0.5,1.0,1.0,0.5,0.4,1.0,0.4,1.0,1.0,1.0,1.0,0.2,1.0,0.2,1.0,1.0,1.0,1.0,0.13333333333333333,1.0,0.13333333333333333,1.0,1.0,1.0,1.0,0.1,1.0,0.1,1.0,1.0,1.0,1.0,0.08,1.0,0.08,1.0,1.0,1.0,1.0,0.06666666666666667,1.0,0.06666666666666667,1.0,1.0,1.0,1.0,0.05714285714285714,1.0,0.05714285714285714,1.0,1.0,1.0,1.0,0.05,1.0,0.05,1.0,1.0,1.0,1.0,0.044444444444444446,1.0,0.044444444444444446,1.0,1.0,1.0,1.0,0.04,1.0,0.04,1.0,1.0,1.0,1.0,webtable-cl_optim-v=9-distilroberta-dj_adpt~qwen3_4b-dj_adpt,omnimatch_culture_test,9
recreation_parks_properties_noisy_9.pq::Realtor_Neighborhood,0.0,0.0,1.0,0.5,0.0,0.0,0.0,0.0,0.0,0.4,1.0,0.0,0.0,0.0,0.1,0.5,0.2,1.0,1.0,0.1,0.05,0.06666666666666667,0.5,0.13333333333333333,1.0,1.0,0.1,0.05,0.05,0.5,0.1,1.0,1.0,0.1,0.05,0.04,0.5,0.08,1.0,1.0,0.1,0.05,0.03333333333333333,0.5,0.06666666666666667,1.0,1.0,0.1,0.05,0.02857142857142857,0.5,0.05714285714285714,1.0,1.0,0.1,0.05,0.025,0.5,0.05,1.0,1.0,0.1,0.05,0.022222222222222223,0.5,0.044444444444444446,1.0,1.0,0.1,0.05,0.04,1.0,0.04,1.0,1.0,0.1,0.07127659574468086,webtable-cl_optim-v=9-distilroberta-dj_adpt~qwen3_4b-dj_adpt,omnimatch_culture_test,9
recreation_parks_properties_noisy_9.pq::State_Assembly,0.0,0.0,1.0,0.5,0.0,0.0,0.0,0.4,1.0,0.4,1.0,1.0,0.5,0.5833333333333333,0.2,1.0,0.2,1.0,1.0,0.5,0.5833333333333333,0.13333333333333333,1.0,0.13333333333333333,1.0,1.0,0.5,0.5833333333333333,0.1,1.0,0.1,1.0,1.0,0.5,0.5833333333333333,0.08,1.0,0.08,1.0,1.0,0.5,0.5833333333333333,0.06666666666666667,1.0,0.06666666666666667,1.0,1.0,0.5,0.5833333333333333,0.05714285714285714,1.0,0.05714285714285714,1.0,1.0,0.5,0.5833333333333333,0.05,1.0,0.05,1.0,1.0,0.5,0.5833333333333333,0.044444444444444446,1.0,0.044444444444444446,1.0,1.0,0.5,0.5833333333333333,0.04,1.0,0.04,1.0,1.0,0.5,0.5833333333333333,webtable-cl_optim-v=9-distilroberta-dj_adpt~qwen3_4b-dj_adpt,omnimatch_culture_test,9
recreation_parks_properties_noisy_9.pq::Zipcode,0.0,0.0,1.0,0.5,0.0,0.0,0.0,0.2,0.5,0.4,1.0,1.0,0.3333333333333333,0.16666666666666666,0.1,0.5,0.2,1.0,1.0,0.3333333333333333,0.16666666666666666,0.13333333333333333,1.0,0.13333333333333333,1.0,1.0,0.3333333333333333,0.23809523809523808,0.1,1.0,0.1,1.0,1.0,0.3333333333333333,0.23809523809523808,0.08,1.0,0.08,1.0,1.0,0.3333333333333333,0.23809523809523808,0.06666666666666667,1.0,0.06666666666666667,1.0,1.0,0.3333333333333333,0.23809523809523808,0.05714285714285714,1.0,0.05714285714285714,1.0,1.0,0.3333333333333333,0.23809523809523808,0.05,1.0,0.05,1.0,1.0,0.3333333333333333,0.23809523809523808,0.044444444444444446,1.0,0.044444444444444446,1.0,1.0,0.3333333333333333,0.23809523809523808,0.04,1.0,0.04,1.0,1.0,0.3333333333333333,0.23809523809523808,webtable-cl_optim-v=9-distilroberta-dj_adpt~qwen3_4b-dj_adpt,omnimatch_culture_test,9
sites_noisy_0.pq::SITE_ID,0.0,0.0,1.0,0.125,0.0,0.0,0.0,0.8,0.5,1.0,0.625,1.0,0.5,0.33958333333333335,0.6,0.75,0.8,1.0,1.0,0.5,0.5508928571428572,0.4,0.75,0.5333333333333333,1.0,1.0,0.5,0.5508928571428572,0.3,0.75,0.4,1.0,1.0,0.5,0.5508928571428572,0.28,0.875,0.32,1.0,1.0,0.5,0.5873511904761904,0.23333333333333334,0.875,0.26666666666666666,1.0,1.0,0.5,0.5873511904761904,0.2,0.875,0.22857142857142856,1.0,1.0,0.5,0.5873511904761904,0.175,0.875,0.2,1.0,1.0,0.5,0.5873511904761904,0.15555555555555556,0.875,0.17777777777777778,1.0,1.0,0.5,0.5873511904761904,0.14,0.875,0.16,1.0,1.0,0.5,0.5873511904761904,webtable-cl_optim-v=9-distilroberta-dj_adpt~qwen3_4b-dj_adpt,omnimatch_culture_test,9
sites_noisy_0.pq::SITE_NAME,0.0,0.0,1.0,0.3333333333333333,0.0,0.0,0.0,0.0,0.0,0.6,1.0,0.0,0.0,0.0,0.0,0.0,0.3,1.0,0.0,0.0,0.0,0.0,0.0,0.2,1.0,0.0,0.0,0.0,0.0,0.0,0.15,1.0,0.0,0.0,0.0,0.0,0.0,0.12,1.0,0.0,0.0,0.0,0.03333333333333333,0.3333333333333333,0.1,1.0,1.0,0.03333333333333333,0.011111111111111112,0.05714285714285714,0.6666666666666666,0.08571428571428572,1.0,1.0,0.03333333333333333,0.03261648745519713,0.05,0.6666666666666666,0.075,1.0,1.0,0.03333333333333333,0.03261648745519713,0.044444444444444446,0.6666666666666666,0.06666666666666667,1.0,1.0,0.03333333333333333,0.03261648745519713,0.06,1.0,0.06,1.0,1.0,0.03333333333333333,0.053893083199877984,webtable-cl_optim-v=9-distilroberta-dj_adpt~qwen3_4b-dj_adpt,omnimatch_culture_test,9
sites_noisy_1.pq::SITE_ID,0.0,0.0,1.0,0.3333333333333333,0.0,0.0,0.0,0.2,0.3333333333333333,0.6,1.0,1.0,0.5,0.16666666666666666,0.3,1.0,0.3,1.0,1.0,0.5,0.373015873015873,0.2,1.0,0.2,1.0,1.0,0.5,0.373015873015873,0.15,1.0,0.15,1.0,1.0,0.5,0.373015873015873,0.12,1.0,0.12,1.0,1.0,0.5,0.373015873015873,0.1,1.0,0.1,1.0,1.0,0.5,0.373015873015873,0.08571428571428572,1.0,0.08571428571428572,1.0,1.0,0.5,0.373015873015873,0.075,1.0,0.075,1.0,1.0,0.5,0.373015873015873,0.06666666666666667,1.0,0.06666666666666667,1.0,1.0,0.5,0.373015873015873,0.06,1.0,0.06,1.0,1.0,0.5,0.373015873015873,webtable-cl_optim-v=9-distilroberta-dj_adpt~qwen3_4b-dj_adpt,omnimatch_culture_test,9
sites_noisy_1.pq::SITE_SQ_FT,0.0,0.0,1.0,0.5,0.0,0.0,0.0,0.4,1.0,0.4,1.0,1.0,0.5,0.5833333333333333,0.2,1.0,0.2,1.0,1.0,0.5,0.5833333333333333,0.13333333333333333,1.0,0.13333333333333333,1.0,1.0,0.5,0.5833333333333333,0.1,1.0,0.1,1.0,1.0,0.5,0.5833333333333333,0.08,1.0,0.08,1.0,1.0,0.5,0.5833333333333333,0.06666666666666667,1.0,0.06666666666666667,1.0,1.0,0.5,0.5833333333333333,0.05714285714285714,1.0,0.05714285714285714,1.0,1.0,0.5,0.5833333333333333,0.05,1.0,0.05,1.0,1.0,0.5,0.5833333333333333,0.044444444444444446,1.0,0.044444444444444446,1.0,1.0,0.5,0.5833333333333333,0.04,1.0,0.04,1.0,1.0,0.5,0.5833333333333333,webtable-cl_optim-v=9-distilroberta-dj_adpt~qwen3_4b-dj_adpt,omnimatch_culture_test,9
sites_noisy_1.pq::TMA_FACILITY_TYPE,1.0,0.5,1.0,0.5,1.0,1.0,0.5,0.4,1.0,0.4,1.0,1.0,1.0,0.7,0.2,1.0,0.2,1.0,1.0,1.0,0.7,0.13333333333333333,1.0,0.13333333333333333,1.0,1.0,1.0,0.7,0.1,1.0,0.1,1.0,1.0,1.0,0.7,0.08,1.0,0.08,1.0,1.0,1.0,0.7,0.06666666666666667,1.0,0.06666666666666667,1.0,1.0,1.0,0.7,0.05714285714285714,1.0,0.05714285714285714,1.0,1.0,1.0,0.7,0.05,1.0,0.05,1.0,1.0,1.0,0.7,0.044444444444444446,1.0,0.044444444444444446,1.0,1.0,1.0,0.7,0.04,1.0,0.04,1.0,1.0,1.0,0.7,webtable-cl_optim-v=9-distilroberta-dj_adpt~qwen3_4b-dj_adpt,omnimatch_culture_test,9
sites_noisy_2.pq::SITE_ID,0.0,0.0,1.0,0.16666666666666666,0.0,0.0,0.0,0.4,0.3333333333333333,1.0,0.8333333333333334,1.0,0.3333333333333333,0.12222222222222223,0.4,0.6666666666666666,0.6,1.0,1.0,0.3333333333333333,0.3007936507936508,0.26666666666666666,0.6666666666666666,0.4,1.0,1.0,0.3333333333333333,0.3007936507936508,0.2,0.6666666666666666,0.3,1.0,1.0,0.3333333333333333,0.3007936507936508,0.16,0.6666666666666666,0.24,1.0,1.0,0.3333333333333333,0.3007936507936508,0.13333333333333333,0.6666666666666666,0.2,1.0,1.0,0.3333333333333333,0.3007936507936508,0.11428571428571428,0.6666666666666666,0.17142857142857143,1.0,1.0,0.3333333333333333,0.3007936507936508,0.1,0.6666666666666666,0.15,1.0,1.0,0.3333333333333333,0.3007936507936508,0.08888888888888889,0.6666666666666666,0.13333333333333333,1.0,1.0,0.3333333333333333,0.3007936507936508,0.08,0.6666666666666666,0.12,1.0,1.0,0.3333333333333333,0.3007936507936508,webtable-cl_optim-v=9-distilroberta-dj_adpt~qwen3_4b-dj_adpt,omnimatch_culture_test,9
sites_noisy_2.pq::SITE_NAME,1.0,1.0,1.0,1.0,1.0,1.0,1.0,0.2,1.0,0.2,1.0,1.0,1.0,1.0,0.1,1.0,0.1,1.0,1.0,1.0,1.0,0.06666666666666667,1.0,0.06666666666666667,1.0,1.0,1.0,1.0,0.05,1.0,0.05,1.0,1.0,1.0,1.0,0.04,1.0,0.04,1.0,1.0,1.0,1.0,0.03333333333333333,1.0,0.03333333333333333,1.0,1.0,1.0,1.0,0.02857142857142857,1.0,0.02857142857142857,1.0,1.0,1.0,1.0,0.025,1.0,0.025,1.0,1.0,1.0,1.0,0.022222222222222223,1.0,0.022222222222222223,1.0,1.0,1.0,1.0,0.02,1.0,0.02,1.0,1.0,1.0,1.0,webtable-cl_optim-v=9-distilroberta-dj_adpt~qwen3_4b-dj_adpt,omnimatch_culture_test,9
sites_noisy_4.pq::SITE_ID,0.0,0.0,1.0,0.1111111111111111,0.0,0.0,0.0,0.8,0.4444444444444444,1.0,0.5555555555555556,1.0,0.5,0.30185185185185187,0.6,0.6666666666666666,0.9,1.0,1.0,0.5,0.47777777777777775,0.4666666666666667,0.7777777777777778,0.6,1.0,1.0,0.5,0.5484848484848485,0.35,0.7777777777777778,0.45,1.0,1.0,0.5,0.5484848484848485,0.28,0.7777777777777778,0.36,1.0,1.0,0.5,0.5484848484848485,0.23333333333333334,0.7777777777777778,0.3,1.0,1.0,0.5,0.5484848484848485,0.2,0.7777777777777778,0.2571428571428571,1.0,1.0,0.5,0.5484848484848485,0.175,0.7777777777777778,0.225,1.0,1.0,0.5,0.5484848484848485,0.17777777777777778,0.8888888888888888,0.2,1.0,1.0,0.5,0.5701650652870165,0.16,0.8888888888888888,0.18,1.0,1.0,0.5,0.5701650652870165,webtable-cl_optim-v=9-distilroberta-dj_adpt~qwen3_4b-dj_adpt,omnimatch_culture_test,9
sites_noisy_4.pq::SITE_NAME,1.0,0.25,1.0,0.25,1.0,1.0,0.25,0.8,1.0,0.8,1.0,1.0,1.0,1.0,0.4,1.0,0.4,1.0,1.0,1.0,1.0,0.26666666666666666,1.0,0.26666666666666666,1.0,1.0,1.0,1.0,0.2,1.0,0.2,1.0,1.0,1.0,1.0,0.16,1.0,0.16,1.0,1.0,1.0,1.0,0.13333333333333333,1.0,0.13333333333333333,1.0,1.0,1.0,1.0,0.11428571428571428,1.0,0.11428571428571428,1.0,1.0,1.0,1.0,0.1,1.0,0.1,1.0,1.0,1.0,1.0,0.08888888888888889,1.0,0.08888888888888889,1.0,1.0,1.0,1.0,0.08,1.0,0.08,1.0,1.0,1.0,1.0,webtable-cl_optim-v=9-distilroberta-dj_adpt~qwen3_4b-dj_adpt,omnimatch_culture_test,9
sites_noisy_5.pq::SITE_ID,0.0,0.0,1.0,1.0,0.0,0.0,0.0,0.0,0.0,0.2,1.0,0.0,0.0,0.0,0.1,1.0,0.1,1.0,1.0,0.1111111111111111,0.1111111111111111,0.06666666666666667,1.0,0.06666666666666667,1.0,1.0,0.1111111111111111,0.1111111111111111,0.05,1.0,0.05,1.0,1.0,0.1111111111111111,0.1111111111111111,0.04,1.0,0.04,1.0,1.0,0.1111111111111111,0.1111111111111111,0.03333333333333333,1.0,0.03333333333333333,1.0,1.0,0.1111111111111111,0.1111111111111111,0.02857142857142857,1.0,0.02857142857142857,1.0,1.0,0.1111111111111111,0.1111111111111111,0.025,1.0,0.025,1.0,1.0,0.1111111111111111,0.1111111111111111,0.022222222222222223,1.0,0.022222222222222223,1.0,1.0,0.1111111111111111,0.1111111111111111,0.02,1.0,0.02,1.0,1.0,0.1111111111111111,0.1111111111111111,webtable-cl_optim-v=9-distilroberta-dj_adpt~qwen3_4b-dj_adpt,omnimatch_culture_test,9
sites_noisy_5.pq::SITE_SQ_FT,0.0,0.0,1.0,1.0,0.0,0.0,0.0,0.2,1.0,0.2,1.0,1.0,0.25,0.25,0.1,1.0,0.1,1.0,1.0,0.25,0.25,0.06666666666666667,1.0,0.06666666666666667,1.0,1.0,0.25,0.25,0.05,1.0,0.05,1.0,1.0,0.25,0.25,0.04,1.0,0.04,1.0,1.0,0.25,0.25,0.03333333333333333,1.0,0.03333333333333333,1.0,1.0,0.25,0.25,0.02857142857142857,1.0,0.02857142857142857,1.0,1.0,0.25,0.25,0.025,1.0,0.025,1.0,1.0,0.25,0.25,0.022222222222222223,1.0,0.022222222222222223,1.0,1.0,0.25,0.25,0.02,1.0,0.02,1.0,1.0,0.25,0.25,webtable-cl_optim-v=9-distilroberta-dj_adpt~qwen3_4b-dj_adpt,omnimatch_culture_test,9
sites_noisy_5.pq::TMA_FACILITY_TYPE,0.0,0.0,1.0,1.0,0.0,0.0,0.0,0.2,1.0,0.2,1.0,1.0,0.2,0.2,0.1,1.0,0.1,1.0,1.0,0.2,0.2,0.06666666666666667,1.0,0.06666666666666667,1.0,1.0,0.2,0.2,0.05,1.0,0.05,1.0,1.0,0.2,0.2,0.04,1.0,0.04,1.0,1.0,0.2,0.2,0.03333333333333333,1.0,0.03333333333333333,1.0,1.0,0.2,0.2,0.02857142857142857,1.0,0.02857142857142857,1.0,1.0,0.2,0.2,0.025,1.0,0.025,1.0,1.0,0.2,0.2,0.022222222222222223,1.0,0.022222222222222223,1.0,1.0,0.2,0.2,0.02,1.0,0.02,1.0,1.0,0.2,0.2,webtable-cl_optim-v=9-distilroberta-dj_adpt~qwen3_4b-dj_adpt,omnimatch_culture_test,9
sites_noisy_6.pq::SITE_ID,0.0,0.0,1.0,0.5,0.0,0.0,0.0,0.0,0.0,0.4,1.0,0.0,0.0,0.0,0.1,0.5,0.2,1.0,1.0,0.125,0.0625,0.06666666666666667,0.5,0.13333333333333333,1.0,1.0,0.125,0.0625,0.05,0.5,0.1,1.0,1.0,0.125,0.0625,0.04,0.5,0.08,1.0,1.0,0.125,0.0625,0.06666666666666667,1.0,0.06666666666666667,1.0,1.0,0.125,0.10096153846153846,0.05714285714285714,1.0,0.05714285714285714,1.0,1.0,0.125,0.10096153846153846,0.05,1.0,0.05,1.0,1.0,0.125,0.10096153846153846,0.044444444444444446,1.0,0.044444444444444446,1.0,1.0,0.125,0.10096153846153846,0.04,1.0,0.04,1.0,1.0,0.125,0.10096153846153846,webtable-cl_optim-v=9-distilroberta-dj_adpt~qwen3_4b-dj_adpt,omnimatch_culture_test,9
sites_noisy_7.pq::SITE_ID,1.0,0.2,1.0,0.2,1.0,1.0,0.2,0.2,0.2,1.0,1.0,1.0,1.0,0.2,0.3,0.6,0.5,1.0,1.0,1.0,0.3238095238095238,0.26666666666666666,0.8,0.3333333333333333,1.0,1.0,1.0,0.3965367965367965,0.2,0.8,0.25,1.0,1.0,1.0,0.3965367965367965,0.2,1.0,0.2,1.0,1.0,1.0,0.43820346320346315,0.16666666666666666,1.0,0.16666666666666666,1.0,1.0,1.0,0.43820346320346315,0.14285714285714285,1.0,0.14285714285714285,1.0,1.0,1.0,0.43820346320346315,0.125,1.0,0.125,1.0,1.0,1.0,0.43820346320346315,0.1111111111111111,1.0,0.1111111111111111,1.0,1.0,1.0,0.43820346320346315,0.1,1.0,0.1,1.0,1.0,1.0,0.43820346320346315,webtable-cl_optim-v=9-distilroberta-dj_adpt~qwen3_4b-dj_adpt,omnimatch_culture_test,9
sites_noisy_7.pq::SITE_SQ_FT,1.0,0.25,1.0,0.25,1.0,1.0,0.25,0.6,0.75,0.8,1.0,1.0,1.0,0.75,0.3,0.75,0.4,1.0,1.0,1.0,0.75,0.2,0.75,0.26666666666666666,1.0,1.0,1.0,0.75,0.15,0.75,0.2,1.0,1.0,1.0,0.75,0.16,1.0,0.16,1.0,1.0,1.0,0.7934782608695652,0.13333333333333333,1.0,0.13333333333333333,1.0,1.0,1.0,0.7934782608695652,0.11428571428571428,1.0,0.11428571428571428,1.0,1.0,1.0,0.7934782608695652,0.1,1.0,0.1,1.0,1.0,1.0,0.7934782608695652,0.08888888888888889,1.0,0.08888888888888889,1.0,1.0,1.0,0.7934782608695652,0.08,1.0,0.08,1.0,1.0,1.0,0.7934782608695652,webtable-cl_optim-v=9-distilroberta-dj_adpt~qwen3_4b-dj_adpt,omnimatch_culture_test,9
sites_noisy_7.pq::TMA_FACILITY_TYPE,0.0,0.0,1.0,0.25,0.0,0.0,0.0,0.6,0.75,0.8,1.0,1.0,0.5,0.4,0.4,1.0,0.4,1.0,1.0,0.5,0.5666666666666667,0.26666666666666666,1.0,0.26666666666666666,1.0,1.0,0.5,0.5666666666666667,0.2,1.0,0.2,1.0,1.0,0.5,0.5666666666666667,0.16,1.0,0.16,1.0,1.0,0.5,0.5666666666666667,0.13333333333333333,1.0,0.13333333333333333,1.0,1.0,0.5,0.5666666666666667,0.11428571428571428,1.0,0.11428571428571428,1.0,1.0,0.5,0.5666666666666667,0.1,1.0,0.1,1.0,1.0,0.5,0.5666666666666667,0.08888888888888889,1.0,0.08888888888888889,1.0,1.0,0.5,0.5666666666666667,0.08,1.0,0.08,1.0,1.0,0.5,0.5666666666666667,webtable-cl_optim-v=9-distilroberta-dj_adpt~qwen3_4b-dj_adpt,omnimatch_culture_test,9
sites_noisy_8.pq::SITE_ID,0.0,0.0,1.0,0.14285714285714285,0.0,0.0,0.0,0.6,0.42857142857142855,1.0,0.7142857142857143,1.0,0.3333333333333333,0.20476190476190476,0.4,0.5714285714285714,0.7,1.0,1.0,0.3333333333333333,0.2761904761904762,0.3333333333333333,0.7142857142857143,0.4666666666666667,1.0,1.0,0.3333333333333333,0.3411255411255411,0.25,0.7142857142857143,0.35,1.0,1.0,0.3333333333333333,0.3411255411255411,0.2,0.7142857142857143,0.28,1.0,1.0,0.3333333333333333,0.3411255411255411,0.16666666666666666,0.7142857142857143,0.23333333333333334,1.0,1.0,0.3333333333333333,0.3411255411255411,0.14285714285714285,0.7142857142857143,0.2,1.0,1.0,0.3333333333333333,0.3411255411255411,0.125,0.7142857142857143,0.175,1.0,1.0,0.3333333333333333,0.3411255411255411,0.1111111111111111,0.7142857142857143,0.15555555555555556,1.0,1.0,0.3333333333333333,0.3411255411255411,0.12,0.8571428571428571,0.14,1.0,1.0,0.3333333333333333,0.35975908149821195,webtable-cl_optim-v=9-distilroberta-dj_adpt~qwen3_4b-dj_adpt,omnimatch_culture_test,9
sites_noisy_8.pq::SITE_NAME,1.0,0.5,1.0,0.5,1.0,1.0,0.5,0.4,1.0,0.4,1.0,1.0,1.0,0.75,0.2,1.0,0.2,1.0,1.0,1.0,0.75,0.13333333333333333,1.0,0.13333333333333333,1.0,1.0,1.0,0.75,0.1,1.0,0.1,1.0,1.0,1.0,0.75,0.08,1.0,0.08,1.0,1.0,1.0,0.75,0.06666666666666667,1.0,0.06666666666666667,1.0,1.0,1.0,0.75,0.05714285714285714,1.0,0.05714285714285714,1.0,1.0,1.0,0.75,0.05,1.0,0.05,1.0,1.0,1.0,0.75,0.044444444444444446,1.0,0.044444444444444446,1.0,1.0,1.0,0.75,0.04,1.0,0.04,1.0,1.0,1.0,0.75,webtable-cl_optim-v=9-distilroberta-dj_adpt~qwen3_4b-dj_adpt,omnimatch_culture_test,9
sites_noisy_9.pq::SITE_ID,0.0,0.0,1.0,0.25,0.0,0.0,0.0,0.2,0.25,0.8,1.0,1.0,0.5,0.125,0.2,0.5,0.4,1.0,1.0,0.5,0.1875,0.13333333333333333,0.5,0.26666666666666666,1.0,1.0,0.5,0.1875,0.1,0.5,0.2,1.0,1.0,0.5,0.1875,0.08,0.5,0.16,1.0,1.0,0.5,0.1875,0.06666666666666667,0.5,0.13333333333333333,1.0,1.0,0.5,0.1875,0.05714285714285714,0.5,0.11428571428571428,1.0,1.0,0.5,0.1875,0.05,0.5,0.1,1.0,1.0,0.5,0.1875,0.044444444444444446,0.5,0.08888888888888889,1.0,1.0,0.5,0.1875,0.04,0.5,0.08,1.0,1.0,0.5,0.1875,webtable-cl_optim-v=9-distilroberta-dj_adpt~qwen3_4b-dj_adpt,omnimatch_culture_test,9
sites_noisy_9.pq::SITE_SQ_FT,1.0,0.3333333333333333,1.0,0.3333333333333333,1.0,1.0,0.3333333333333333,0.2,0.3333333333333333,0.6,1.0,1.0,1.0,0.3333333333333333,0.1,0.3333333333333333,0.3,1.0,1.0,1.0,0.3333333333333333,0.06666666666666667,0.3333333333333333,0.2,1.0,1.0,1.0,0.3333333333333333,0.05,0.3333333333333333,0.15,1.0,1.0,1.0,0.3333333333333333,0.08,0.6666666666666666,0.12,1.0,1.0,1.0,0.36000000000000004,0.06666666666666667,0.6666666666666666,0.1,1.0,1.0,1.0,0.36000000000000004,0.05714285714285714,0.6666666666666666,0.08571428571428572,1.0,1.0,1.0,0.36000000000000004,0.05,0.6666666666666666,0.075,1.0,1.0,1.0,0.36000000000000004,0.044444444444444446,0.6666666666666666,0.06666666666666667,1.0,1.0,1.0,0.36000000000000004,0.04,0.6666666666666666,0.06,1.0,1.0,1.0,0.36000000000000004,webtable-cl_optim-v=9-distilroberta-dj_adpt~qwen3_4b-dj_adpt,omnimatch_culture_test,9
sites_noisy_9.pq::TMA_FACILITY_TYPE,0.0,0.0,1.0,0.3333333333333333,0.0,0.0,0.0,0.4,0.6666666666666666,0.6,1.0,1.0,0.3333333333333333,0.27777777777777773,0.3,1.0,0.3,1.0,1.0,0.3333333333333333,0.4444444444444444,0.2,1.0,0.2,1.0,1.0,0.3333333333333333,0.4444444444444444,0.15,1.0,0.15,1.0,1.0,0.3333333333333333,0.4444444444444444,0.12,1.0,0.12,1.0,1.0,0.3333333333333333,0.4444444444444444,0.1,1.0,0.1,1.0,1.0,0.3333333333333333,0.4444444444444444,0.08571428571428572,1.0,0.08571428571428572,1.0,1.0,0.3333333333333333,0.4444444444444444,0.075,1.0,0.075,1.0,1.0,0.3333333333333333,0.4444444444444444,0.06666666666666667,1.0,0.06666666666666667,1.0,1.0,0.3333333333333333,0.4444444444444444,0.06,1.0,0.06,1.0,1.0,0.3333333333333333,0.4444444444444444,webtable-cl_optim-v=9-distilroberta-dj_adpt~qwen3_4b-dj_adpt,omnimatch_culture_test,9
